0.005764428075867878,-0.012903669029129455,-0.022494579249804872,5.764428075867878e-05,-0.00012903669029129455,5.764428075867879e-07,-1.2903669029129454e-06
-0.002825840843030414,0.022004838070893436,0.034030549075517634,2.9385872328374642e-05,9.101169041763981e-05,8.703015308705343e-07,-3.802499987365473e-07
-0.0022192532180971714,-0.0020386558422827404,0.04170674708879367,7.193340147402927e-06,7.06251319948124e-05,9.422349323445636e-07,3.260013212115767e-07
0.00112250805145344,-0.008098722823285252,-0.05061820428070358,1.8418420661937327e-05,-1.0362096238040113e-05,1.126419138963937e-06,2.2238035883117558e-07
-0.006843738259678006,-0.009256159124498349,0.014725763028368036,-5.001896193484273e-05,-0.0001029236874830236,6.262295196155097e-07,-8.068565159990605e-07
0.0009461591935912324,-0.005072858463782692,-0.007457930594887703,-4.0557369998930404e-05,-0.00015365227212085054,2.2065581962620563e-07,-2.3433792372075657e-06
0.01336980828491649,-0.023123117104203846,0.008588315301199368,9.314071285023451e-05,-0.000384883443162889,1.1520629481285506e-06,-6.192213668836456e-06
-0.00910652005261309,-0.02489113131340503,-0.005712020555976492,2.0755123241036015e-06,-0.0006337947562969394,1.1728180713695866e-06,-1.253016123180585e-05
-0.0032611148675974473,-0.014674842685954063,0.011090863399162636,-3.0535636351870874e-05,-0.00078054318315648,8.674617078508778e-07,-2.033559306337065e-05
0.0015396903204699984,-0.0014679030048676152,-0.00924130539003426,-1.5138733147170889e-05,-0.0007952222132051562,7.160743763791689e-07,-2.8287815195422215e-05
-0.00960026120466922,-0.027305797479575792,-0.029690992232179966,-0.00011114134519386309,-0.0010682801880009141,-3.95339075559462e-07,-3.8970617075431356e-05
0.0024473155222705725,0.00036573344588388757,0.0602758244733969,-8.666818997115737e-05,-0.0010646228535420752,-1.2620209752710356e-06,-4.9616845610852107e-05
0.003971944596810898,-0.01470183795870908,-0.0183010627227572,-4.6948744003048384e-05,-0.001211641233129166,-1.7315084153015196e-06,-6.173325794214376e-05
0.00454221592053105,-0.00748802468641182,-0.01587289742482445,-1.5265847977378823e-06,-0.0012865214799932842,-1.7467742632788984e-06,-7.45984727420766e-05
-0.00036503310365449575,-0.01827835121116959,0.030238378101229455,-5.17691583428284e-06,-0.00146930499210498,-1.7985434216217267e-06,-8.92915226631264e-05
-0.006800294359472009,0.005764220947219055,-0.0031820303644754197,-7.317985942900294e-05,-0.0014116627826327895,-2.530342015911756e-06,-0.0001034081504894543
0.009017373097611999,0.009964399111558718,0.04411455841404007,1.6993871547117047e-05,-0.0013120187915172023,-2.360403300440586e-06,-0.00011652833840462632
-0.007464164767650845,-0.009852848502693213,0.021916393061174197,-5.764777612939141e-05,-0.0014105472765441344,-2.9368810617345e-06,-0.00013063381117006767
-0.00557189131377123,-0.006864390280369259,-0.008039469937223502,-0.0001133666892671037,-0.001479191179347827,-4.070547954405537e-06,-0.00014542572296354593
0.010858314200839271,-0.008076792117555487,0.03683258912129469,-4.783547258710989e-06,-0.001559959100523382,-4.1183834269926464e-06,-0.00016102531396877976
0.007252768364263399,-0.005660508543892559,0.047644572995561026,6.7744136383923e-05,-0.0016165641859623076,-3.4409420631534165e-06,-0.00017719095582840284
-0.002726793775051473,0.008169719212268278,0.015389419297536825,4.0476198633408275e-05,-0.001534866993839625,-3.0361800768193337e-06,-0.0001925396257667991
0.008946484711253568,0.02139212295988405,0.056751972070864264,0.00012994104574594393,-0.0013209457642407844,-1.7367696193598944e-06,-0.00020574908340920692
-0.0026812970114900143,-0.025492748281437386,0.01942776998037733,0.00010312807563104379,-0.0015758732470551582,-7.054888630494566e-07,-0.0002215078158797585
0.0014570266811932795,-0.017084684742870216,0.01885101706361565,0.00011769834244297659,-0.0017467200944838604,4.7149456138030924e-07,-0.0002389750168245971
-0.002678673509544492,-0.005058383145250609,0.009335422379859269,9.091160734753167e-05,-0.0017973039259363665,1.3806106348556259e-06,-0.0002569480560839608
-0.006192163498100215,-0.006259058179964891,-0.0014425074103298545,2.8989972366529515e-05,-0.0018598945077360155,1.670510358520921e-06,-0.00027554700116132094
0.007051280304448027,-0.004503468818554961,-0.051823675311449796,9.950277541100979e-05,-0.001904929195921565,2.6655381126310187e-06,-0.0002945962931205366
0.00910096267875185,0.03279330972115666,0.01246023092491152,0.00019051240219852827,-0.0015769960987099985,4.570662134616301e-06,-0.0003103662541076366
-0.00497111774239715,0.006957049402243095,-0.016367154185335523,0.00014080122477455676,-0.0015074256046875676,5.978674382361869e-06,-0.00032544051015451225
-0.003179377170183846,-0.006270189819546795,-0.013439454019012196,0.00010900745307271831,-0.0015701275028830355,7.0687489130890524e-06,-0.0003411417851833426
0.015120613613366921,0.0051248317719691855,0.00271994460462504,0.0002602135892063875,-0.0015188791851633437,9.670884805152927e-06,-0.00035633057703497603
0.014481826180697379,0.009338463010238808,0.01232993870243498,0.00040503185101336127,-0.0014254945550609558,1.3721203315286539e-05,-0.0003705855225855856
-0.026653275075120133,0.07501999654193944,0.185980213175617,0.00013849910026215995,-0.0006752945896415614,1.5106194317908138e-05,-0.0003773384684820012
0.040602483441702926,-0.54852847635346,0.11330666354259708,0.0005445239346791892,-0.006160579353176161,2.055143366470003e-05,-0.0004389442620137628
0.19619977588085763,0.7628559992885634,0.05285281892216548,0.0025065216934877657,0.0014679806397094727,4.561665059957769e-05,-0.0004242644556166681
-0.4084558677660487,0.5783772313019914,0.371410147763242,-0.0015780369841727213,0.007251752952729386,2.9836280757850477e-05,-0.00035174692608937424
0.2346752586732586,-0.20138062706376747,0.21661323516386743,0.000768715602559865,0.0052379466820917115,3.752343678344913e-05,-0.0002993674592684571
-0.3447040515090868,0.18474469052225534,-0.4204734373012271,-0.0026783249125310027,0.007085393587314265,1.0740187658139105e-05,-0.00022851352339531446
-0.46917294306321816,0.23727492761693753,0.8854194015665532,-0.0073700543431631845,0.00945814286348364,-6.296035577349275e-05,-0.00013393209476047807
0.888982322758099,0.15720037611316096,0.9083907451234318,0.0015197688844178058,0.01103014662461525,-4.7762666929314686e-05,-2.3630628514325575e-05
-0.3893011034416419,-0.43968669007132066,-0.2524079991201031,-0.0023732421499986136,0.006633279723902043,-7.149508842930082e-05,4.270216872469486e-05
0.8515815713550319,0.34640722935494017,1.72978216891835,0.006142573563551705,0.010097352017451445,-1.0069352793783771e-05,0.0001436756888992093
-0.6051485512359503,-0.7116009847840696,-4.179051377174577,9.108805119220197e-05,0.0029813421696107487,-9.158472281861752e-06,0.0001734891105953168
-0.41470416054395365,-0.49310770178109403,-2.7999385501844194,-0.004055953554247335,-0.0019497348482001913,-4.97180078243351e-05,0.00015399176211331486
-0.113262413642298,0.7619276851480279,3.3211592221570783,-0.005188577690670315,0.005669542003280088,-0.00010160378473103826,0.00021068718214611575
0.3157254598054781,-0.17269505521361103,-2.443619061910978,-0.002031323092615534,0.003942591451143977,-0.00012191701565719359,0.0002501130966575555
-0.032020226719279746,0.3460421558400245,1.2670957838355705,-0.0023515253598083313,0.007403013009544222,-0.0001454322692552769,0.0003241432267529977
-0.05230269611731132,0.4978256707984437,1.8263758546374314,-0.0028745523209814444,0.012381269717528658,-0.00017417779246509135,0.0004479559239282843
-0.3852047402280919,-0.4161107393762723,0.05030299395535349,-0.006726599723262364,0.008220162323765936,-0.00024144378969771497,0.0005301575471659437
-0.45037011321046766,-0.2698119764434882,0.26457250761370465,-0.01123030085536704,0.005522042559331053,-0.0003537467982513854,0.0005853779727592542
-0.293344361645655,-0.11075070797930876,0.3749445109218606,-0.01416374447182359,0.004414535479537966,-0.0004953842429696213,0.0006295233275546339
-0.17402378461048293,0.332703060089662,0.44064465720094714,-0.01590398231792842,0.007741566080434586,-0.0006544240661489055,0.0007069389883589798
0.6461988971809264,0.8481827358903792,0.49609125825381983,-0.009441993346119157,0.016223393439338377,-0.0007488439996100971,0.0008691729227523635
0.2852129621904632,-0.17398037257990387,-0.12802636861426517,-0.006589863724214525,0.014483589713539339,-0.0008147426368522423,0.001014008819887757
0.004560500281559502,0.310311859186328,-0.4668274232446156,-0.00654425872139893,0.01758670830540262,-0.0008801852240662316,0.0011898759029417832
-0.0494041930273594,-0.06129290808612191,-0.8955966523893484,-0.007038300651672524,0.0169737792245414,-0.0009505682305829569,0.0013596136951871973
-0.10728628317155715,-0.24376739057029068,0.7768756525225313,-0.008111163483388096,0.014536105318838494,-0.0010316798654168378,0.0015049747483755823
-0.2180300485488365,0.22621247766500346,0.07059301564147535,-0.010291463968876462,0.016798230095488528,-0.0011345945051056024,0.0016729570493304675
0.18887625644238965,-0.22873784798083469,-0.6360543813219793,-0.008402701404452565,0.01451085161568018,-0.001218621519150128,0.0018180655654872694
0.10009496593197532,0.19574493369002824,0.47187355268580244,-0.007401751745132812,0.016468300952580464,-0.0012926390366014562,0.001982748575013074
-0.1311653572052796,-0.11309465144768444,-0.14286081142497767,-0.008713405317185608,0.01533735443810362,-0.0013797730897733122,0.0021361221193941103
0.1147294088891738,0.27821701485581746,0.7820066469041591,-0.00756611122829387,0.018119524586661793,-0.0014554342020562509,0.002317317365260728
-0.0717552069771572,0.16512318749639124,-0.14779962023248508,-0.008283663298065442,0.019770756461625707,-0.0015382708350369053,0.002515024929876985
0.26776755593121243,-0.11601511574920272,0.35710017206170813,-0.005605987738753318,0.01861060530413368,-0.0015943307124244384,0.0027011309829183218
-0.3068091223017929,-0.09072358080756847,-0.57770599331557,-0.008674078961771248,0.017703369496057993,-0.0016810715020421508,0.0028781646778789018
0.45865930215536743,0.269903846002533,1.0963966631336548,-0.004087485940217573,0.020402407956083324,-0.0017219463614443265,0.003082188757439735
-0.2720250491073167,-0.26166044844776076,-0.8962369184578611,-0.00680773643129074,0.017785803471605716,-0.001790023725757234,0.0032600467921557923
-0.1573877245143511,-0.1444213402704509,-0.39578224047510374,-0.008381613676434252,0.016341590068901207,-0.0018738398625215765,0.0034234626928448045
-0.22027672924159608,-0.27432744678452736,-0.7790505046270844,-0.010584380968850213,0.013598315601055934,-0.0019796836722100787,0.0035594458488553637
0.2976316717288778,0.36180161875907535,1.5816544698262625,-0.007608064251561434,0.017216331788646688,-0.002055764314725693,0.0037316091667418307
0.07018742298240638,0.0918538774178073,0.5841687133175263,-0.00690619002173737,0.01813487056282476,-0.0021248262149430666,0.003912957872370078
0.22547253902726794,0.10793993821585415,0.9006233573886326,-0.0046514646314646906,0.019214269944983303,-0.0021713408612577135,0.004105100571819911
-0.17805430426562904,0.04559777154460976,-0.3564666030172566,-0.006432007674120981,0.0196702476604294,-0.0022356609379989233,0.0043018030484242055
-0.031153250843793362,-0.1918015150411841,-0.9514053756669855,-0.006743540182558915,0.01775223251001756,-0.0023030963398245124,0.004479325373524381
-0.3411802804554513,0.3314771860376287,1.0189768778708184,-0.010155342987113429,0.021067004370393848,-0.0024046497696956467,0.004689995417228319
0.03766493407724119,0.05699316937477686,1.7748336178479305,-0.009778693646341017,0.021636936064141618,-0.002502436706159057,0.0049063647778697355
-0.02564034372545964,0.8243387357927215,2.1316006997186854,-0.010035097083595613,0.02988032342206883,-0.002602787676995013,0.005205168012090424
-0.20799501124663158,0.3215039326249486,0.7876902754507383,-0.01211504719606193,0.03309536274831832,-0.0027239381489556325,0.005536121639573607
0.125026598995224,0.3454183372026551,0.5467746241499057,-0.010864781206109689,0.03654954612034487,-0.0028325859610167296,0.0059016171007770565
-0.27605908829858855,-0.09442804391277942,0.6452100632648821,-0.013625372089095575,0.03560526568121707,-0.0029688396819076853,0.006257669757589227
0.39085139995959417,0.6576426615484245,0.8180202093913799,-0.009716858089499633,0.042181692296701316,-0.003066008262802682,0.00667948668055624
0.05506200234305337,-0.0643658866166781,-0.6167803989919267,-0.0091662380660691,0.041538033430534534,-0.003157670643463373,0.007094867014861585
0.017262894959212658,0.015708441177630286,0.8051475371154965,-0.008993609116476974,0.041695117842310836,-0.0032476067346281427,0.007511818193284694
0.13031282501795988,-0.2030592998462501,0.06361565729555368,-0.0076904808662973745,0.03966452484384834,-0.0033245115432911166,0.007908463441723176
0.10208928559627688,-0.16122077407528798,0.7320789093837503,-0.006669588010334605,0.03805231710309546,-0.0033912074233944625,0.00828898661275413
-0.05795185905009533,0.20366372488252082,-1.255677135868405,-0.007249106600835558,0.04008895435192067,-0.003463698489402818,0.008689876156273337
0.2709364675418021,-0.7202757315422904,0.13496102347850947,-0.004539741925417538,0.03288619703649777,-0.0035090959086569932,0.009018738126638315
0.06418084050891895,0.636517808764416,-0.696859991734736,-0.0038979335203283482,0.03925137512414193,-0.0035480752438602765,0.009411251877879733
-0.31344018078352026,-0.5652807242088045,1.4665353743322518,-0.007032335328163551,0.033598567882053884,-0.003618398597141912,0.009747237556700272
0.06974391118565655,-0.18538772211831847,-0.973950343333119,-0.006334896216306986,0.0317446906608707,-0.0036817475593049816,0.010064684463308979
0.1540333883322195,0.029422542784405287,-0.19307515666340042,-0.004794562332984791,0.03203891608871475,-0.0037296931826348296,0.010385073624196127
-0.09576893018460364,0.1626090645269856,0.8260552445695293,-0.0057522516348308276,0.033665006733984607,-0.003787215698983138,0.010721723691535973
0.11393595207983526,-0.46096144793810945,-0.025005027761287286,-0.004612892114032475,0.02905539225460351,-0.003833344620123463,0.011012277614082008
-0.04235903516057064,0.09216845360457773,-0.4988128586913244,-0.005036482465638181,0.029977076790649287,-0.0038837094447798444,0.011312048381988501
0.22871265126042575,-0.10827643041770046,0.03190273706666776,-0.0027493559530339232,0.028894312486472284,-0.0039112030043101835,0.011600991506853224
0.013877036605661135,0.26058474718815905,1.2479395767645403,-0.0026105855869773117,0.031500159958353875,-0.003937308860179956,0.011915993106436764
-0.09551868183486686,-0.49476493135307853,-1.1814650429104434,-0.0035657724053259803,0.02655251064482309,-0.003972966584233216,0.012181518212884995
-0.07809974507130538,0.20366578612002748,1.2875926901238135,-0.004346769856039034,0.028589168506023364,-0.004016434282793606,0.012467409897945229
0.2798920193293965,-0.1924153014453956,-1.02276119757589,-0.0015478496627450693,0.026665015491569407,-0.004031912779421057,0.012734060052860922
0.24755274967501342,-0.29790931262110326,-1.7937486817599142,0.0009276778340050647,0.023685922365358374,-0.004022636001081006,0.012970919276514507
-0.47929660998928825,0.3109492050686809,0.26258837330989687,-0.0038652882658878175,0.02679541441604518,-0.004061288883739885,0.013238873420674958
0.14664556976809343,0.00669773304304572,0.03575991777316046,-0.0023988325682068835,0.026862391746475638,-0.004085277209421954,0.013507497338139714
0.0259764421507897,-0.1405693694823224,-0.42525992508332894,-0.0021390681466989863,0.025456698051652415,-0.004106667890888944,0.013762064318656238
0.022885785787014612,0.07549194994699017,0.10608529080436456,-0.0019102102888288403,0.026211617551122317,-0.004125769993777232,0.014024180494167461
-0.07294492862207978,0.14690656497712676,0.7605737557528663,-0.002639659575049638,0.027680683200893584,-0.004152166589527728,0.014300987326176398
0.25156244640500497,-0.22795839693940642,0.007885792203617207,-0.0001240351109995882,0.02540109923149952,-0.004153406940637724,0.014554998318491393
-0.31912140475239187,0.21348523448807508,0.744487148840529,-0.003315249158523507,0.027535951576380273,-0.004186559432222959,0.014830357834255195
0.3977377755451592,-0.17752118323680477,-0.8361984891605388,0.0006621285969280848,0.025760739744012225,-0.004179938146253679,0.015087965231695318
0.3824266353727322,-0.17202723758944075,-0.7162631896106805,0.004486394950655406,0.024040467368117817,-0.0041350741967471245,0.015328369905376496
-0.48356363720833145,0.2425230392885634,0.473221661830535,-0.00034924142142790833,0.02646569776100345,-0.004138566610961404,0.01559302688298653
0.39494076357903424,-0.3444815199729,-0.5019847993520404,0.003600166214362434,0.02302088256127445,-0.004102564948817779,0.015823235708599274
-0.2043178843617609,-0.056970522344151966,0.03326988903126719,0.0015569873707448252,0.02245117733783293,-0.004086995075110331,0.016047747481977605
0.24269063014804307,0.01634433773366905,0.48844940741991394,0.003983893672225256,0.02261462071516962,-0.0040471561383880784,0.0162738936891293
0.13242047924852374,-0.0932521246635233,-0.36973561190716303,0.005308098464710493,0.021682099468534388,-0.003994075153740974,0.016490714683814644
-0.04319980831689933,-0.04476506475355152,-0.22319353442184964,0.004876100381541499,0.021234448820998873,-0.003945314149925559,0.016703059172024633
0.13545963338600753,-0.08143463252649727,0.5052025883949661,0.006230696715401575,0.0204201024957339,-0.0038830071827715435,0.016907260196981973
0.08229154437097738,-0.3002854971698177,-1.0943821762163108,0.007053612159111348,0.017417247524035725,-0.00381247106118043,0.01708143267222233
-0.19033449457615012,0.3041253012493478,0.9786978361862229,0.0051502672133498465,0.020458500536529204,-0.0037609683890469318,0.017286017677587622
0.26605820145497827,-0.24678494238840315,-0.3494085322092921,0.00781084922789963,0.017990651112645174,-0.0036828598967679357,0.017465924188714073
0.01641121267646299,-0.021729402930098413,0.43824022903279275,0.007974961354664259,0.01777335708334419,-0.003603110283221293,0.017643657759547515
-0.23956293304719617,0.44999070783819334,0.3132122767508061,0.005579332024192297,0.022273264161726123,-0.00354731696297937,0.017866390401164778
0.24476933015262076,0.279346252399115,-0.1581209494275713,0.008027025325718504,0.025066726685717272,-0.0034670467097221848,0.01811705766802195
-0.4113777514861982,0.14111012764135197,1.1615930743093625,0.0039132478108565225,0.02647782796213079,-0.0034279142316136196,0.018381835947643258
0.285055882254551,-0.40937297985235377,-0.8787714261987626,0.006763806633402032,0.02238409816360725,-0.003360276165279599,0.018605676929279332
-0.13784008210037382,0.41164314020563064,1.001758380005555,0.005385405812398294,0.026500529565663556,-0.0033064221071556162,0.01887068222493597
-0.21514823155333793,0.03680928945717558,-1.3193436207207732,0.0032339234968649148,0.026868622460235313,-0.003274082872186967,0.019139368449538324
-0.27338352066602584,0.0686655727622797,-0.2559054286829307,0.0005000882902046564,0.02755527818785811,-0.0032690819892849205,0.019414921231416905
0.25149558718168924,-0.6377773196524604,0.36373313027945436,0.0030150441620215487,0.021177504991333505,-0.0032389315476647053,0.01962669628133024
0.013923795473441714,0.9752430306702679,-0.2923963022375211,0.0031542821167559656,0.030929935298036185,-0.0032073887264971457,0.019935995634310602
0.09614176481501492,-1.1795414612805981,0.7567412261549415,0.004115699764906115,0.0191345206852302,-0.0031662317288480846,0.020127340841162904
0.09204129826736862,0.8804813544239872,-0.8061001615127172,0.005036112747579801,0.02793933422947007,-0.0031158706013722864,0.020406734183457606
-0.03715138499501028,0.2262874305054704,0.9705343917733127,0.004664598897629698,0.030202208534524776,-0.0030692246123959896,0.020708756268802853
-0.19364821081327532,-0.1004007080830701,-0.24502316773534547,0.0027281167894969444,0.029198201453694075,-0.0030419434445010203,0.021000738283339794
-0.019181432670298305,0.13319508208706798,-0.08044307043161485,0.0025363024627939614,0.030530152274564754,-0.003016580419873081,0.02130603980608544
-0.19337514290147248,-0.3294901407831541,-0.3581456191399391,0.0006025510337792366,0.027235250866733212,-0.0030105549095352886,0.02157839231475277
-0.17106887563054854,-0.2115166075810483,-1.25355635695027,-0.0011081377225262488,0.02512008479092273,-0.003021636286760551,0.021829593162662
-0.019792161911161947,-0.13324217977300679,0.9460258662892214,-0.0013060593416378682,0.023787662993192665,-0.0030346968801769295,0.022067469792593927
-0.006303643788021633,-0.06147102987142747,0.20204457834232248,-0.0013690957795180845,0.02317295269447839,-0.00304838783797211,0.02229919931953871
0.19315864663999396,0.1266653747612116,0.9649582610095994,0.0005624906868818551,0.024439606442090506,-0.0030427629311032918,0.022543595383959614
0.10086763450907155,0.36539893519761957,-0.5508503379985653,0.0015711670319725707,0.0280935957940667,-0.003027051260783566,0.02282453134190028
-0.11792582173873502,0.02428570264707409,-0.7043666981236888,0.0003919088145852205,0.02833645282053744,-0.0030231321726377136,0.023107895870105654
0.030041328126222656,-0.06636659635651179,0.16172748690721053,0.0006923220958474472,0.027672786856972324,-0.003016208951679239,0.023384623738675378
-0.06357415052793161,-0.04523492342449072,-0.01997084813818478,5.658059056813105e-05,0.02722043762272742,-0.003015643145773558,0.02365682811490265
-0.0474028330944991,-0.09564924937550927,-1.0857242202294344,-0.00041744774037685996,0.026263945128972326,-0.0030198176231773263,0.023919467566192374
0.029952800188479477,-0.32261430167428096,-1.4957700088675663,-0.00011791973849206521,0.023037802112229517,-0.003020996820562247,0.02414984558731467
-0.1719906196513008,-0.397466823996704,-1.6840729544325308,-0.0018378259350050733,0.019063133872262477,-0.0030393750799122977,0.024340476926037295
0.19162071582439924,0.19550017818533608,1.6214553773840552,7.838122323891908e-05,0.021018135654115838,-0.0030385912676799084,0.024550658282578453
0.22064397113530182,0.5166009676383003,1.93203888130715,0.0022848209345919376,0.026184145330498843,-0.003015743058333989,0.024812499735883443
0.3414457823934082,0.07097199764058902,2.0337576576312517,0.00569927875852602,0.026893865306904734,-0.002958750270748729,0.02508143838895249
0.1325254600007935,0.26288287687153433,0.18861341478086646,0.0070245333585339555,0.02952269407562008,-0.0028885049371633895,0.02537666532970869
-0.15860523757454795,0.07329119967919435,-0.1886275719773548,0.005438480982788476,0.03025560607241202,-0.002834120127335505,0.02567922139043281
0.101479911771603,0.0439874085080644,-0.10770525011575335,0.006453280100504506,0.030695480157492665,-0.0027695873263304596,0.025986176192007736
0.1418210717136187,0.13246661347640196,0.29763282518446793,0.007871490817640693,0.03202014629225668,-0.0026908724181540526,0.026306377654930303
-0.13899021075834284,-0.06618715085716029,-0.13542103723408805,0.006481588710057265,0.03135827478368508,-0.00262605653105348,0.026619960402767155
0.010860497461692264,0.3973539395769589,0.5984069440766623,0.006590193684674187,0.03533181417945467,-0.0025601545942067383,0.0269732785445617
0.023886335355947242,-0.2983227462611429,0.32546788773119895,0.00682905703823366,0.03234858671684324,-0.0024918640238244015,0.027296764411730134
0.10015461979632263,-0.060640162737834735,-0.17410214970223364,0.007830603236196887,0.03174218508946489,-0.0024135579914624328,0.027614186262624782
-0.0006489108483710765,0.3762989822442359,0.5192550589465801,0.007824114127713177,0.03550517491190725,-0.002335316850185301,0.027969238011743853
0.12080231942552838,-0.23149314231821164,-0.36733437189800766,0.009032137321968461,0.03319024348872514,-0.0022449954769656164,0.028301140446631103
0.193092493237995,-0.056311763757137395,0.46673752663560064,0.010963062254348411,0.032627125851153765,-0.0021353648544221323,0.02862741170514264
0.3502999937918975,-0.1542509883546807,-0.09943093313704043,0.014466062192267386,0.03108461596760696,-0.0019907042324994583,0.02893825786481871
-0.048490641319111905,0.16286614857673004,0.26857128205789443,0.013981155779076267,0.03271327745337426,-0.0018508926747086956,0.029265390639352455
-0.07066235153197524,-0.19180509738344395,0.1903111626835139,0.013274532263756515,0.03079522647953982,-0.0017181473520711304,0.029573342904147853
-0.1813462776172732,0.45801010309263757,-0.31439082139217156,0.011461069487583783,0.035375327510466195,-0.0016035366571952926,0.029927096179252516
0.4441111081704739,-0.1760067173910735,0.033125759122058354,0.01590218056928852,0.03361526033655546,-0.0014445148515024073,0.03026324878261807
-0.6041359787784848,-0.7489821382806744,0.8268513272734279,0.009860820781503674,0.026125438953748713,-0.0013459066436873706,0.03052450317215556
-0.24649886566335544,0.3624399976527963,0.7574724558428938,0.007395832124870119,0.029749838930276676,-0.0012719483224386693,0.030822001561458326
-0.3878367180109559,0.3332073311387198,0.6692129240018942,0.00351746494476056,0.033081912241663874,-0.0012367736729910637,0.031152820683874965
0.25132938420618,0.05380989370223546,-0.3629362652862738,0.00603075878682236,0.03362001117868623,-0.0011764660851228401,0.03148902079566183
0.4997808348935989,0.09775716772680249,-0.5231228007497657,0.011028567135758349,0.034597582855954254,-0.0010661804137652566,0.03183499662422137
0.21011981880143438,-0.08280360048560309,-2.1749186731233072,0.013129765323772693,0.033769546851098224,-0.0009348827605275296,0.03217269209273235
-0.16947211759896236,-0.13494524944875255,0.5553093844093087,0.011435044147783069,0.032420094356610696,-0.0008205323190496989,0.032496893036298456
-0.06520208193557638,0.07955653864005494,-0.5652962237817335,0.010783023328427305,0.033215659743011244,-0.0007127020857654259,0.03282904963372857
0.3689121681475854,-0.14095221653504234,0.13665841488157687,0.014472145009903159,0.03180613757766082,-0.0005679806356663942,0.033147111009505174
-0.1914945633516136,0.35996807621844823,2.1450893853248503,0.012557199376387022,0.0354058183398453,-0.000442408641902524,0.03350116919290363
0.6593042811375907,-0.14287895201379416,-0.260010283285815,0.019150242187762928,0.033977028819707364,-0.00025090622002489475,0.0338409394811007
1.1636134995765928,0.06625426163997863,0.3393890779104913,0.030786377183528855,0.03463957143610715,5.695755181039382e-05,0.03418733519546177
-1.0776643248042728,-0.06604651356716257,0.2800064583026495,0.020009733935486128,0.033979106300435526,0.00025705489116525514,0.03452712625846613
1.4969921585038837,0.7009177245102007,1.374697914605387,0.03497965552052497,0.04098828354553753,0.0006068514463705048,0.0349370090939215
0.6889163947989929,0.4048232063321279,1.2956516538409104,0.041868819468514895,0.04503651560885881,0.0010255396410556537,0.03538737425001009
-0.1038845342679179,0.03271352200466929,0.6888574876457478,0.040829974125835715,0.045363650828905505,0.0014338393823140109,0.035841010758299145
-0.12342456816736093,0.016570124589547586,-0.5102256532224912,0.03959572844416211,0.04552935207480098,0.001829796666755632,0.036296304279047155
0.01767074483485164,0.2726220003811093,-0.015824254373021134,0.03977243589251062,0.04825557207861207,0.002227521025680738,0.036778859999833276
-0.004709947106858901,0.18457077136455335,0.5848978004190751,0.039725336421442034,0.050101279792257605,0.0026247743898951586,0.03727987279775585
-0.19854767905467308,-0.17069291349391927,-0.17342050336363593,0.0377398596308953,0.04839435065731841,0.0030021729862041114,0.03776381630432904
-0.135782943142565,-0.10314078539137865,0.5697043158749381,0.03638203019946965,0.047362942803404626,0.003365993288198808,0.03823744573236309
-0.1802816909139849,-0.10994153707521172,-0.021602957050978394,0.0345792132903298,0.04626352743265251,0.003711785421102106,0.03870008100668961
-0.43684677297395286,-0.15770787326808575,-0.3569761270517416,0.030210745560590273,0.044686448699971654,0.004013892876708009,0.03914694549368933
0.3506918538239415,0.45055249794119184,1.320584271465081,0.03371766409882969,0.04919197367938357,0.004351069517696306,0.03963886523048316
-0.6703144039375601,0.024282082022980114,-0.3408181197335144,0.027014520059454088,0.04943479449961337,0.004621214718290847,0.0401332131754793
0.263890065515404,0.01290474604068058,-0.37096633818167213,0.02965342071460813,0.04956384196002017,0.004917748925436928,0.0406288515950795
0.20341249572826742,0.09657531419510189,0.9354148046214096,0.031687545671890804,0.05052959510197119,0.005234624382155836,0.04113414754609921
0.015626780809521672,0.47427304570345624,0.5573969741735568,0.03184381347998602,0.055272325559005756,0.005553062516955696,0.04168687080168927
0.13650125816665906,-0.48733190014837874,-1.0690996064017075,0.03320882606165261,0.05039900655752197,0.005885150777572222,0.04219086086726449
-0.6861057980933547,-0.08861954480848401,1.1538336420182214,0.026347768080719064,0.04951281110943713,0.006148628458379413,0.04268598897835887
-0.01163688468830394,-0.09238847631683833,-0.3841377116462337,0.026231399233836026,0.04858892634626875,0.006410942450717773,0.04317187824182155
0.22774058337608916,-0.23372389477720304,-0.8633459190468588,0.02850880506759692,0.046251687398496714,0.006696030501393742,0.04363439511580652
0.1817538266934005,-0.10597838447583734,-0.3915643252603327,0.030326343334530926,0.04519190355373834,0.006999293934739051,0.0440863141513439
-0.10357040310746926,-0.12661122895893795,-0.6655739893238114,0.029290639303456233,0.04392579126414896,0.007292200327773613,0.044525572063985386
0.4749821151621577,0.2725676018948044,0.417400989835417,0.03404046045507781,0.046651467283097,0.007632604932324392,0.04499208673681636
0.15240959973681242,-0.1549680663252308,0.15243861160088712,0.03556455645244593,0.045101786619844694,0.00798825049684885,0.0454431046030148
-0.6419199433043108,-0.1549352085484703,-0.3897023841784691,0.029145357019402823,0.043552434534359995,0.008279704067042879,0.0458786289483584
-0.6121872717730679,-0.06438344780993362,-0.7513440271722883,0.023023484301672146,0.04290860005626066,0.0085099389100596,0.04630771494892101
0.11550628727171743,-0.12910851151024644,0.0244677684422679,0.02417854717438932,0.041617514941158194,0.008751724381803494,0.046723890098332596
-0.12943235053708702,-0.5557692484111392,0.6724466754690477,0.02288422366901845,0.0360598224570468,0.008980566618493679,0.047084488322903066
0.10549445713514918,-0.16335607018271153,0.022551111852660368,0.023939168240369943,0.034426261755219685,0.009219958300897379,0.04742875094045526
-0.249226235795346,0.08132891099681087,-0.07197534525270391,0.021446905882416482,0.03523955086518779,0.009434427359721543,0.04778114644910714
-0.09452739168456548,0.04880139999353018,0.41504049964239076,0.020501631965570827,0.035727564865123095,0.009639443679377252,0.04813842209775837
-0.15564891097044325,-0.12611441509153884,0.2053369787756787,0.018945142855866397,0.034466420714207704,0.009828895107935916,0.04848308630490045
-0.18367535636908522,-0.3420166597424888,-0.1059609371471103,0.017108389292175546,0.031046254116782815,0.00999997900085767,0.04879354884606828
0.14306946505458157,0.3492190456241092,-0.26765166995248163,0.01853908394272136,0.03453844457302391,0.010185369840284885,0.04913893329179852
-0.13828788864039057,-0.15734996204507515,0.32856693260187764,0.017156205056317455,0.032964944952573155,0.01035693189084806,0.04946858274132425
0.12515006508815138,-0.13441619749178302,0.2874725476655849,0.01840770570719897,0.031620782977655325,0.010541008947920049,0.0497847905711008
0.0263202213954681,0.21861133776723896,0.22119107259424886,0.01867090792115365,0.033806896355327715,0.010727718027131586,0.05012285953465408
-0.04189104930873576,0.08783748375945678,-0.7648989319773543,0.018251997428066293,0.03468527119292228,0.010910238001412248,0.0504697122465833
-0.11368188444721139,-0.206850678865095,-0.021719131650810904,0.017115178583594178,0.03261676440427133,0.011081389787248189,0.05079587989062601
0.2485662468780347,0.3727444882242466,0.3378715752386369,0.019600841052374526,0.036344209286513794,0.011277398197771933,0.05115932198349115
-0.19247830599905394,-0.21766860599411,-0.3366568963261755,0.017676057992383986,0.034167523226572696,0.011454158777695773,0.05150099721575688
-0.12481170324937818,-0.2836565090443885,-1.070107914023589,0.016427940959890204,0.03133095813612881,0.011618438187294675,0.05181430679711817
-0.11009197195465016,-0.017144953509178294,-0.566764173011917,0.015327021240343703,0.031159508601037025,0.011771708399698112,0.05212590188312854
-0.01581088226517127,0.07451678183224233,0.4436093065150548,0.01516891241769199,0.03190467641935945,0.011923397523875032,0.05244494864732213
0.1314338535004502,-0.26710557937322044,-0.6395985721452032,0.016483250952696493,0.029233620625627246,0.012088230033401997,0.052737284853578405
-0.1925942245891203,-0.16917852660447089,-0.7792724148491028,0.01455730870680529,0.027541835359582538,0.01223380312047005,0.05301270320717423
0.22368591506144814,-0.042860620069031796,-0.2266469027898976,0.01679416785741977,0.02711322915889222,0.012401744799044248,0.05328383549876315
-0.13379128286942854,0.12848089672657362,-0.3400791726670628,0.015456255028725484,0.028398038126157956,0.012556307349331504,0.05356781588002473
0.3453070783970704,-0.231606977539086,0.29872703843845394,0.01890932581269619,0.026081968350767096,0.012745400607458466,0.0538286355635324
0.14908440732359812,0.2109634742927596,-0.22517156277311268,0.02040016988593217,0.028191603093694693,0.012949402306317788,0.05411055159446935
0.00778920333183798,-0.34584967803195243,-1.1296515673630265,0.02047806191925055,0.02473310631337517,0.013154182925510294,0.0543578826576031
0.0493816325376059,-0.10097775529143205,-0.5132584573607369,0.02097187824462661,0.02372332876046085,0.01336390170795656,0.05459511594520771
-0.08098930337145036,0.692154074771893,0.743360425935211,0.020161985210912108,0.030644869508179778,0.013565521560065682,0.05490156464028951
0.04606801559398799,0.40193372519380494,0.24173778594131595,0.020622665366851988,0.034664206760117826,0.013771748213734203,0.055248206707890685
-0.23034626685050735,-0.1664526303230945,-0.23259901858756224,0.018319202698346915,0.03299968045688688,0.013954940240717672,0.055578203512459554
0.07191641484324411,-0.031558777059952685,0.20426812364788474,0.019038366846779356,0.03268409268628735,0.014145323909185466,0.05590504443932243
-0.262303502941146,-0.20586193744753184,0.21797680897328262,0.016415331817367894,0.030625473311812035,0.014309477227359145,0.05621129917244055
0.2795462817296407,-0.38974897833865874,1.2534499680485864,0.0192107946346643,0.026727983528425446,0.014501585173705788,0.0564785790077248
0.03771210567104603,1.0420928175139392,-1.2389858338893105,0.01958791569137476,0.03714891170356484,0.014697464330619536,0.05685006812476045
-0.1260229333035477,0.09440764182461281,0.1103628527056401,0.018327686358339285,0.038092988121810965,0.01488074119420293,0.057230998005978556
0.08129205712294199,0.6825683328141605,-1.1455480224236814,0.019140606929568704,0.04491867144995257,0.015072147263498616,0.05768018472047808
-0.23799737710304417,0.050917866223788834,-0.7972458819247105,0.016760633158538263,0.04542785011219046,0.015239753595084,0.058134463221599986
0.0550793033394675,-0.38223868601852445,-0.3246258800814202,0.01731142619193294,0.04160546325200521,0.01541286785700333,0.058550517854120035
0.1480228951301137,0.6086886912668957,-0.7398700307551063,0.018791655143234078,0.04769235016467417,0.01560078440843567,0.05902744135576678
-0.3193651882573892,0.6335580726844587,0.46239557229669814,0.015598003260660187,0.054027930891518756,0.01575676444104227,0.05956772066468197
0.0824018857763333,-0.04043424145607689,0.5559410286909913,0.01642202211842352,0.05362358847695799,0.015920984662226505,0.06010395654945155
-0.09661482712516974,-0.05173546537611963,0.08979242974386331,0.01545587384717182,0.05310623382319679,0.016075543400698222,0.060635018887683516
-0.1488297702486915,-0.015041454053925365,-0.07042618350401965,0.013967576144684905,0.05295581928265754,0.01621521916214507,0.06116457708051009
0.06035400533382167,0.05217613209088276,0.5396798637928446,0.014571116198023122,0.05347758060356637,0.016360930324125302,0.06169935288654575
0.08118815424356453,0.23382493403183033,-0.4626941718949562,0.015382997740458768,0.05581582994388467,0.01651476030152989,0.0622575111859846
-0.15255223359194323,0.0006797581349813167,0.11362936385235523,0.013857475404539335,0.05582262752523448,0.016653335055575286,0.06281573746123695
-0.0560732067513237,0.8039650587285574,0.8396586680104394,0.013296743337026098,0.06386227811252006,0.016786302488945547,0.06345436024236215
-0.1956531405271687,-0.33437368976308846,-0.5295428234429841,0.01134021193175441,0.06051854121488917,0.01689970460826309,0.06405954565451104
-0.019827278316136388,-0.028746828598825044,-0.5917472580565492,0.011141939148593048,0.06023107292890092,0.017011123999749023,0.06466185638380005
-0.11951372470356297,-0.15729270079536126,0.5298380791708873,0.009946801901557417,0.058658145920947306,0.0171105920187646,0.06524843784300953
0.1928374213771573,0.035468128465339144,0.03930448782580372,0.01187517611532899,0.0590128272056007,0.01722934377991789,0.06583856611506554
0.20290612396356147,0.48528859083811704,0.4344549117031212,0.013904237354964606,0.06386571311398187,0.017368386153467533,0.06647722324620536
-0.14518131645758753,0.0671435546284581,-0.430804045055862,0.012452424190388731,0.06453714866026646,0.01749291039537142,0.06712259473280803
0.03312576129933626,-0.0167764202735027,-0.49063092534883573,0.012783681803382093,0.06436938445753143,0.01762074721340524,0.06776628857738334
0.1005538694186618,-0.08313108423016707,-0.7141264770753943,0.013789220497568712,0.06353807361522976,0.017758639418380927,0.06840166931353564
0.04300536358818954,0.022157416302372803,-0.7571530861484075,0.014219274133450607,0.06375964777825348,0.017900832159715434,0.06903926579131818
-0.14479131787972838,0.21390142800909442,1.0512051840400405,0.012771360954653324,0.06589866205834442,0.018028545769261967,0.06969825241190163
0.2271806804478829,-0.021360516783764386,-0.5201904182366044,0.015043167759132153,0.06568505689050678,0.01817897744685329,0.07035510298080669
0.19703589420541703,-0.07006726417676051,-0.6731031599715565,0.017013526701186322,0.06498438424873917,0.018349112713865152,0.07100494682329409
-0.06892887112608528,0.0618960512791028,0.23462678571243065,0.01632423798992547,0.06560334476153021,0.018512355093764407,0.07166098027090939
-0.053792363110521074,0.01728765476426339,0.02702116677903558,0.015786314358820257,0.06577622130917284,0.01867021823735261,0.07231874248400112
0.054793310523415004,-0.36484416050391394,-0.4102358591887678,0.01633424746405441,0.0621277797041337,0.01883356071199315,0.07294002028104246
-0.01494597001980619,0.2793626980357977,0.13055261546447014,0.01618478776385635,0.06492140668449167,0.018995408589631713,0.07358923434788738
-0.012309161547997225,0.19638637692494088,0.10199268997732666,0.016061696148376377,0.06688527045374108,0.019156025551115476,0.07425808705242479
-0.317356628947097,-0.26908409581786835,-0.2279339272867317,0.012888129858905407,0.0641944294955624,0.01928490684970453,0.07490003134738041
0.17003080335625242,-0.09122190022772564,-1.0326396155204984,0.01458843789246793,0.06328221049328514,0.01943079122862921,0.07553285345231325
-0.2085070008704967,-0.3042523768646372,-0.442461468881298,0.012503367883762963,0.060239686724638766,0.019555824907466837,0.07613525031955964
-0.4036681884618601,0.045722264667368596,0.30659853840640966,0.008466685999144363,0.06069690937131245,0.01964049176745828,0.07674221941327276
0.06783407594036776,-0.4357193791077135,-0.22604972771093146,0.009145026758548041,0.05633971558023532,0.019731942035043762,0.07730561656907511
0.09522687683149468,0.30487905979668883,-0.14661923696247742,0.010097295526862988,0.059388506178202204,0.01983291499031239,0.07789950163085714
0.04036250778289465,-0.18194685097465474,-0.14506335316297955,0.010500920604691934,0.057569037668455655,0.01993792419635931,0.0784751920075417
-0.25647860605246053,-0.013465501601037603,0.3057364626056925,0.007936134544167328,0.05743438265244528,0.020017285541800982,0.07904953583406615
0.04816797996112003,0.4427619766136569,0.14184515718416257,0.008417814343778529,0.06186200241858185,0.02010146368523877,0.07966815585825197
-0.40332486022504005,0.9928378646856796,0.9815446480333263,0.004384565741528129,0.07179038106543864,0.02014530934265405,0.08038605966890636
0.4735277559830931,-0.9672512787521782,-0.14144691494828512,0.00911984330135906,0.06211786827791686,0.020236507775667642,0.08100723835168552
-0.2992341019798276,0.5408297767326772,0.21379821518370384,0.006127502281560784,0.06752616604524364,0.02029778279848325,0.08168250001213796
0.2434971518295873,-0.3632690418772259,-0.13952442755681563,0.008562473799856658,0.06389347562647138,0.020383407536481817,0.08232143476840267
-0.11534808572591743,-0.08418388850269322,0.04297566786700307,0.007408992942597483,0.06305163674144444,0.020457497465907793,0.08295195113581712
0.07940756684446482,0.16840349625354395,1.0662788249098056,0.008203068611042131,0.06473567170397988,0.020539528152018215,0.08359930785285692
-0.004117489067643205,0.1793492236968948,-0.3115970597930254,0.0081618937203657,0.06652916394094884,0.020621147089221872,0.0842645994922664
-0.18696994963375296,0.29897218176205087,-1.0677560408321642,0.006292194224028169,0.06951888575856935,0.020684069031462155,0.0849597883498521
0.01625863683759826,-0.3324386866044709,0.6201678567126593,0.006454780592404152,0.06619449889252464,0.020748616837386196,0.08562173333877734
-0.011456455226184456,0.010983195955992993,0.8711570281294582,0.006340216040142307,0.06630433085208458,0.020812018997787618,0.0862847766472982
0.09099388216299692,0.02995546001031511,-0.598508919800655,0.007250154861772277,0.06660388545218773,0.02088452054640534,0.08695081550182007
0.055566497101579335,0.08663686076411081,-0.36439958839606285,0.00780581983278807,0.06747025405982884,0.020962578744733222,0.08762551804241836
0.08168499263526366,-0.0907155493983978,-0.28862346957100704,0.008622669759140706,0.06656309856584487,0.02104880544232463,0.0882911490280768
0.389849333472984,-0.37621712757189296,-0.24983019850669008,0.012521163093870547,0.06280092729012594,0.021174017073263333,0.08891915830097806
-0.09498482969478902,0.1713083493427329,-1.1741823175514756,0.011571314796922657,0.06451401078355327,0.02128973022123256,0.0895642984088136
-0.050558317351766205,-0.3294867522426795,-1.0796055593123661,0.011065731623404995,0.06121914326112648,0.02140038753746661,0.09017648984142486
-0.08741441754860758,-0.0832471487697261,-0.4221444321833515,0.01019158744791892,0.06038667177342922,0.021502303411945797,0.09078035655915916
-0.034979124187808006,-0.5291416648969863,-1.1776714579009073,0.009841796206040839,0.055095255124459355,0.021600721374006204,0.09133130911040375
0.007416234188632074,0.21401859793661407,-0.6943988454403902,0.00991595854792716,0.057235441103825495,0.021699880959485475,0.09190366352144201
0.2237286698886397,-0.06069007327724115,0.22030585781741133,0.012153245246813556,0.05662854037105308,0.02182141341195361,0.09246994892515255
0.10828721503245596,0.29437842028497746,0.6041320198865344,0.013236117397138116,0.05957232457390286,0.02195377458592499,0.09306567217089158
0.3654522153040667,0.1276474886362402,1.1865944736227074,0.016890639550178783,0.06084879946026526,0.02212268098142678,0.09367416016549424
-0.10117622011517508,0.1923346144407721,0.0807558245466412,0.015878877349027033,0.06277214560467298,0.02228146975491705,0.09430188162154096
0.08063678816437021,0.05057881119670407,-0.2388258041525275,0.016685245230670734,0.06327793371664002,0.02244832220722376,0.09493466095870737
-0.18726746049665066,-0.18902088411114673,-0.7674008615844351,0.014812570625704227,0.06138772487552855,0.0225964479134808,0.09554853820746265
-0.2984093677156938,-0.09435662376781873,-0.6005276273859147,0.011828476948547289,0.06044415863785036,0.02271473268296627,0.09615297979384115
0.059405715253711806,-0.09116727623749141,-0.053633190617775724,0.012422534101084407,0.059532485875475445,0.022838958023977115,0.0967483046525959
-0.2438451605470054,0.1891025372057069,0.31681296318706226,0.009984082495614353,0.061423511247532515,0.022938798848933257,0.09736253976507123
0.1915608573915008,0.17218739595904484,0.5984388113109652,0.011899691069529362,0.06314538520712297,0.02305779575962855,0.09799399361714245
-0.21368655456241703,0.021697913465720624,-0.18325389230084574,0.009762825523905191,0.06336236434178018,0.0231554240148676,0.09862761726056025
0.13845588315788512,0.19595244097010758,-0.2299927303080166,0.011147384355484043,0.06532188875148126,0.023266897858422442,0.09928083614807506
0.02349222506984059,-0.051257191281361095,0.3110353551302973,0.01138230660618245,0.06480931683866765,0.023380720924484268,0.09992892931646175
0.13370949200811783,0.47730753364425127,-0.20949268730199005,0.012719401526263628,0.06958239217511017,0.023507914939746903,0.10062475323821285
-0.021971655592400993,-0.2769216900438544,-0.3849525775713119,0.012499684970339618,0.06681317527467162,0.0236329117894503,0.10129288499095956
0.4426331374738996,-0.3610155165121538,0.34208222408276634,0.016926016345078614,0.06320302010955009,0.023802171952901085,0.10192491519205507
-0.5366010906606852,0.07141225966851303,-0.582029045998869,0.01156000543847176,0.06391714270623522,0.0239177720072858,0.10256408661911742
0.26641426557949194,-0.06931984486189058,-0.07173613403427102,0.01422414809426668,0.06322394425761631,0.024060013488228466,0.10319632606169359
-0.5298624327099718,0.07400251862632183,1.1605561629795393,0.008925523767166963,0.06396396944387953,0.024149268725900137,0.10383596575613238
-0.27397480393145646,0.35088839618182655,0.3626270652088825,0.006185775727852399,0.0674728534056978,0.02421112648317866,0.10451069429018936
-0.2892193791721675,0.1633784145475853,0.4049635174130473,0.003293581936130724,0.06910663755117365,0.024244062302539966,0.1052017606657011
-0.2744205049705959,-0.43260030625809115,-0.062274217659814654,0.000549376886424765,0.06478063448859274,0.024249556071404214,0.10584956701058702
-0.6563637941687342,-0.1471905249320821,0.7088045256315565,-0.006014261055262577,0.06330872923927192,0.02418941346085159,0.10648265430297975
-0.09142381161284809,-0.2516103927035019,-0.5301741124213922,-0.006928499171391059,0.0607926253122369,0.024120128469137678,0.10709058055610211
0.2597165656023804,0.17405714055353633,-0.28990340833960293,-0.0043313335153672555,0.06253319671777226,0.024076815133984006,0.10771591252327983
0.3447186387541314,-0.5384876590924546,-1.6586251147621265,-0.0008841471278259417,0.057148320126847715,0.024067973662705747,0.1082873957245483
-0.2288002238749981,0.5403883201918975,0.848713148431588,-0.003172149366575923,0.0625522033287667,0.024036252169039988,0.10891291775783597
-1.4342957801182272,0.6614486720039064,2.9927863640507226,-0.017515107167758195,0.06916669004880575,0.023861101097362405,0.10960458465832403
-1.018861841270283,0.07967489051920351,-0.2594705788103449,-0.027703725580461025,0.06996343895399779,0.023584063841557795,0.110304219047864
-0.4272276905294576,-0.4489269283073777,-2.203436315128343,-0.0319760024857556,0.06547416967092401,0.02326430381670024,0.11095896074457325
0.4789000670840315,0.2003450152586557,1.5586091466249201,-0.027187001814915283,0.06747761982351057,0.022992433798551086,0.11163373694280836
0.024722771898252872,0.20312170615054556,1.8306936184460831,-0.026939774095932754,0.06950883688501602,0.02272303605759176,0.11232882531165851
-0.105123175311635,-0.06313263912449835,-1.2015962213036693,-0.027991005849049105,0.06887751049377104,0.022443125999101268,0.11301760041659623
-0.013011149896208099,0.031927055218982245,0.6549334972039996,-0.028121117348011187,0.06919678104596086,0.022161914825621156,0.11370956822705583
0.28256617890824753,0.21017678080683605,-0.08608424801306057,-0.02529545555892871,0.07129854885402923,0.02190896027003187,0.11442255371559612
-0.46130109496983296,-0.3592626361886626,-0.8282197510084061,-0.029908466508627038,0.0677059224921426,0.0216098756049456,0.11509961294051754
0.24310187992907611,0.49438157500840785,0.763321342282202,-0.027477447709336276,0.07264973824222669,0.021335101127852238,0.11582611032293981
-0.7293816601884184,-0.11398973097465476,0.7116469685643408,-0.03477126431122046,0.07150984093248014,0.020987388484740032,0.11654120873226462
0.4413990699130542,0.23628610903755248,1.1274702516100423,-0.03035727361208992,0.07387270202285566,0.020683815748619133,0.11727993575249318
-0.2078234081398947,0.022433246487769915,0.1331266835990547,-0.032435507693488866,0.07409703448773336,0.020359460671684246,0.11802090609737051
0.026208754264927185,-0.03967661106010527,0.6682273629673311,-0.03217342015083959,0.07370026837713231,0.02003772647017585,0.11875790878114183
-0.2180181799839475,0.023478731153978815,1.0602019139217844,-0.03435360195067907,0.0739350556886721,0.019694190450669058,0.11949725933802854
1.2471209518265356,0.2692736648046999,1.6229779775213868,-0.02188239243241371,0.0766277923367191,0.01947536652634492,0.12026353726139574
-1.152597645124712,-0.1526529783874876,-1.4255432474484766,-0.03340836888366083,0.07510126255284422,0.019141282837508312,0.12101454988692419
0.2415634394865645,0.07858828338713665,1.1940522737722452,-0.030992734488795186,0.07588714538671558,0.01883135549262036,0.12177342134079135
1.1667187867788513,0.2226860603795834,-0.6672258911411602,-0.019325546621006672,0.07811400599051141,0.018638100026410292,0.12255456140069645
-1.3143178657091326,0.6435504227508355,1.1573408693379739,-0.032468725278098,0.08454951021801976,0.01831341277362931,0.12340005650287665
1.4555156419066455,-0.2312259165731899,-0.9017924248834359,-0.017913568859031545,0.08223725105228787,0.018134277085038994,0.12422242901339953
-1.0185884025032121,0.029638104801648,0.743429804581736,-0.028099452884063666,0.08253363210030434,0.017853282556198356,0.12504776533440257
-0.625455615516106,0.24922814321165795,1.4074404750082254,-0.034354009039224725,0.08502591353242092,0.01750974246580611,0.12589802446972678
-0.8393249296841077,-0.3662038331551691,-0.46300233228558646,-0.0427472583360658,0.08136387520086923,0.017082269882445454,0.12671166322173547
-0.2439816520339971,0.29015866514955363,0.45450910413159556,-0.04518707485640577,0.08426546185236476,0.016630399133881396,0.1275543178402591
-0.23176182978329135,0.11591847000497447,-0.6046120466672155,-0.047504693154238685,0.08542464655241451,0.016155352202339008,0.12840856430578326
0.6969230918494241,-0.1758288193152361,0.1399813570407274,-0.040535462235744446,0.08366635835926214,0.015749997579981564,0.1292452278893759
-0.11941643740364691,0.1843324974529031,-0.4015995121009518,-0.04172962660978091,0.08550968333379118,0.015332701313883755,0.1301003247227138
0.1785416817326925,0.02233083779623105,-1.137613628991164,-0.039944209792453986,0.08573299171175348,0.014933259215959215,0.13095765463983133
-0.3405601877172198,0.29158190239377435,-0.7675555489057138,-0.04334981166962618,0.08864881073569122,0.014499761099262954,0.13184414274718825
0.0989486678500344,0.20108291376174567,0.3095079051631056,-0.04236032499112584,0.09065963987330868,0.014076157849351695,0.13275073914592134
0.25081188080189215,-0.13392225655640497,-0.7449240200310667,-0.03985220618310692,0.08932041730774462,0.013677635787520626,0.1336439433189988
-0.3832383423765621,0.09940145086100557,-0.5345718362147843,-0.04368458960687254,0.09031443181635468,0.0132407898914519,0.13454708763716233
-0.5013084145883575,0.2500890992687267,-0.1414962386989541,-0.04869767375275612,0.09281532280904195,0.012753813153924338,0.13547524086525276
-0.04521850752800791,-0.22830197699891663,0.6712328135387828,-0.0491498588280362,0.09053230303905278,0.012262314565643976,0.1363805638956433
0.4059667082131992,-0.22700028637253378,0.10435140485029529,-0.04509019174590421,0.08826230017532745,0.011811412648184933,0.13726318689739656
0.24439053140386063,0.43380173410507367,1.065053869621791,-0.042646286431865604,0.09260031751637819,0.011384949783866278,0.13818919007256034
-0.07560002384753185,0.11454045018655683,-0.35176173449814396,-0.04340228667034092,0.09374572201824376,0.010950926917162868,0.13912664729274277
0.09874923983141837,-0.09607229833560693,-0.1023517030950774,-0.04241479427202673,0.09278499903488768,0.0105267789744426,0.14005449728309163
0.13005101555431453,-0.18192405234796674,0.26985451904576313,-0.04111428411648359,0.09096575851140802,0.010115636133277765,0.1409641548682057
-0.0434062670336156,0.07520581776113527,0.5228227871162593,-0.04154834678681974,0.09171781668901938,0.009700152665409568,0.1418813330350959
0.18954991623334103,0.038980276795239195,-0.1805884597838708,-0.03965284762448633,0.09210761945697177,0.009303624189164705,0.1428024092296656
0.18616475173803318,0.21527151571184863,0.14383441766482138,-0.037791200107105995,0.09426033461409025,0.008925712188093645,0.14374501257580652
0.015755718812115693,0.1115167900232853,1.2915845176114145,-0.037633642918984835,0.0953755025143231,0.008549375758903797,0.14469876760094974
-0.10820651147093917,0.08968328605746549,-0.942601000038696,-0.03871570803369423,0.09627233537489775,0.008162218678566854,0.1456614909546987
-0.1629492591324941,-0.34648261253107504,-1.89420697486131,-0.04034520062501917,0.092807509249587,0.007758766672316663,0.14658956604719459
-0.011619730837689744,-0.3107156514507362,-1.9359928469601888,-0.04046139793339607,0.08970035273507963,0.007354152692982702,0.1474865695745454
0.09879050645230798,0.5495730934336768,1.2375557524752288,-0.03947349286887299,0.0951960836694164,0.006959417764293972,0.14843853041123956
-0.07493526099409473,-0.14945425479856567,-0.5477432898319361,-0.04022284547881394,0.09370154112143074,0.006557189309505832,0.14937554582245385
-0.005018481941679983,-0.3159224701827116,-0.15509167918113917,-0.04027303029823074,0.09054231641960363,0.006154459006523525,0.1502809689866499
-0.6331393335171741,-0.41617570125618375,0.2094925651829416,-0.04660442363340248,0.08638055940704178,0.0056884147701895,0.15114477458072031
-0.3289934415937744,-0.561303934902327,0.8991323110530871,-0.049894358049340226,0.08076752005801852,0.0051894711896960976,0.1519524497813005
0.18643394839935917,0.1592075231826658,-0.19799555071238223,-0.04803001856534663,0.08235959528984517,0.0047091710040426315,0.15277604573419898
-0.07918332315324633,0.4293644807290151,0.5581662895012457,-0.0488218517968791,0.08665324009713532,0.004220952486073841,0.15364257813517032
-0.24258802937740143,0.640526573571008,0.2404013647190669,-0.051247732090653114,0.0930585058328454,0.0037084751651673097,0.15457316319349879
-0.13615138426257725,0.177716307874815,0.832878190744855,-0.052609245933278884,0.09483566891159355,0.0031823827058345207,0.15552151988261473
-0.1358129549042191,0.08723107438431375,-1.1588290924839548,-0.05396737548232108,0.09570797965543669,0.00264270895101131,0.1564785996791691
-0.4580051618409705,0.5629497125593348,0.6106344968652481,-0.058547427100730784,0.10133747678103004,0.0020572346800040026,0.1574919744469794
0.2172694286526589,-0.39974688525252156,-1.1379286430264117,-0.056374732814204194,0.09734000792850482,0.0014934873518619605,0.15846537452626444
-0.05612006730522619,-0.023445054768047594,0.334253397593104,-0.05693593348725646,0.09710555738082434,0.000924128016989396,0.1594364301000727
-0.24665869830240333,-0.1995122265205463,-0.2914131481732803,-0.059402520470280495,0.09511043511561888,0.00033010281228659105,0.16038753445122889
9.808617001604325e-05,0.2630818449099871,0.08307680070899576,-0.059401539608580335,0.09774125356471876,-0.00026391258379921225,0.16136494698687606
-0.044225869139360614,-0.10102016618027009,-0.9868866412136398,-0.05984379829997394,0.09673105190291606,-0.0008623505667989516,0.16233225750590521
0.41236616040210583,0.21808294019037158,-0.6690303221413898,-0.05572013669595288,0.09891188130481977,-0.0014195519337584805,0.1633213763189534
0.09528001440988786,-0.1406890636182803,-0.4039643281412356,-0.05476733655185401,0.09750499066863696,-0.0019672252992770207,0.16429642622563978
0.2706465352857557,-0.16082958517164875,-0.3496273116950627,-0.05206087119899645,0.09589669481692048,-0.002487834011266985,0.165255393173809
-0.4044315306271153,-0.07039085334285496,0.10351859311915855,-0.05610518650526761,0.09519278628349193,-0.0030488858763196612,0.1662073210366439
0.24793046337303734,0.03056417048258184,0.05703914683854494,-0.05362588187153723,0.09549842798831774,-0.0035851446950350336,0.16716230531652707
-0.2220077476470283,0.3330613642996262,1.026298735638424,-0.05584595934800751,0.09882904163131401,-0.004143604288515109,0.16815059573284022
-0.021982740575997545,-0.0762309804199893,0.7239797676854212,-0.056065786753767485,0.09806673182711412,-0.004704262156052783,0.16913126305111137
-0.024241411856992422,-0.0883465510677348,-0.7975466634918128,-0.056308200872337406,0.09718326631643677,-0.005267344164776157,0.17010309571427573
0.17986671052036318,-0.04084603376247806,0.055181784024782375,-0.05450953376713377,0.096774805978812,-0.005812439502447495,0.17107084377406384
0.38509893708632037,-0.3757439975985961,-0.5482323043737837,-0.05065854439627057,0.09301736600282604,-0.0063190249464102006,0.1720010174340921
-0.053636012922072145,-0.11347817620849927,0.6472301358367902,-0.051194904525491296,0.09188258424074104,-0.0068309739916651135,0.1729198432764995
-0.03326368529256121,0.22222353148357368,-0.00986233962212469,-0.051527541378416905,0.09410481955557679,-0.007346249405449283,0.17386089147205527
0.14581567224158087,0.12993579304762343,0.038731949499719136,-0.050069384656001095,0.09540417748605302,-0.007846943252009294,0.1748149332469158
-0.07113886585867092,0.20765429505113303,-0.47299398191402886,-0.0507807733145878,0.09748072043656436,-0.008354750985155172,0.17578974045128143
-0.14244138629507894,-0.11788082878803692,-0.13864330534730998,-0.05220518717753859,0.09630191214868399,-0.008876802856930557,0.17675275957276826
-0.09558774106733806,0.28004398847296863,-0.023127934250947866,-0.053161064588211966,0.09910235203341367,-0.009408413502812678,0.1777437830931024
0.31643707005343713,-0.15385482400891126,-0.6841555896534052,-0.04999669388767759,0.09756380379332455,-0.009908380441689454,0.17871942113103564
0.04624889965288781,0.11948432535555048,-0.8723684927555643,-0.049534204891148716,0.09875864704688006,-0.01040372249060094,0.17970700760150443
0.21702091135960938,-0.034554961633081555,-0.494443610600991,-0.047363995777552625,0.09841309743054924,-0.010877362448376468,0.18069113857580993
0.17168149570690472,-0.11264063248377201,-0.540766662429784,-0.04564718082048358,0.09728669110571152,-0.011333834256581304,0.18166400548686704
-0.07102378588003354,-0.17127664686387425,-0.9265820335383523,-0.04635741867928392,0.09557392463707277,-0.011797408443374144,0.18261974473323778
-0.07596239610052641,0.027384027938902898,0.9787551680180673,-0.04711704264028918,0.0958477649164618,-0.012268578869777036,0.1835782223824024
0.22698159935838874,0.3134484758827497,0.7241946866874815,-0.04484722664670529,0.09898224967528929,-0.012717051136244089,0.1845680448791553
-0.3470815854924544,-0.29946605716371405,0.25383553340450243,-0.04831804250162983,0.09598758910365215,-0.013200231561260387,0.1855279207701918
-0.20808867134276343,0.1832804013943084,0.8751381749853371,-0.05039892921505747,0.09782039311759524,-0.013704220853410961,0.18650612470136776
-0.27037454218429846,0.2702027068982376,0.08958257471067459,-0.05310267463690045,0.10052242018657762,-0.014235247599779966,0.18751134890323354
0.5151885158701763,-0.22742196735521478,-0.3700880978764917,-0.04795078947819869,0.09824820051302546,-0.014714755494561953,0.1884938309083638
-0.15706254545583276,0.24534484292936604,0.09141195828891557,-0.04952141493275702,0.10070164894231913,-0.015209969643889524,0.189500847397787
0.20083633644849322,0.20777491752156865,-0.4129561292368344,-0.04751305156827208,0.10277939811753482,-0.015685100159572245,0.19052864137896233
-0.4305598275066453,0.35398185908256663,-0.0837692486020581,-0.05181864984333853,0.10631921670836049,-0.01620328665800563,0.19159183354604595
0.07774865107731752,-0.20698733843326467,0.45990718608475034,-0.05104116333256536,0.10424934332402784,-0.016713698291331285,0.19263432697928623
0.015999251092576515,-0.2747277485591516,-0.6895096498899199,-0.05088117082163959,0.10150206583843632,-0.01722250999954768,0.19364934763767058
0.3409513653277181,0.6345456195891661,-1.2480793546034328,-0.047471657168362415,0.10784752203432799,-0.017697226571231305,0.19472782285801385
-0.032078919948851724,-0.8876559661650111,0.9521628079783947,-0.04779244636785093,0.09897096237267787,-0.018175151034909815,0.19571753248174062
-0.07600404553975737,0.6444126086118259,-1.0935622786226578,-0.0485524868232485,0.10541508845879613,-0.0186606759031423,0.19677168336632858
0.17148168247733275,-0.29190968009497215,0.4914982301131324,-0.046837669998475176,0.10249599165784641,-0.01912905260312705,0.19779664328290705
0.06774583033115135,-0.9841651872041506,0.6486986676686358,-0.04616021169516366,0.09265433978580491,-0.019590654720078687,0.1987231866807651
-0.27765685003201346,0.23826150790533304,1.195067705404197,-0.048936780195483795,0.09503695486485823,-0.020080022522033524,0.19967355622941368
0.20427090963228817,0.010047322947676825,-0.2904430063437229,-0.04689407109916091,0.09513742809433501,-0.020548963233025134,0.20062493051035704
-0.09799243720833141,0.3788943948939651,0.5388314223066158,-0.04787399547124423,0.09892637204327466,-0.021027703187737577,0.2016141942307898
0.40997287105137725,-0.3336463486720684,-0.4091117873004635,-0.04377426676073046,0.09558990855655397,-0.02146544585534488,0.20257009331635534
-0.0813209939306935,0.11292996273405054,0.04555206640824128,-0.04458747670003739,0.09671920818389447,-0.021911320622345257,0.2035372853981943
0.08553935364541086,-0.3541411859468071,-0.541543247717035,-0.043732083163583284,0.0931777963244264,-0.02234864145398109,0.20446906336143855
-0.00582057608984508,0.014870331599542238,0.19460665962407964,-0.04379028892448174,0.09332649964042182,-0.02278654434322591,0.20540232835784278
-0.0757311068291447,0.008037925624109281,-0.5691814602874171,-0.04454759999277318,0.09340687889666291,-0.02323202034315364,0.2063363971468094
-0.07219130645377277,0.18715487891013963,0.7014323679265138,-0.04526951305731091,0.0952784276857643,-0.023684715473726747,0.20728918142366703
0.1607422378935226,0.2060371597188678,0.8773670857292141,-0.04366209067837568,0.09733879928295298,-0.024121336380510505,0.20826256941649657
0.05313010360192266,0.25342374789312583,1.5228024472062882,-0.043130789642356455,0.09987303676188425,-0.02455264427693407,0.20926129978411542
0.0674771767933471,0.19372785368087286,-0.12664986990060179,-0.042456017874422984,0.10181031529869297,-0.0249772044556783,0.21027940293710234
0.09177777090641646,-0.1468366721816434,-0.7149862451992972,-0.04153824016535882,0.10034194857687653,-0.025392586857331888,0.2112828224228711
-0.06875612793847559,-0.24692853695008773,-0.7154091063391458,-0.042225801444743576,0.09787266320737566,-0.025814844871779322,0.21226154905494488
0.04189732221792937,-0.11768100479169909,-0.2628222957493844,-0.041806828222564284,0.09669585315945867,-0.026232913154004965,0.21322850758653947
-0.17399739287476917,0.1408371775658198,0.2228282717946754,-0.04354680215131197,0.09810422493511686,-0.026668381175518084,0.21420954983589063
0.1785227717029374,0.09747805068705276,0.1810707737127353,-0.0417615744342826,0.09907900544198739,-0.02708599691986091,0.2152003398903105
-0.1707747192133669,0.08490648776647594,0.18360509932195104,-0.043469321626416264,0.09992807031965215,-0.027520690136125073,0.21619962059350703
0.15294826821014731,0.04071230009881744,0.8250962523241638,-0.04193983894431479,0.10033519332064032,-0.027940088525568223,0.21720297252671344
0.18818332055164425,-0.008408096867689004,0.03672253243708157,-0.04005800573879835,0.10025111235196343,-0.028340668582956207,0.21820548365023307
-0.20991463348207826,0.06815082086482036,0.19087450619156374,-0.042157152073619135,0.10093262056061164,-0.0287622401036924,0.2192148098558392
0.06405521747389946,0.055552606011688425,0.05249579296656958,-0.04151659989888014,0.10148814662072853,-0.0291774061026812,0.22022969132204648
0.2203830768467537,0.1556586583867552,0.06671810805316306,-0.0393127691304126,0.10304473320459608,-0.029570533793985325,0.22126013865409244
-0.588593918993637,-0.3607153468562448,-0.5820285890094751,-0.045198708320348974,0.09943757973603362,-0.030022520877188815,0.22225451445145278
-0.21202561344698248,-0.08681868299113449,-0.8525197110785989,-0.0473189644548188,0.09856939290612228,-0.030495710521737003,0.223240208380514
0.6663862362211338,0.0756943938563516,0.546957992939102,-0.04065510209260746,0.0993263368446858,-0.030902261542663078,0.22423347174896086
-0.23068991330507363,-0.07165720923817806,-0.6390441913715715,-0.0429620012256582,0.09860976475230401,-0.03133188155491966,0.22521956939648388
-0.13321094461963837,-0.04481859890782023,-0.706424020116516,-0.044294110671854584,0.09816157876322582,-0.031774822661638204,0.22620118518411614
-0.1532787211176928,0.3289221272263066,0.14571651532866514,-0.045826897883031514,0.10145080003548888,-0.03223309164046852,0.22721569318447102
-0.2625064768146486,-0.3828127669828946,-0.24845551578753167,-0.048451962651178,0.09762267236565994,-0.0327176112669803,0.22819191990812762
-0.4536542328045777,-0.13814555335963988,0.2843722550463735,-0.05298850497922378,0.09624121683206355,-0.03324749631677254,0.22915433207644825
-0.36091236474628824,-0.3123144707198291,-0.2914804536192252,-0.05659762862668666,0.09311807212486525,-0.03381347260303941,0.2300855127976969
0.5075240081719997,-0.07674558576980238,0.4480096645771583,-0.05152238854496666,0.09235061626716723,-0.034328696488489074,0.23100901896036857
-0.8123551143487908,0.6937584066251011,2.5727811710515627,-0.059645939688454566,0.09928820033341824,-0.03492515588537362,0.23200190096370277
0.15451307048068977,0.5229407868982376,-0.24232240467438637,-0.05810080898364767,0.10451760820240062,-0.0355061639752101,0.23304707704572677
-0.6363772397596398,-0.44232554063971924,-0.4587723283853801,-0.06446458138124407,0.10009435279600343,-0.03615080978902254,0.23404802057368682
-0.8224805099389334,-0.31993322564467847,-1.743438250314121,-0.0726893864806334,0.09689502053955665,-0.03687770365382888,0.23501697077908237
-0.02900842854120695,0.014113238345555815,-0.23975583738667824,-0.07297947076604547,0.09703615292301221,-0.037607498361489335,0.2359873323083125
0.040590759629999265,0.053231199776852096,0.13827049760988858,-0.07257356316974548,0.09756846492078072,-0.03833323399318679,0.2369630169575203
-0.16963940083997867,0.0028966561589379948,-0.3650877043646285,-0.07426995717814526,0.0975974314823701,-0.039075933564968246,0.23793899127234402
0.10745414848786147,-0.27297243375027086,-0.42200469032937965,-0.07319541569326665,0.09486770714486739,-0.039807887721900914,0.2388876683437927
-0.7671688248363165,-0.05332191064048218,-0.8573394681671769,-0.08086710394162981,0.09433448803846257,-0.040616558761317215,0.23983101322417733
-0.6077785156336004,-0.9908342481822537,-3.5355503405498734,-0.08694488909796581,0.08442614555664003,-0.041486007652296875,0.24067527467974373
0.07936770349205771,-0.3191913548031434,-1.6954994442898597,-0.08615121206304524,0.0812342320086086,-0.042347519772927326,0.24148761699982982
-0.7469297778049592,-0.22872875365261314,-0.4956917084540459,-0.09362050984109484,0.07894694447208248,-0.043283724871338275,0.24227708644455065
0.31160441437936987,-0.39651013583923095,-0.2502112869876541,-0.09050446569730114,0.07498184311369016,-0.044188769528311286,0.24302690487568754
-0.027181234205355894,-0.15711766428662544,-0.023032142335179098,-0.0907762780393547,0.07341066647082391,-0.045096532308704834,0.24376101154039578
0.3268036758915389,0.11296313992486459,0.4693861414643185,-0.08750824128043931,0.07454029787007255,-0.04597161472150923,0.24450641451909652
-0.04460980124281679,0.12463116064051272,0.8041020925255837,-0.08795433929286747,0.07578660947647767,-0.0468511581144379,0.2452642806138613
0.2557648323544977,-0.17327935024985122,-0.030228889087296266,-0.0853966909693225,0.07405381597397916,-0.04770512502413113,0.24600481877360109
-0.02553686792779429,-0.1267280041050431,-0.6023661782671229,-0.08565205964860044,0.07278653593292872,-0.048561645620617135,0.24673268413293037
0.23037228122304115,-0.40223309717592126,0.04791040444440514,-0.08334833683637002,0.0687642049611695,-0.04939512898898084,0.24742032618254206
-0.2001336882650187,-0.051504234125642784,0.1723030397812487,-0.0853496737190202,0.06824916261991307,-0.05024862572617104,0.2481028178087412
-0.03021597755776301,0.4296975781456627,0.17325806507155017,-0.08565183349459783,0.0725461384013697,-0.05110514406111702,0.24882827919275488
0.26688437248419933,0.053971314439246215,0.05227814159859791,-0.08298298976975584,0.07308585154576216,-0.05193497395881458,0.2495591377082125
-0.5129686341839933,-0.33625036217325094,-0.6709049703995724,-0.08811267611159576,0.06972334792402965,-0.05281610071993054,0.2502563711874528
0.7650004921759672,0.07657297869803925,1.553297540942459,-0.08046267118983609,0.07048907771101004,-0.0536207274318289,0.2509612619645629
-0.35447421680091556,-6.11819794613372e-05,-1.013344396342961,-0.08400741335784524,0.07048846589121542,-0.05446080156540735,0.2516661466234751
-0.0693030018836957,-0.05326703303309681,-0.5167581048773322,-0.0847004433766822,0.06995579556088445,-0.05530780599917417,0.2523657045790839
0.35444663301673923,0.1224171140150454,0.22362983597869918,-0.08115597704651481,0.07117996670103491,-0.056119365769639315,0.25307750424609426
0.002564139716975678,-0.03237799455289539,-0.5535018921543593,-0.08113033564934505,0.07085618675550595,-0.05693066912613277,0.25378606611364934
0.21778961417795076,0.08643440907875183,-0.14512565086649817,-0.07895243950756554,0.07172053084629347,-0.05772019352120842,0.25450327142211226
-0.30911087380556956,-0.08645158472608527,-0.44764114818548806,-0.08204354824562124,0.07085601499903262,-0.058540629003664635,0.2552118315721026
0.2164793382521096,-0.06706620405316241,0.706291686898055,-0.07987875486310014,0.070185352958501,-0.05933941655229564,0.2559136851016876
-0.020554940615670998,0.31860837065653475,0.4807152794211354,-0.08008430426925685,0.07337143666506635,-0.060140259594988206,0.25664739946833826
0.06327517844742507,0.06792224601474021,-0.5053394017843281,-0.0794515524847826,0.07405065912521375,-0.060934775119836034,0.2573879060595904
-0.13083325870524146,-0.2526565891725643,-1.6607941479321886,-0.08075988507183501,0.0715240932334881,-0.06174237397055438,0.25810314699192527
-0.1719039172785229,-0.211418280690074,-1.0426188570494532,-0.08247892424462024,0.06940991042658735,-0.06256716321300058,0.25879724609619115
0.2413480455504998,0.17484554356261545,1.3538984753561325,-0.08006544378911523,0.07115836586221351,-0.06336781765089174,0.25950882975481326
-0.19995416560384527,0.23850980926491194,0.7423298801566208,-0.08206498544515368,0.07354346395486262,-0.06418846750534327,0.2602442643943619
0.18698383225378812,0.10987665628101016,1.0344172634968194,-0.0801951471226158,0.07464223051767273,-0.06499041897656943,0.2609906866995386
-0.19775017633398947,0.045116747737483795,-0.1748194424099474,-0.0821726488859557,0.07509339799504756,-0.06581214546542899,0.2617416206794891
-0.03329791762642859,-0.24852591945409325,-1.4322532646057216,-0.08250562806221999,0.07260813880050664,-0.06663720174605119,0.26246770206749415
-0.17936112166701762,0.19628150802740524,0.5035528626606246,-0.08429923927889017,0.0745709538807807,-0.06748019413884009,0.26321341160630196
0.15096956274894335,-0.18325260844776073,0.07980467409573604,-0.08278954365140075,0.07273842779630309,-0.06830808957535409,0.263940795884265
-0.10813205091093307,-0.19888372314372474,-0.9780969418835108,-0.08387086416051008,0.07074959056486584,-0.06914679821695918,0.26464829178991367
-0.21417826438464943,0.17415745510911732,0.6198424264296047,-0.08601264680435658,0.072491165115957,-0.07000692468500275,0.26537320344107324
-0.072952034687541,-0.10292817765505455,-0.0213995644699152,-0.086742167151232,0.07146188333940647,-0.07087434635651507,0.2660878222744673
0.16507235596783404,-0.6117397351678341,-0.8882200360469353,-0.08509144359155366,0.06534448598772813,-0.0717252607924306,0.2667412671343446
0.3218066057214008,-1.0412999441676052,0.31663714788226216,-0.08187337753433965,0.05493148654605208,-0.07254399456777401,0.2672905819998051
-0.4963760299511406,1.2055596886514994,0.41901480840564703,-0.08683713783385105,0.06698708343256707,-0.07341236594611251,0.2679604528341308
-0.04282032049512471,0.7688686590032199,1.7029528251844688,-0.0872653410388023,0.07467577002259927,-0.07428501935650053,0.26870721053435676
0.21511098399865722,-0.9508852993884794,0.41096445690492295,-0.08511423119881573,0.06516691702871448,-0.07513616166848869,0.2693588797046439
0.0013581243663996544,-0.39877184514265657,1.4187111673710857,-0.08510064995515174,0.061179198577287916,-0.0759871681680402,0.2699706716904168
-0.3149820546280308,0.6454059779442436,0.09869224198465137,-0.08825047050143205,0.06763325835673036,-0.07686967287305452,0.2706470042739841
-0.2880748408582895,0.41234075305983064,0.6002688672139168,-0.09113121891001494,0.07175666588732867,-0.07778098506215467,0.2713645709328574
0.047110484967605136,0.3730307472186771,0.14152586993917898,-0.09066011406033889,0.07548697335951543,-0.07868758620275805,0.27211944066645255
0.15508922883271545,-0.5703996263160754,-1.2319541655838249,-0.08910922177201173,0.06978297709635467,-0.07957867842047817,0.2728172704374161
-0.016399312337651607,0.30505156432098884,1.0852724861167942,-0.08927321489538825,0.07283349273956456,-0.08047141056943205,0.27354560536481176
0.06527397947893494,-0.2545284661848478,-1.0114063677231389,-0.08862047510059891,0.07028820807771609,-0.08135761532043805,0.27424848744558894
-0.16956031296327154,0.3427559540730297,1.4060547539614567,-0.09031607823023162,0.07371576761844638,-0.08226077610274037,0.2749856451217734
0.4126733422133518,-0.09621787398220796,-0.451765825600609,-0.0861893448080981,0.07275358887862429,-0.08312266955082134,0.2757131810105597
-0.09246263464176392,-0.07466829920231936,-1.3982521386608069,-0.08711397115451575,0.0720069058866011,-0.0839938092623665,0.2764332500694257
0.16298420274283976,0.2533911832116579,0.5887424641621124,-0.08548412912708735,0.07454081771871768,-0.08484865055363738,0.27717865824661286
-0.1994918263225452,0.46744392179714667,0.5198723176327769,-0.0874790473903128,0.07921525693668914,-0.08572344102754051,0.27797081081597974
-0.3435332446791486,0.2783834277832609,0.5890823613895493,-0.09091437983710429,0.08199909121452174,-0.08663258482591155,0.278790801728125
0.024204733744594517,0.3341187940943924,0.40270693249201384,-0.09067233249965835,0.08534027915546567,-0.08753930815090813,0.27964420451967964
0.27728067306251625,-0.1602537623838254,-0.3778155636398242,-0.08789952576903319,0.08373774153162741,-0.08841830340859846,0.2804815819349959
-0.1775371609498436,0.29550990748418404,0.5962894370590377,-0.08967489737853163,0.08669284060646926,-0.08931505238238378,0.28134851034106056
-0.08005869232086671,0.42939883089915326,0.6294799188473967,-0.0904754843017403,0.09098682891546078,-0.09021980722540118,0.2822583786302152
0.21443346252768752,-0.0566254714247959,-0.13019563027902445,-0.08833114967646342,0.09042057420121283,-0.09110311872216582,0.2831625843722273
-0.257311408213138,0.07798757501451135,0.4739522491014593,-0.09090426375859481,0.09120044995135794,-0.09201216135975177,0.28407458887174086
0.1630164958625468,0.1446027923121386,0.6307839153561322,-0.08927409879996934,0.09264647787447933,-0.09290490234775146,0.28500105365048567
-0.029457735250598888,0.2104422342225681,0.5323831763311826,-0.08956867615247532,0.09475090021670501,-0.09380058910927622,0.2859485626526527
-0.04294926567556264,0.14253495118907458,0.5261295444337233,-0.08999816880923095,0.09617624972859576,-0.09470057079736853,0.2869103251499387
0.3079112258724651,-0.2361527688872206,-0.5898228972478199,-0.0869190565505063,0.09381472203972355,-0.0955697613628736,0.28784847237033595
0.06030746060505079,-0.07985408087013046,-0.28669002400451515,-0.08631598194445579,0.09301618123102225,-0.09643292118231815,0.28877863418264615
0.04186126312278937,-0.31554973192681773,-0.4620897328379638,-0.0858973693132279,0.08986068391175407,-0.09729189487545042,0.2896772410217637
-0.21533656501789883,0.07637883177807281,-0.24112024143336944,-0.08805073496340689,0.0906244722295348,-0.0981724022250845,0.290583485744059
-0.012668924654734076,0.03669491649616237,0.5662662135845592,-0.08817742420995422,0.09099142139449642,-0.09905417646718404,0.291493399958004
-0.22669650310289155,8.117560045778989e-05,-0.18270300952980773,-0.09044438924098314,0.090992233150501,-0.09995862035959387,0.292403322289509
-0.040563150579812274,0.16696452218472577,0.061819648298833324,-0.09085002074678127,0.09266187837234827,-0.10086712056706168,0.29332994107323246
0.06982048801330588,0.051216404116517913,-0.20342430837775044,-0.09015181586664821,0.09317404241351344,-0.10176863872572817,0.2942616814973676
-0.1557900465224384,-0.006031281865018679,-0.11410137657032066,-0.0917097163318726,0.09311372959486326,-0.10268573588904689,0.2951928187933162
0.06713173587780581,-0.289262741890959,-0.7155486400356442,-0.09103839897309454,0.09022110217595367,-0.10359611987877784,0.29609502981507574
-0.25686089323335626,0.19626670671512936,0.15570164986746224,-0.0936070079054281,0.09218376924310497,-0.10453218995783212,0.2970168675075068
0.11243704839783328,-0.37580127021322957,-1.78338361915825,-0.09248263742144977,0.08842575654097266,-0.10545701633204661,0.2979011250729165
-0.1435625786716716,0.04667323148509959,0.8179179717717869,-0.09391826320816649,0.08889248885582365,-0.10639619896412827,0.29879004996147474
0.019542872473517995,-0.10296093374569314,0.28384528885120985,-0.0937228344834313,0.08786287951836672,-0.10733342730896259,0.2996686787566584
0.23489530504847797,-0.46520302371898986,-0.9159833309214308,-0.09137388143294652,0.08321084928117682,-0.10824716612329205,0.3005007872494702
0.028882538203280725,-0.6573075372522164,0.12782986427503007,-0.09108505605091372,0.07663777390865466,-0.10915801668380119,0.30126716498855677
0.2884622776158084,0.29211463538835747,0.33434204875050083,-0.08820043327475563,0.07955892026253823,-0.11004002101654875,0.30206275419118217
0.19530730191122309,0.17648568209011978,-0.4999695299540081,-0.0862473602556434,0.08132377708343944,-0.11090249461910519,0.3028759919620166
-0.32186767893260093,0.30329183932518505,1.2470808051646314,-0.08946603704496942,0.08435669547669129,-0.11179715498955488,0.3037195589167835
-0.11762274326158538,-0.3951068643659724,1.0608554518236688,-0.09064226447758526,0.08040562683303157,-0.11270357763433073,0.3045236151851138
0.19955623857102317,0.2147942614690776,-0.8419767982533903,-0.08864670209187503,0.08255356944772234,-0.11359004465524948,0.305349150879591
-0.18787310064618906,0.08284884217251853,-0.4401486814425252,-0.09052543309833692,0.08338205786944752,-0.11449529898623285,0.3061829714582855
0.025779863736202058,-0.193092340206363,0.3978577510286733,-0.09026763446097491,0.08145113446738389,-0.1153979753308426,0.30699748280295935
-0.0694396799946288,0.3050256020596018,-0.49771725054300675,-0.0909620312609212,0.0845013904879799,-0.11630759564345182,0.30784249670783914
-0.5304356708758373,-0.437758987976257,-0.5562514370387721,-0.09626638796967957,0.08012380060821733,-0.11727025952314861,0.3086437347139213
0.21533912458918136,0.5119700913248799,-0.3217162202294341,-0.09411299672378776,0.08524350152146613,-0.11821138949038648,0.30949616972913596
0.009127257513572932,-0.17830519579803158,-0.1964567286478362,-0.09402172414865202,0.08346044956348582,-0.119151606731873,0.31033077422477084
-0.141678770288365,0.32525588494355684,0.06355684802417236,-0.09543851185153568,0.08671300841292139,-0.12010599185038835,0.31119790430890004
-0.09596090401232928,0.40417291401199357,0.61324678342968,-0.09639812089165897,0.09075473755304132,-0.12106997305930495,0.31210545168443043
-0.08467964347063399,-0.33646106658463415,-0.6965851317545735,-0.09724491732636531,0.08739012688719498,-0.1220424222325686,0.31297935295330237
0.013533147300709574,-0.10970671331386282,-1.3413103831530617,-0.09710958585335822,0.08629305975405635,-0.12301351809110218,0.3138422835508429
-0.002059597632532196,0.06894911733540857,1.467036482344763,-0.09713018182968354,0.08698255092741043,-0.12398481990939902,0.31471210906011704
0.21763586595791568,0.23887166351683833,1.9211745063502572,-0.09495382317010438,0.08937126756257882,-0.12493435814110007,0.3156058217357428
-0.016561145202532965,0.023243539528130033,0.05746161439328704,-0.09511943462212971,0.08960370295786012,-0.12588555248732136,0.3165018587653214
0.39518591685590915,0.4391857558583353,1.6217734252546587,-0.09116757545357063,0.09399556051644348,-0.12679722824185707,0.3174418143704858
0.034629202574990484,0.16383357299421686,0.09506264080055127,-0.09082128342782073,0.09563389624638564,-0.12770544107613527,0.31839815333294963
-0.178192621317586,-0.17276231400357062,-0.6702842065329352,-0.09260320964099658,0.09390627310634994,-0.12863147317254522,0.3193372160640131
-0.1257993219325246,0.3484065214706035,-0.5128713717911944,-0.09386120286032183,0.09739033832105598,-0.12957008520114843,0.3203111194472237
0.08267616315483335,0.045015727958739614,0.7468957987772048,-0.0930344412287735,0.09784049560064338,-0.13050042961343616,0.3212895244032301
0.013729274707438803,-0.06884295130577553,-0.06113747568071809,-0.09289714848169911,0.09715206608758563,-0.13142940109825316,0.32226104506410597
0.2899221338269933,0.10536919701191731,0.8008797705785318,-0.08999792714342918,0.0982057580577048,-0.13232938036968744,0.32324310264468303
0.06563858882661178,0.017914265582909917,0.5688627495668588,-0.08934154125516305,0.0983849007135339,-0.13322279578223908,0.32422695165181836
-0.21673305402682536,-0.16728211153466085,-0.6748989021917442,-0.09150887179543131,0.09671207959818728,-0.1341378845001934,0.32519407244780024
0.33056089914018466,-0.14023372153847563,0.23628924135292736,-0.08820326280402946,0.09530974238280253,-0.1350199171282337,0.3261471698716283
-0.07698329246430148,0.03883738267148853,-0.26701485044534873,-0.08897309572867247,0.09569811620951742,-0.13590964808552042,0.3271041510337235
0.059795145585595504,0.3836100379549249,0.9774690000772738,-0.08837514427281652,0.09953421658906667,-0.1367933995282486,0.3280994931996141
0.17370001307930116,0.1255378880136721,-0.2616207414287927,-0.0866381441420235,0.10078959546920338,-0.13765978096966883,0.32910738915430615
-0.09910799617376972,-0.032071807471183315,1.0103316182934934,-0.0876292241037612,0.10046887739449155,-0.13853607321070643,0.3301120779282511
-0.07884227268555731,0.11023401181927216,-0.5794813014104818,-0.08841764683061677,0.10157121751268428,-0.1394202496790126,0.33112779010337795
0.3051717622698101,0.44333971588580157,1.137363984680921,-0.08536592920791868,0.10600461467154229,-0.14027390897109177,0.33218783625009335
0.14131194126424051,-0.10115020538374914,-0.5148246688812995,-0.08395280979527626,0.1049931126177048,-0.14111343706904453,0.3332377673762704
0.5443298287686276,-0.030540007132433045,0.4175157061366308,-0.07850951150758999,0.10468771254638047,-0.14189853218412044,0.33428464450173423
0.18261434968722062,0.3330771124891433,0.08746699853305993,-0.07668336801071778,0.1080184836712719,-0.14266536586422762,0.33536482933844697
0.1895912103692989,-0.3138232230018158,-0.028219827327930696,-0.07478745590702479,0.10488025144125374,-0.14341324042329787,0.3364136318528595
-0.45736548674827193,-0.01671489717897305,0.26697312315044003,-0.07936111077450751,0.10471310246946401,-0.14420685153104293,0.3374607628775541
-0.24321581796060118,-0.175395758459205,-0.12352682590884204,-0.08179326895411353,0.10295914488487196,-0.14502478422058407,0.33849035432640284
0.18801139922716106,0.24191129557909516,0.5640203296324722,-0.07991315496184191,0.1053782578406629,-0.14582391577020248,0.33954413690480945
-0.29574108200576793,-0.5240738732253606,-1.6757769914692284,-0.0828705657818996,0.1001375191084093,-0.1466526214280215,0.34054551209589357
0.3993280280575572,0.3557397746635539,-0.734855671551628,-0.07887728550132403,0.10369491685504484,-0.14744139428303474,0.341582461264444
-0.8501014705615015,0.056311286167330436,1.9150013428681487,-0.08737830020693904,0.10425802971671815,-0.14831517728510413,0.3426250415616112
0.9252158060082706,-0.8845625104421149,-2.820885315876035,-0.07812614214685634,0.095412404612297,-0.1490964387065727,0.3435791656077342
-0.026417114440344825,0.1596160411959411,1.1361726839103392,-0.0783903132912598,0.09700856502425641,-0.1498803418394853,0.3445492512579768
-0.7939836884664379,-0.2179190002933394,0.5993641179349055,-0.08633015017592417,0.09482937502132302,-0.15074364334124452,0.34549754500819
0.8372704818913864,0.3342851178969406,1.4553295290038006,-0.07795744535701031,0.09817222620029242,-0.15152321779481462,0.34647926727019296
-0.7435955137933623,-0.3121308273781034,-1.449488351664544,-0.08539340049494393,0.0950509179265114,-0.15237715179976405,0.34742977644945805
-0.07801761857401386,-0.3032960063267567,-0.4471725629836871,-0.08617357668068407,0.09201795786324382,-0.1532388875665709,0.3483499560280905
0.12555257345162132,0.06225855751851685,-0.8040375087744858,-0.08491805094616785,0.092640543438429,-0.15408806807603256,0.34927636146247476
-0.40747656222244605,-0.2751862345345845,0.5178563711248054,-0.08899281656839231,0.08988868109308315,-0.1549779962417165,0.35017524827340557
0.20901354916231027,0.01343861851798276,-0.7410773117988244,-0.08690268107676921,0.09002306727826298,-0.15584702305248418,0.3510754789461882
0.16767568099415583,-0.3636014071537957,0.13762715463895772,-0.08522592426682765,0.08638705320672502,-0.15669928229515245,0.35193934947825545
-0.2833538401350118,-0.03937486168038451,0.06542688571395643,-0.08805946266817777,0.08599330458992117,-0.15757987692183423,0.35279928252415466
0.06265869616467538,-0.03082980719652093,0.4452043418641053,-0.08743287570653101,0.08568500651795596,-0.15845420567889953,0.3536561325893342
0.025959501242877877,0.16202049867362478,0.03875994428723762,-0.08717328069410223,0.08730521150469221,-0.15932593848584056,0.3545291847043811
-0.05276961605932705,-0.026569771197436476,0.08853569455198183,-0.0877009768546955,0.08703951379271785,-0.16020294825438752,0.3553995798423083
0.010782028075867882,0.10913105654956894,0.002021296346441326,-0.08759315657393682,0.08813082435821354,-0.1610788798201269,0.3562808880858904
-0.06791361535130844,-0.012749954305699227,0.012556330291662112,-0.08827229272744991,0.08800332481515655,-0.1619616027474014,0.357160921334042
0.009374921839505652,0.06949198544557872,0.07614920635483388,-0.08817854350905485,0.08869824466961233,-0.16284338818249194,0.3580479037807381
0.0748596634157626,-0.04665594151863889,0.06695957431088935,-0.08742994687489723,0.08823168525442594,-0.16371768765124092,0.35893022063328234
0.0123852497558862,0.09652703541887543,0.05229287651581665,-0.08730609437733837,0.0891969556086147,-0.1645907485950143,0.3598221901893685