-0.0004566192626953125,-0.0002826690673828125,-1.6537295430639589e-06,-1.0237373361824506e-06,-0.0004566192626953125,-0.0002826690673828125
-0.01241912841796875,-0.0082183837890625,-5.129983135480021e-05,-3.3677804171195505e-05,-0.012875747680664061,-0.008501052856445312
-0.00010242462158203126,2.40325927734375e-05,-0.00018410040479171363,-0.00012099274488308826,-0.012978172302246092,-0.008477020263671874
-0.00878753662109375,0.0095855712890625,-0.00037015728150024594,-0.0001872128278870599,-0.021765708923339844,0.0011085510253906264
0.0009428024291992188,0.0011803627014160157,-0.0005811660547478746,-0.0001661452565012817,-0.020822906494140626,0.002288913726806642
-0.06281890869140624,0.000487518310546875,-0.001001906213612403,-0.00010106965352914221,-0.08364181518554686,0.0027764320373535167
0.000899505615234375,-0.0006853103637695313,-0.0017879757215081844,-3.980119038564799e-05,-0.08274230957031249,0.0020911216735839855
0.00044097900390625,0.00074462890625,-0.0026395543248216736,1.1566724746546435e-05,-0.08230133056640625,0.0028357505798339852
0.000597381591796875,0.00078277587890625,-0.0033056263859530554,6.015004333069282e-05,-0.08170394897460938,0.0036185264587402354
0.000347900390625,0.00075225830078125,-0.0038081778683800413,0.000111042907595826,-0.08135604858398438,0.004370784759521486
0.00014400482177734375,0.000540924072265625,-0.004168531684416551,0.00016228373116449716,-0.08121204376220703,0.00491170883178711
0.00119476318359375,-0.18022918701171875,-0.004403194795226336,-0.0004432595171474519,-0.08001728057861328,-0.17531747817993165
0.0008129119873046875,0.00053863525390625,-0.004523742817644688,-0.0022453434445239614,-0.0792043685913086,-0.1747788429260254
-0.04933929443359375,0.04325103759765625,-0.0047276051293823704,-0.004213677068153492,-0.12854366302490233,-0.13152780532836916
0.00027618408203125,0.0014855384826660157,-0.005183225457841169,-0.005479873596673394,-0.12826747894287108,-0.13004226684570314
-0.03395843505859375,-0.014688873291015625,-0.005789251815020795,-0.006346321312576971,-0.16222591400146483,-0.14473114013671876
-9.2315673828125e-05,0.001073932647705078,-0.006458046016534253,-0.007076885276227448,-0.16231822967529294,-0.14365720748901367
0.0005950927734375,0.3118427276611328,-0.007045892382954452,-0.006502003617812771,-0.16172313690185544,0.16818552017211913
0.000341033935546875,-6.570816040039063e-05,-0.007430743410555532,-0.0036640889438347723,-0.16138210296630856,0.16811981201171874
-0.07050857543945313,-0.06638946533203124,-0.00789602062033656,-0.00034668060326597736,-0.2318906784057617,0.1017303466796875
0.00034332275390625,0.0004664421081542969,-0.008679395362078391,0.001956183388084597,-0.23154735565185544,0.1021967887878418
-0.03328704833984375,-0.17935409545898437,-0.009582914179576702,0.002969133872107969,-0.2648344039916992,-0.07715730667114257
0.0004665374755859375,0.0011861801147460937,-0.010438675622072614,0.002481002848978132,-0.26436786651611327,-0.07597112655639647
0.1374359130859375,0.0006744384765625,-0.010623307846864959,0.0013978780267813618,-0.12693195343017577,-0.07529668807983397
-0.0005681991577148437,0.00023632049560546876,-0.009628851581479723,0.0004808921704719391,-0.1275001525878906,-0.0750603675842285
-0.05061798095703125,-0.12209091186523438,-0.008346509280809067,-0.0007317781581680019,-0.17811813354492184,-0.19715127944946287
-0.00026702880859375,0.001200103759765625,-0.0075217115841487246,-0.0026155489627270392,-0.1783851623535156,-0.19595117568969725
-0.00023040771484375,0.00032806396484375,-0.006908331967203622,-0.0045870100423972965,-0.17861557006835935,-0.1956231117248535
0.0005767822265625,0.00048313140869140627,-0.006295289792399737,-0.006162557898455997,-0.17803878784179686,-0.1951399803161621
0.000211334228515625,0.00912628173828125,-0.005686755228555523,-0.007354562240869013,-0.17782745361328123,-0.18601369857788083
0.033126449584960936,0.03923492431640625,-0.004971325650202406,-0.008035991756110483,-0.14470100402832028,-0.14677877426147456
0.070611572265625,0.044039154052734376,-0.003803917990073742,-0.008013315755395878,-0.07408943176269528,-0.1027396202087402
0.11597070693969727,0.1360198974609375,-0.001720031731859778,-0.006924536384730441,0.04188127517700199,0.033280277252197316
0.1721435546875,0.145843505859375,0.0017686769224686974,-0.00423978039564444,0.214024829864502,0.17912378311157232
0.11886043548583984,0.14144363403320312,0.00676111932389044,0.00013055059522884462,0.33288526535034185,0.32056741714477544
0.19617919921875,-0.058879852294921875,0.01303765100727178,0.005126902506143303,0.5290644645690918,0.26168756484985356
0.08487319946289062,0.07182884216308594,0.020262230786032343,0.009581401456404154,0.6139376640319825,0.3335164070129395
0.07727546691894531,-0.020809173583984375,0.02762211613282709,0.01340349721276792,0.6912131309509277,0.3127072334289551
-0.1950847625732422,0.10497493743896484,0.033544106150253335,0.016898711438709812,0.49612836837768554,0.41768217086792
0.09469146728515625,0.11122970581054688,0.03722568296492165,0.02066787960354456,0.5908198356628418,0.5289118766784668
-0.21718368530273438,0.06295795440673828,0.03896133290686846,0.024937824710626947,0.37363615036010744,0.5918698310852051
0.19527740478515626,-0.08509979248046876,0.039326999661598534,0.02870193851451816,0.5689135551452638,0.5067700386047364
0.0788909912109375,0.06537799835205078,0.03997702272883016,0.0312857716608385,0.6478045463562012,0.5721480369567872
0.12079925537109375,0.06551895141601563,0.04165823902316846,0.033398321963327086,0.7686038017272949,0.6376669883728028
0.07009124755859375,0.05930404663085938,0.043876790040315944,0.03560921418078891,0.8386950492858887,0.6969710350036622
0.09565887451171876,0.11451129913330078,0.046390127965588626,0.03802584461654322,0.9343539237976074,0.811482334136963
0.18645248413085938,0.08931808471679688,0.04944421893026667,0.040865842217528627,1.1208064079284668,0.9008004188537599
0.09287643432617188,0.09737701416015625,0.05331812086559068,0.04406577913749951,1.2136828422546386,0.9981774330139161
0.037073516845703126,0.045505523681640625,0.05727115319019648,0.047299963975741176,1.2507563591003417,1.0436829566955568
0.07596397399902344,0.10334091186523438,0.0606309109388994,0.05037889198862746,1.326720333099365,1.1470238685607912
0.06761093139648437,-0.06651611328125,0.06349466345322075,0.052899130895628546,1.3943312644958494,1.0805077552795412
0.02914581298828125,0.0897430419921875,0.06584271940970982,0.05446018167795299,1.4234770774841308,1.1702507972717286
0.07602615356445312,0.103765869140625,0.06758594481322548,0.05576306320124773,1.4995032310485839,1.2740166664123536
0.04857940673828125,0.045757293701171875,0.06889842308861446,0.057288340406805034,1.548082637786865,1.3197739601135254
0.04888992309570313,0.049123382568359374,0.06980337776174915,0.058620506868774694,1.5969725608825682,1.368897342681885
-0.14254302978515626,0.061849212646484374,0.06956358794245805,0.059632087950787345,1.454429531097412,1.4307465553283694
0.07285995483398437,0.06654129028320313,0.06776354003356942,0.06048198825680028,1.5272894859313964,1.4972878456115726
0.03661956787109375,0.12796478271484374,0.06541903117075341,0.06148675176323928,1.56390905380249,1.6252526283264164
0.05289382934570312,0.0598907470703125,0.06322923276561683,0.06282197155440436,1.616802883148193,1.6851433753967289
-0.010788726806640624,0.21004791259765626,0.06095666943443379,0.06468769312510596,1.6060141563415524,1.895191287994385
0.03450698852539062,0.03286819458007813,0.05840944980222381,0.06716992472963972,1.640521144866943,1.9280594825744632
0.0246124267578125,0.07622528076171875,0.05573081424937264,0.06954979778220197,1.6651335716247555,2.004284763336182
0.04065628051757812,0.0336181640625,0.05313144683915524,0.0713275547628471,1.7057898521423336,2.037902927398682
0.1015472412109375,0.028900146484375,0.0509370017595777,0.07240679692438502,1.807337093353271,2.066803073883057
0.04997711181640625,0.04870185852050781,0.0494257310278947,0.07276885238408129,1.8573142051696774,2.115504932403565
0.015979766845703125,-0.07467498779296874,0.048232153632200785,0.07220475948638475,1.8732939720153805,2.0408299446105964
0.01026458740234375,0.013195037841796875,0.04686811004111647,0.07036977349149472,1.8835585594177242,2.0540249824523933
0.03551025390625,0.13150177001953126,0.0453080228933126,0.06811551421082922,1.9190688133239742,2.1855267524719246
0.018561553955078126,0.020241546630859374,0.043707194406474435,0.06631513062832081,1.9376303672790522,2.205768299102784
0.029154205322265626,-0.03999052047729492,0.04210247816863598,0.06432523486820375,1.9667845726013178,2.165777778625489
-0.06983909606933594,0.022458267211914063,0.04017457567777088,0.061592447862574416,1.8969454765319818,2.188236045837403
-0.0017963409423828124,0.00458831787109375,0.037571784559803964,0.058446793684809074,1.8951491355895989,2.192824363708497
-0.07826919555664062,0.0173370361328125,0.03429907083173688,0.05514396780334788,1.8168799400329583,2.2101613998413097
-0.02757568359375,0.006284332275390625,0.030389025389753133,0.05174500274530777,1.7893042564392083,2.2164457321167004
-0.005492019653320313,-0.003912353515625,0.02617227247224414,0.04824397551067514,1.783812236785888,2.2125333786010755
0.0058650970458984375,-0.012640380859375,0.02214452423806498,0.044562724311558936,1.7896773338317864,2.1998929977417006
-0.003589630126953125,-0.0021488189697265623,0.0184613578481463,0.040721769870669375,1.7860877037048333,2.197744178771974
-0.0101898193359375,0.19552001953125,0.015068770133219573,0.03756303529561475,1.7758978843688957,2.393264198303224
-0.006010818481445313,-0.004712295532226562,0.011901682475110644,0.035765808975398175,1.7698870658874504,2.388551902770997
-0.00777130126953125,-0.05045166015625,0.008969250387303892,0.03423433312833338,1.762115764617919,2.3381002426147472
0.0095367431640625,-0.11638755798339843,0.006340816396452287,0.03165224145305297,1.7716525077819816,2.2217126846313486
-0.00224456787109375,0.12489242553710937,0.004081285822380601,0.028458587738845645,1.7694079399108877,2.346605110168458
0.02388763427734375,-0.1997539520263672,0.0022353180456276254,0.025132324999167323,1.7932955741882315,2.146851158142091
-0.031132316589355467,-0.0070220947265625,0.0007096716154557622,0.020963552165824798,1.762163257598876,2.139829063415528
-0.005887603759765625,0.05875320434570312,-0.0007381646936973229,0.016608315421230303,1.7562756538391102,2.1985822677612314
0.05545120239257813,-0.09744834899902344,-0.0018941438882687247,0.012768803129305051,1.8117268562316884,2.101133918762208
-0.003440093994140625,-0.031148529052734374,-0.002466597276731216,0.008763577309462601,1.8082867622375478,2.0699853897094735
-0.04681320190429687,-0.06629581451416015,-0.0029037455936657456,0.0044648708862201625,1.761473560333251,2.003689575195313
0.032572174072265626,-0.09276809692382812,-0.0034612302765907096,-0.00012759982245326526,1.7940457344055165,1.9109214782714852
-0.06281929016113282,-0.02259368896484375,-0.004038926217617015,-0.004964366005241621,1.7312264442443837,1.8883277893066415
-0.008924102783203125,-0.0740478515625,-0.004833428983023016,-0.009709509022893838,1.7223023414611804,1.8142799377441414
-0.04384307861328125,-0.04398345947265625,-0.005879489203990248,-0.014318873390729842,1.6784592628478991,1.7702964782714852
-0.04041213989257812,-0.04221649169921875,-0.007166308570481058,-0.018709975654245974,1.638047122955321,1.7280799865722665
0.05239372253417969,-0.05213851928710937,-0.008401545874494386,-0.02276899217504048,1.6904408454895008,1.6759414672851571
-0.03248291015625,-0.031101226806640625,-0.00919844888929034,-0.02648046982496427,1.6579579353332508,1.6448402404785165
-0.08249282836914062,-0.1842823028564453,-0.010076640947621,-0.030285553897976467,1.5754651069641101,1.4605579376220712
-0.051670265197753903,-0.0110870361328125,-0.01156817119096344,-0.034519978014104204,1.5237948417663563,1.4494709014892586
0.009293365478515624,-0.07830657958984374,-0.013288639646257806,-0.03859619945190126,1.533088207244872,1.371164321899415
-0.008472442626953125,-0.05673503875732422,-0.014686977899589906,-0.04226243761620496,1.5246157646179188,1.3144292831420907
-0.08830184936523437,-0.08505783081054688,-0.015992387345364224,-0.04572210692770948,1.4363139152526845,1.2293714523315438
-0.057207489013671876,-0.065606689453125,-0.017731048991714432,-0.049015302479437084,1.3791064262390127,1.1637647628784187
-0.059908294677734376,0.01176910400390625,-0.019880904320244995,-0.05180287560561209,1.3191981315612784,1.175533866882325
-0.05169830322265625,0.08886566162109374,-0.022221074160900453,-0.05321664212798281,1.267499828338622,1.2643995285034186
-0.085626220703125,-0.086102294921875,-0.024759860040606665,-0.0532548114988289,1.181873607635497,1.1782972335815436
-0.08086814880371093,0.0666168212890625,-0.027626930956110424,-0.05257584047576802,1.1010054588317861,1.2449140548706061
-0.05524139404296875,-0.05644073486328125,-0.030722901334503974,-0.05127948223075823,1.0457640647888173,1.188473320007325
-0.09466552734375,-0.1068359375,-0.03390557721421397,-0.05000580464503517,0.9510985374450673,1.0816373825073249
-0.0586578369140625,-0.06032638549804688,-0.03717707777388881,-0.04941182954867524,0.8924407005310049,1.021310997009278
-0.1058441162109375,-0.0410308837890625,-0.040528405950053026,-0.04917124130169404,0.7865965843200674,0.9802801132202155
-0.0699951171875,-0.07234115600585937,-0.04397955987584051,-0.04903517610247555,0.7166014671325674,0.9079389572143561
-0.1002532958984375,-0.10451431274414062,-0.04748510201383949,-0.04926201725364984,0.61634817123413,0.8034246444702156
-0.069171142578125,-0.07260894775390625,-0.05096216079231196,-0.05002027737445578,0.547177028656005,0.7308156967163093
-0.06815910339355469,-0.07094650268554688,-0.05424578350946241,-0.05109184493835249,0.47901792526245035,0.6598691940307624
0.03298454284667969,-0.12280654907226562,-0.056833685861316645,-0.05247041204665671,0.5120024681091301,0.5370626449584968
-0.14849166870117186,-0.09792251586914062,-0.05872261726577265,-0.054365520869511866,0.3635107994079582,0.4391401290893561
-0.13213348388671875,0.07930984497070312,-0.06088796245852711,-0.05603131233565139,0.23137731552123947,0.5184499740600592
-0.10149383544921875,0.0014739990234375,-0.06368114116163859,-0.05638900792498723,0.12988348007202072,0.5199239730834967
-0.2027423858642578,-0.00115814208984375,-0.06704497831610799,-0.05557785471080983,-0.07285890579223708,0.5187658309936529
-0.17753143310546876,-0.1316516876220703,-0.07136893618477481,-0.05457348193941174,-0.25039033889770584,0.3871141433715826
-0.11795768737792969,-0.1241241455078125,-0.07640237029183591,-0.0543493819132755,-0.36834802627563556,0.2629899978637701
-0.2000213623046875,-0.17706680297851562,-0.08173123509223035,-0.05539158117346454,-0.568369388580323,0.08592319488525446
0.14545211791992188,-0.13870849609375,-0.08635769618188344,-0.05769610386269082,-0.4229172706604012,-0.05278530120849553
-0.15774383544921874,-0.13208389282226562,-0.08922199333849047,-0.0609139416744842,-0.58066110610962,-0.18486919403076116
-0.09341354370117187,-0.17160110473632811,-0.09128152450931976,-0.06480598699231938,-0.6740746498107918,-0.35647029876708924
-0.0916412353515625,-0.17010650634765626,-0.09326317728579962,-0.06946291581827314,-0.7657158851623543,-0.5265768051147455
-0.066839599609375,-0.030652618408203124,-0.09481527911162413,-0.0743199626994534,-0.8325554847717294,-0.5572294235229486
-0.10476913452148437,-0.094342041015625,-0.09593658659697042,-0.07848931674585424,-0.9373246192932138,-0.6515714645385736
-0.14681243896484375,-0.15168685913085939,-0.09701817811437809,-0.08218649938807854,-1.0841370582580576,-0.8032583236694331
-0.099560546875,0.18136444091796874,-0.09832162374053637,-0.08487465512548159,-1.1836976051330577,-0.6218938827514643
-0.14835968017578124,0.08285675048828126,-0.09977865866537117,-0.08483116615220385,-1.3320572853088388,-0.5390371322631831
-0.12783203125,-0.09445877075195312,-0.10145116199432504,-0.08265092593392699,-1.459889316558839,-0.6334959030151361
-0.15029678344726563,-0.22965316772460936,-0.10338922830354369,-0.08084417654394166,-1.6101861000061046,-0.8631490707397456
0.0347991943359375,-0.14859161376953126,-0.10493955989904172,-0.08070414401671644,-1.575386905670167,-1.011740684509277
-0.09659538269042969,-0.10635299682617187,-0.10535934000363056,-0.08171098284487123,-1.6719822883605968,-1.1180936813354487
-0.124908447265625,-0.1105255126953125,-0.105210482747784,-0.08307895828547522,-1.7968907356262218,-1.2286191940307611
-0.11669158935546875,-0.21453704833984374,-0.1052389214554299,-0.08498339807112523,-1.9135823249816906,-1.4431562423706048
-0.1098541259765625,-0.086279296875,-0.10543363720985285,-0.08761336297346269,-2.023436450958253,-1.5294355392456047
-0.13222427368164064,-0.15884552001953126,-0.10576646874163768,-0.09052311555963023,-2.155660724639894,-1.688281059265136
-0.09732513427734375,-0.15303955078125,-0.10622098504681741,-0.0936650358711788,-2.2529858589172376,-1.8413206100463861
-0.09453125,-0.003928375244140625,-0.10658890101357046,-0.096636530421501,-2.3475171089172377,-1.8452489852905267
-0.11169624328613281,-0.21459884643554689,-0.10679452232091337,-0.09908418802764932,-2.4592133522033706,-2.0598478317260738
-0.36722412109375,-0.27795562744140623,-0.10790094904808896,-0.10227322800766973,-2.8264374732971205,-2.33780345916748
-0.07053871154785156,0.00968780517578125,-0.11058403230179513,-0.10621688557276,-2.896976184844972,-2.328115653991699
-0.17122802734375,-0.21192245483398436,-0.1136892994761247,-0.10968371850617673,-3.0682042121887223,-2.540038108825683
-0.09886131286621094,0.004437255859375,-0.11649576613927558,-0.11248100424488629,-3.1670655250549333,-2.5356008529663083
-0.1561443328857422,-0.26246109008789065,-0.11905937308759092,-0.11487928450382089,-3.3232098579406757,-2.798061943054199
-0.033132171630859374,-0.11804046630859374,-0.12108984571403204,-0.11753539161066676,-3.356342029571535,-2.9161024093627925
-0.17101554870605468,-0.1827606201171875,-0.122460381959471,-0.12052379391128526,-3.5273575782775897,-3.09886302947998
-0.1030914306640625,-0.10826568603515625,-0.12356580595527564,-0.12342304462559267,-3.6304490089416523,-3.207128715515136
-0.16546401977539063,-0.17080078125,-0.12466653315108704,-0.12612694274840786,-3.795913028717043,-3.377929496765136
-0.11982498168945313,-0.1312896728515625,-0.1257878800614923,-0.12866819545480795,-3.9157380104064963,-3.5092191696166988
-0.13986587524414062,-0.16798248291015624,-0.1268781400386632,-0.1311096485395703,-4.055603885650637,-3.677201652526855
-0.11959953308105468,-0.13759384155273438,-0.12783305547819043,-0.1334448072625197,-4.175203418731692,-3.8147954940795894
-0.0601837158203125,-0.16953048706054688,-0.12837142944890953,-0.13568558756067053,-4.235387134552004,-3.9843259811401364
-0.11758880615234375,-0.1558349609375,-0.12825741765231957,-0.13788656430587012,-4.352975940704348,-4.140160942077636
-0.15022735595703124,-0.12046966552734376,-0.12791771929393345,-0.13991071415414605,-4.503203296661379,-4.26063060760498
-0.10975189208984375,-0.11266632080078125,-0.12769172798436318,-0.14142347872805136,-4.612955188751223,-4.373296928405761
-0.15174560546875,-0.16008529663085938,-0.12754131981327102,-0.14247333806041815,-4.764700794219973,-4.53338222503662
-0.10334701538085937,-0.10474700927734375,-0.1274386695734382,-0.14323524656846387,-4.868047809600832,-4.638129234313964
0.1524078369140625,-0.1524566650390625,-0.12625274513969995,-0.1436887406719097,-4.71563997268677,-4.790585899353027
-0.099151611328125,-0.08373260498046875,-0.12306036227265883,-0.14377373029638574,-4.814791584014895,-4.874318504333496
-0.16651840209960939,0.17538604736328126,-0.11937431124447728,-0.142285534140354,-4.981309986114504,-4.698932456970215
-0.09522323608398438,-0.09912872314453125,-0.11646919104192319,-0.13837027275014466,-5.0765332221984885,-4.798061180114746
-0.10948562622070312,-0.23535232543945311,-0.11403915560387844,-0.13402315960750052,-5.186018848419192,-5.033413505554199
-0.1564044952392578,-0.12754669189453124,-0.11205708015637557,-0.1309679679432685,-5.342423343658449,-5.1609601974487305
-0.20910720825195311,-0.14851760864257812,-0.11106111905496208,-0.12882704210376272,-5.551530551910402,-5.309477806091309
-0.10222854614257812,0.20428924560546874,-0.1110697326145106,-0.12596624607372922,-5.653759098052981,-5.10518856048584
-0.33807525634765623,-0.3450347900390625,-0.11219010602766318,-0.1220541500596963,-5.991834354400637,-5.450223350524903
-0.10498809814453125,-0.13413619995117188,-0.1147020692624148,-0.11925599027595142,-6.096822452545168,-5.584359550476075
-0.11752471923828126,-0.2230560302734375,-0.11755388625374824,-0.11821483460002828,-6.214347171783449,-5.807415580749512
-0.1019989013671875,0.010673141479492188,-0.1198393193606069,-0.11769347192691208,-6.316346073150636,-5.79674243927002
-0.09632110595703125,-0.5137603759765625,-0.12152985917548594,-0.11814320849651432,-6.412667179107667,-6.310502815246583
0.12714309692382814,-0.14160118103027344,-0.12179120278089833,-0.12100374397736051,-6.285524082183839,-6.452103996276856
-0.09336090087890625,-0.109600830078125,-0.12001166327096532,-0.12492886822024261,-6.378884983062745,-6.561704826354981
-0.0905914306640625,0.0049835205078125,-0.11732715775961469,-0.1276937641807834,-6.469476413726808,-6.5567213058471685
-0.16074447631835936,-0.13680419921875,-0.11495652797612108,-0.12901492285694438,-6.630220890045167,-6.693525505065918
-0.15433578491210936,0.037328338623046874,-0.11335791545606655,-0.1290896512148541,-6.784556674957276,-6.656197166442872
-0.1110382080078125,-0.15586090087890625,-0.11247962176141459,-0.1280716830857712,-6.895594882965089,-6.812058067321778
-0.12948455810546874,-0.24700088500976564,-0.11194706586873303,-0.1272524437303327,-7.025079441070558,-7.059058952331544
-0.09457511901855468,-0.07350006103515624,-0.11156204301751553,-0.12734290971605441,-7.119654560089113,-7.1325590133667
-0.1285186767578125,0.23932571411132814,-0.1112429876624446,-0.12613404898002106,-7.248173236846925,-6.893233299255372
-0.08992538452148438,-0.09018669128417969,-0.11096344318015391,-0.12215404179393935,-7.338098621368409,-6.983419990539551
-0.13408660888671875,-0.37184906005859375,-0.11072435157930667,-0.1181856529630756,-7.4721852302551275,-7.355269050598145
-0.09511680603027343,0.2781707763671875,-0.11056155699525118,-0.11516388671843224,-7.567302036285401,-7.077098274230957
-0.085296630859375,-0.090118408203125,-0.11030709514802171,-0.11062397890794715,-7.652598667144776,-7.167216682434082
-0.37207984924316406,-0.12554893493652344,-0.11080594764150269,-0.10532068475694432,-8.02467851638794,-7.2927656173706055
-0.07900314331054688,0.21249313354492189,-0.11290851326563972,-0.09982130652710829,-8.103681659698488,-7.080272483825683
-0.11527862548828124,-0.12388801574707031,-0.11537037355181677,-0.09313546034300484,-8.21896028518677,-7.204160499572754
-0.08106460571289062,0.23398666381835936,-0.11717477815607699,-0.08546932293832382,-8.30002489089966,-6.9701738357543945
-0.10260543823242188,-0.05713729858398438,-0.11836420072397615,-0.07677396838366601,-8.402630329132082,-7.027311134338379
-0.1135894775390625,-0.129058837890625,-0.11909343725531985,-0.06841602467947468,-8.516219806671144,-7.156369972229004
0.03670501708984375,-0.1842620849609375,-0.1190401068570241,-0.062236875060621775,-8.4795147895813,-7.340632057189941
-0.0787933349609375,0.03025360107421875,-0.11770183971998224,-0.05785471409330317,-8.558308124542238,-7.310378456115722
-0.13970527648925782,-0.23581924438476562,-0.115820115584579,-0.05465018691399784,-8.698013401031496,-7.546197700500488
-0.08277740478515624,-0.056821441650390624,-0.11416401017530557,-0.0529800579252087,-8.780790805816652,-7.603019142150878
-0.19768333435058594,-0.27367706298828126,-0.11294518726158234,-0.05307116068286435,-8.978474140167238,-7.87669620513916
-0.11820220947265625,-0.050286865234375,-0.11244838140395012,-0.054748857368777826,-9.096676349639894,-7.9269830703735344
-0.05213775634765625,-0.048614120483398436,-0.1121644096988094,-0.05689174459394371,-9.148814105987551,-7.9755971908569325
-0.08140487670898437,-0.24025840759277345,-0.11140234471189461,-0.05926594750745826,-9.230218982696535,-8.215855598449705
-0.06519317626953125,-0.05437793731689453,-0.11016508298172673,-0.06250830037589092,-9.295412158966066,-8.2702335357666
-0.1034332275390625,-0.08875961303710937,-0.10867498137312619,-0.06590267570443094,-9.398845386505128,-8.358993148803709
-0.0825347900390625,-0.07238235473632812,-0.10713737902443476,-0.06889167394360203,-9.48138017654419,-8.431375503540037
-0.05901947021484375,-0.04828643798828125,-0.10548423806985094,-0.07141662243886024,-9.540399646759035,-8.479661941528319
-0.0816070556640625,-0.06082496643066406,-0.10359410647220307,-0.07332806063656656,-9.622006702423096,-8.540486907958982
-0.077642822265625,-0.09884033203125,-0.10159704036676621,-0.07483942171273117,-9.699649524688722,-8.639327239990232
-0.0494964599609375,-0.05549774169921875,-0.09949053510209187,-0.07615774748199335,-9.74914598464966,-8.69482498168945
-0.05166015625,-0.05568389892578125,-0.09711253045397898,-0.07711977704263139,-9.80080614089966,-8.750508880615232
-0.050945472717285153,-0.04717750549316406,-0.0944528279271272,-0.07758315319459529,-9.851751613616944,-8.797686386108396
-0.04316864013671875,-0.0372528076171875,-0.09157031778267764,-0.07752546827074519,-9.894920253753662,-8.834939193725583
-0.043878173828125,-0.041059684753417966,-0.08848668625115363,-0.07694348789975243,-9.938798427581787,-8.875998878479
-0.04544219970703125,-0.002576446533203125,-0.08526198991288354,-0.0757832644565538,-9.984240627288818,-8.878575325012203
-0.03104095458984375,-0.026992988586425782,-0.08192765378829647,-0.07397922253310121,-10.015281581878662,-8.905568313598629
-0.042324066162109375,-0.089154052734375,-0.07849204765414602,-0.07192493367488723,-10.057605648040772,-8.994722366333004
-0.025801849365234376,-0.030265998840332032,-0.07499116355391362,-0.0700163129112647,-10.083407497406006,-9.024988365173336
-0.02751922607421875,-0.01915111541748047,-0.07141375350094847,-0.06801561792642549,-10.110926723480224,-9.044139480590816
-0.04380378723144531,-0.020171737670898436,-0.0678356811538763,-0.0656767370700489,-10.15473051071167,-9.064311218261714
-0.0346954345703125,-0.07074661254882812,-0.0644000761275044,-0.06323892019268977,-10.189425945281982,-9.135057830810542
-0.007858657836914062,-0.01106414794921875,-0.06102932092777049,-0.06090746954807544,-10.197284603118897,-9.14612197875976
-0.01742095947265625,-0.01536102294921875,-0.05756894356235678,-0.05846526809325164,-10.214705562591552,-9.161483001708978
-0.00943603515625,-0.008127593994140625,-0.05402681581438432,-0.055754503366494394,-10.224141597747803,-9.16961059570312
-0.023297119140625,-0.020223045349121095,-0.050494556317631674,-0.052865145935756246,-10.247438716888428,-9.18983364105224
-0.1835468292236328,0.0007419586181640625,-0.04767358463870315,-0.04985361730169401,-10.430985546112062,-9.189091682434077
-0.01373443603515625,-0.005228519439697266,-0.04608489756534097,-0.04669700827618669,-10.444719982147218,-9.194320201873774
-0.151544189453125,-0.02162590026855469,-0.04540033506578864,-0.04349137340298193,-10.596264171600343,-9.215946102142329
-0.006412124633789063,-0.10216598510742188,-0.045340183690546695,-0.040723220032474576,-10.602676296234131,-9.318112087249752
-0.005396080017089844,0.012335968017578126,-0.04524782826167766,-0.038589497185287716,-10.60807237625122,-9.305776119232174
0.099212646484375,0.017248916625976562,-0.04421800893035064,-0.03646233677679688,-10.508859729766845,-9.288527202606197
0.024419021606445313,-0.0523712158203125,-0.04192776064822196,-0.034173351981066635,-10.4844407081604,-9.340898418426509
-0.0296356201171875,0.055084609985351564,-0.03897414915820797,-0.03187937065364903,-10.514076328277588,-9.285813808441157
0.011675262451171875,0.0677764892578125,-0.03602077154532155,-0.029042273046872537,-10.502401065826415,-9.218037319183344
0.004167938232421875,0.00570068359375,-0.033034102617053536,-0.025535304843156907,-10.498233127593993,-9.212336635589594
0.04851188659667969,0.25675506591796876,-0.029806993621842994,-0.02101277039017472,-10.449721240997313,-8.955581569671626
0.027162933349609376,-0.090960693359375,-0.026208651788847907,-0.015371195729698708,-10.422558307647703,-9.046542263031
0.020525455474853516,0.02368011474609375,-0.022369726219630653,-0.01006870905151364,-10.40203285217285,-9.022862148284906
0.0747650146484375,-0.04159088134765625,-0.01831396018629311,-0.005792237788899859,-10.327267837524412,-9.064453029632562
0.0548858642578125,0.042052698135375974,-0.013838572031384753,-0.002191338492591118,-10.272381973266599,-9.022400331497186
0.03845672607421875,-0.012580490112304688,-0.009083772258280538,0.0009634251510702162,-10.23392524719238,-9.03498082160949
0.03799591064453125,0.04934883117675781,-0.004356602777413919,0.0038304806835194956,-10.195929336547849,-8.985631990432733
0.02298736572265625,0.5273590087890625,0.00016175879124313765,0.008397051188765282,-10.172941970825192,-8.45827298164367
0.0737548828125,0.039465475082397464,0.004513336452937951,0.016239964323607827,-10.099187088012693,-8.418807506561272
0.0453857421875,0.053821563720703125,0.008872872968987354,0.024961357077579068,-10.053801345825192,-8.364985942840569
0.02813611030578613,0.03755683898925781,0.013091820201497946,0.0325699381385134,-10.025665235519407,-8.327429103851312
-0.009136962890625,0.0248809814453125,0.01676926939440219,0.0390249441952859,-10.034802198410032,-8.302548122406
0.05079212188720703,0.06424598693847657,0.019824701150521862,0.04441253254268707,-9.984010076522825,-8.238302135467523
0.03026123046875,0.37894744873046876,0.0225398686859168,0.05020742542646517,-9.953748846054076,-7.859354686737054
0.05535125732421875,0.04986133575439453,0.025090038815998084,0.057489576523149316,-9.898397588729857,-7.809493350982659
0.06349716186523438,0.19816665649414061,0.027602014224672133,0.06520451129950658,-9.834900426864623,-7.611326694488518
0.07584915161132813,0.08064458370208741,0.03024023021699968,0.07262675715134075,-9.759051275253295,-7.530682110786431
0.0532501220703125,0.054277801513671876,0.03298303872746515,0.07928681267740954,-9.705801153182982,-7.476404309272759
0.08156318664550781,0.08395819664001465,0.03575725875989992,0.084703175292472,-9.624237966537475,-7.3924461126327445
-0.0263763427734375,0.0540130615234375,0.038249899295761385,0.08901091770799428,-9.650614309310912,-7.338433051109307
0.09607124328613281,0.07020916938781738,0.04023485830784257,0.09227738514816383,-9.55454306602478,-7.2682238817214895
0.09166946411132812,0.10062103271484375,0.04224610798334771,0.094743800495932,-9.46287360191345,-7.167602849006646
0.08650665283203125,0.0657958984375,0.044643115713047896,0.0966575123942913,-9.376366949081419,-7.101806950569146
0.055971527099609376,0.0483642578125,0.04716442175415931,0.09787554682867604,-9.320395421981809,-7.053442692756646
0.085516357421875,0.10245132446289062,0.04962038949775832,0.09843702440701113,-9.234879064559934,-6.950991368293756
0.060051345825195314,-0.07542572021484376,0.05199726755512406,0.09812513706429203,-9.174827718734738,-7.026417088508599
0.11556625366210938,0.1964080810546875,0.05439710695487879,0.09697855643470726,-9.059261465072629,-6.830009007453912
0.0722625732421875,-0.018110275268554688,0.05693445968354773,0.09569765583645119,-8.98699889183044,-6.848119282722466
0.10310287475585937,0.10877685546875,0.059549264901702086,0.09421306697874966,-8.883896017074582,-6.739342427253717
0.06792678833007812,0.06452560424804688,0.0621301907349356,0.09256136932723695,-8.815969228744503,-6.67481682300567
0.029394149780273438,0.07284774780273437,0.06436271184442911,0.09096285600342618,-8.78657507896423,-6.601969075202935
0.08079833984375,0.066973876953125,0.0660508801237133,0.08931076792644431,-8.70577673912048,-6.53499519824981
0.1200469970703125,-0.05531578063964844,0.06763380257182376,0.08718246077868647,-8.585729742050168,-6.590310978889458
0.13338165283203124,0.12158889770507812,0.0696244395312742,0.08441993469476425,-8.452348089218136,-6.46872208118438
0.12874755859375,0.12966690063476563,0.07214952046173567,0.08203421868166498,-8.323600530624386,-6.3390551805496145
0.1668243408203125,0.07871055603027344,0.07523807735036939,0.08051317902012425,-8.156776189804074,-6.260344624519341
0.10601806640625,-0.00818939208984375,0.07879242267774085,0.07908350213477432,-8.050758123397824,-6.268534016609185
0.09228744506835937,0.09377975463867187,0.08233295883308729,0.0773063280776186,-7.958470678329464,-6.174754261970513
0.0856475830078125,0.08247146606445313,0.08546691912490903,0.07564690179023999,-7.872823095321651,-6.09228279590606
0.09843482971191406,0.097314453125,0.08816358920586911,0.07445123773551039,-7.774388265609737,-5.9949683427810605
0.2888648986816406,0.12932701110839845,0.09121335429030368,0.07384364558364673,-7.4855233669280965,-5.865641331672662
0.14357376098632812,-0.02471504211425781,0.09541401015016208,0.07346492235371517,-7.341949605941768,-5.890356373786919
-0.10070648193359374,0.09576034545898438,0.09926989226417299,0.07271977070576803,-7.4426560878753625,-5.794596028327935
-0.17528419494628905,0.1351146697998047,0.1002155715836128,0.07213593125823149,-7.617940282821651,-5.65948135852813
0.1255035400390625,0.13604812622070311,0.0983756414149435,0.07242035917117952,-7.492436742782589,-5.523433232307427
0.07625579833984375,-0.18873367309570313,0.09596056305860673,0.07240059811120837,-7.416180944442745,-5.71216690540313
0.16050567626953124,0.14406661987304686,0.09413673210508117,0.07098262677079066,-7.2556752681732135,-5.568100285530083
-0.08902511596679688,0.09884223937988282,0.09236247572559891,0.06948518999794455,-7.34470038414001,-5.469258046150201
0.10965652465820312,0.15262298583984374,0.08987267117144838,0.0690154159782887,-7.235043859481807,-5.316635060310357
0.101251220703125,-0.0362701416015625,0.0873248527901993,0.06895444226663412,-7.133792638778682,-5.35290520191192
0.018914031982421874,0.038749313354492186,0.08512585572722658,0.0683348437940079,-7.11487860679626,-5.314155888557428
0.0394683837890625,0.10228652954101562,0.08269834357280526,0.06734594483486873,-7.075410223007198,-5.211869359016412
0.15188426971435548,0.15870628356933594,0.08037250757401368,0.06699845426920388,-6.923525953292843,-5.053163075447077
0.16477584838867188,0.08690567016601562,0.07910088631631232,0.06757171440968224,-6.758750104904171,-4.966257405281061
-0.16527557373046875,0.02955780029296875,0.07803542771108851,0.0683840662354634,-6.9240256786346395,-4.9366996049880925
0.159033203125,0.1653270721435547,0.07598854972815502,0.06920109558213752,-6.764992475509639,-4.771372532844538
0.11113128662109376,0.07532806396484375,0.07412995759516879,0.07045998744293926,-6.653861188888546,-4.696044468879694
0.0899322509765625,0.15647544860839843,0.07320671581171159,0.07220426882795969,-6.563928937911983,-4.539569020271295
0.3170890808105469,0.21443672180175782,0.07357555882419133,0.07480138998309216,-6.2468398571014365,-4.325132298469537
0.09573783874511718,0.062799072265625,0.07578770771799158,0.0782394104165739,-6.151102018356319,-4.262333226203912
0.16464004516601563,0.121185302734375,0.07897989581380005,0.0816546176949732,-5.986461973190304,-4.141147923469537
0.048291015625,0.100146484375,0.08222235125596764,0.08479878453764067,-5.938170957565304,-4.041001439094537
-0.16728591918945312,0.1217437744140625,0.08408594962274561,0.08780777565565513,-6.105456876754757,-3.9192576646804747
0.16037139892578126,0.15939617156982422,0.08397198603023352,0.0908766158106898,-5.945085477828976,-3.7598614931106504
0.17231826782226561,0.15633468627929686,0.08383995246940663,0.09429096379768172,-5.772767210006711,-3.6035268068313537
0.12187042236328124,0.02884521484375,0.08478520372806382,0.09759756515734919,-5.650896787643429,-3.574681591987604
0.02261810302734375,0.11212005615234374,0.08593703987998533,0.10013311589419847,-5.6282786846160855,-3.46256153583526
0.13790283203125,0.1031005859375,0.08676103674129053,0.10209522336475382,-5.490375852584836,-3.3594609498977603
0.2296783447265625,0.1652088165283203,0.08810660607870015,0.10401003002828443,-5.260697507858273,-3.19425213336944
0.15648384094238282,0.4019508361816406,0.09068653417486003,0.1071321090536376,-5.10421366691589,-2.7923012971877994
0.03074951171875,-0.0644622802734375,0.09360930768254141,0.11147021050604076,-5.07346415519714,-2.856763577461237
0.16423683166503905,0.30532112121582033,0.09608438564472051,0.11558174111624094,-4.909227323532101,-2.5514424562454168
0.11295242309570312,0.11844940185546875,0.09847459696223437,0.11975651396254927,-4.796274900436398,-2.432993054389948
0.10300140380859375,0.07479171752929688,0.10083507069292999,0.12375129703597751,-4.693273496627804,-2.358201336860651
0.2968624114990234,0.14310340881347655,0.10358074131356561,0.1267919095273738,-4.396411085128781,-2.2150979280471748
0.10118331909179687,0.11409492492675781,0.10726859480604818,0.12922129205608554,-4.295227766036984,-2.1010030031204168
0.1136566162109375,0.09605922698974609,0.11102170402164072,0.13107573493216504,-4.181571149826047,-2.0049437761306708
0.16199226379394532,0.15263900756835938,0.1143317914549293,0.13239119942245917,-4.019578886032101,-1.8523047685623113
0.15155868530273436,0.11999969482421875,0.11758053670506392,0.13346268346546586,-3.868020200729367,-1.7323050737380925
0.1461334228515625,0.14256439208984376,0.12081069727445566,0.1343646069600962,-3.7218867778778044,-1.5897406816482487
0.09308233261108398,0.11668548583984376,0.1237092862421443,0.13506302149819152,-3.6288044452667205,-1.4730551958084048
0.16012115478515626,0.160284423828125,0.12612717486905078,0.13563311763389513,-3.468683290481564,-1.31277077198028
0.3058311462402344,0.15817718505859374,0.12892877025654442,0.13630197516252626,-3.1628521442413295,-1.1545935869216861
0.10463333129882812,0.10619316101074219,0.13258056117957534,0.13699819275479722,-3.0582188129425014,-1.0484004259109438
0.15161819458007814,0.16012115478515626,0.13613174828919436,0.13751836888934688,-2.906600618362423,-0.8882792711257876
0.09860458374023437,0.09348392486572266,0.1389669222573534,0.13784464233007687,-2.807996034622189,-0.794795346260065
0.098773193359375,0.09748878479003906,0.1409483688051471,0.13773099405719272,-2.7092228412628137,-0.6973065614700259
0.10901031494140626,0.09269123077392578,0.1420326842283601,0.1370209924068914,-2.6002125263214073,-0.6046153306961001
0.14268569946289061,0.1702850341796875,0.14254695311077495,0.1360827941959931,-2.457526826858517,-0.4343302965164126
0.13697357177734376,-0.09998321533203125,0.14283685053846024,0.13453298478306386,-2.320553255081173,-0.5343135118484439
0.16814727783203126,0.058184814453125,0.1431281963746604,0.13138980058503735,-2.1524059772491415,-0.4761286973953189
0.1604827880859375,0.18270416259765626,0.14359389076643073,0.1275760190593339,-1.991923189163204,-0.2934245347976626
0.06651687622070312,-0.001007080078125,0.14391587013003104,0.12406550442462665,-1.925406312942501,-0.2944316148757876
0.11058502197265625,0.09773330688476563,0.14356408271816115,0.12033762356263598,-1.8148212909698447,-0.196698307991022
0.16832199096679687,0.100079345703125,0.1428413182575411,0.11654013793461095,-1.646499300003048,-0.096618962287897
0.13763809204101562,0.160748291015625,0.14228513241540675,0.11333371665048325,-1.5088612079620323,0.06412932872772799
0.10555343627929688,0.10043487548828126,0.14174711033765164,0.11089808195539448,-1.4033077716827353,0.16456420421600926
0.16403961181640625,0.08768644332885742,0.14110037899051314,0.1088797008947298,-1.239268159866329,0.2522506475448667
0.1269287109375,0.14078445434570314,0.14054503959082829,0.10712140323490418,-1.1123394489288292,0.39303510189056984
0.07715835571289062,0.08234682083129882,0.13983701510025986,0.10573310951437362,-1.0351810932159387,0.47538192272186863
0.02588958740234375,0.09126358032226563,0.13833083464480603,0.10447600088738315,-1.009291505813595,0.5666455030441343
0.08940038681030274,0.08492050170898438,0.13585667749610308,0.10317690162033553,-0.9198911190032922,0.6515660047531187
0.0680755615234375,0.13916168212890626,0.13280511135820475,0.10204426097748696,-0.8518155574798547,0.7907276868820249
0.11030254364013672,0.3039402008056641,0.12954284132965094,0.10203407596076516,-0.741513013839718,1.094667887687689
0.08036575317382813,0.08335113525390625,0.12627164559715648,0.1035548293158014,-0.6611472606658899,1.1780190229415952
0.02472057342529297,0.06897659301757812,0.12277492686593959,0.10528213406665612,-0.6364266872405969,1.2469956159591733
0.13054428100585938,0.07797393798828126,0.1190118404317804,0.10628689901443804,-0.5058824062347376,1.3249695539474546
0.25318069458007814,0.10885066986083984,0.11608941109092162,0.10679714785332138,-0.25270171165465943,1.4338202238082944
0.08929290771484374,0.10116939544677735,0.11459111133843322,0.10711442281096896,-0.1634088039398157,1.5349896192550718
0.11484375,0.1068105697631836,0.11365636051327804,0.10734216526737271,-0.048565053939815694,1.6418001890182554
0.07071094512939453,0.031215667724609375,0.1126386336833852,0.10723091479856198,0.02214589118957884,1.6730158567428648
0.013519287109375,0.06904869079589844,0.11113192150995185,0.10644736570630522,0.03566517829895384,1.7420645475387633
0.11196746826171874,0.10777969360351562,0.10902012015861817,0.105252860621598,0.1476326465606726,1.8498442411422789
0.0926361083984375,0.061316299438476565,0.1068682962542231,0.10398090144686542,0.2402687549591101,1.9111605405807555
0.1086517333984375,0.0956451416015625,0.1049886664797201,0.1025905739117496,0.34892048835754763,2.006805682182318
0.09943084716796875,0.10342941284179688,0.10337674216211688,0.10122986465303764,0.44835133552551637,2.110235095024115
0.05740852355957031,0.09599094390869141,0.10185130924095072,0.10006743616432316,0.5057598590850867,2.2062260389328063
0.04241523742675781,0.11613922119140625,0.10002830489302342,0.0991351277449091,0.5481750965118445,2.3223652601242124
0.08771018981933594,0.08936080932617188,0.0978858391759701,0.0984309963638734,0.6358852863311805,2.4117260694503844
0.1852203369140625,0.07773208618164062,0.0961339011499499,0.09776498052426788,0.8211056232452429,2.489458155632025
0.01765289306640625,0.12677536010742188,0.09499775495984128,0.09713692788164277,0.8387585163116492,2.616233515739447
0.05895538330078125,0.0746063232421875,0.09368258076925054,0.09667393882663342,0.8977138996124304,2.6908398389816344
-0.09640731811523437,0.0112213134765625,0.09136619898290504,0.09592602470155898,0.801306581497196,2.702061152458197
0.05149078369140625,0.05151824951171875,0.08780505719583698,0.09444829375838622,0.8527973651886023,2.7535794019699154
0.037923431396484374,0.04442291259765625,0.08371288325144709,0.0924176090176452,0.8907207965850866,2.7980023145675714
0.05208740234375,0.05234832763671875,0.0797240850867793,0.09007667137354464,0.9428081989288366,2.8503506422042904
0.035533905029296875,0.03783721923828125,0.07587312251366937,0.08748906320857414,0.9783421039581335,2.888187861442572
0.10864486694335937,0.0568634033203125,0.07238952022916269,0.08472493386250053,1.0869869709014928,2.9450512647628844
0.03872528076171875,-0.015024566650390625,0.06948032250024036,0.0816779710205222,1.1257122516632114,2.930026698112494
0.03808860778808594,0.03850860595703125,0.0668501763231557,0.0781804418982977,1.1638008594512974,2.9685353040695253
0.04563980102539063,0.06051483154296875,0.06426125908286684,0.07456347911162084,1.209440660476688,3.029050135612494
0.0348236083984375,0.03700103759765625,0.06175758028910336,0.07116704631120706,1.2442642688751255,3.06605117321015
0.0462554931640625,0.05129928588867187,0.05935193672048104,0.0679656046565985,1.290519762039188,3.117350459098822
0.01737213134765625,0.019757843017578124,0.05700224249189409,0.0648779592892468,1.3078918933868442,3.1371083021164003
0.0265289306640625,0.021013641357421876,0.05459878038219592,0.06175817764013849,1.3344208240509068,3.158121943473822
0.017763519287109376,0.016677093505859376,0.05211509724188877,0.05853584505519544,1.352184343338016,3.1747990369796817
0.16582870483398438,0.022452545166015626,0.05010615186359413,0.05526839351565041,1.5180130481720004,3.1972515821456975
0.038482666015625,-0.000954437255859375,0.049103288838035684,0.05195185935284125,1.5564957141876254,3.1962971448898383
-0.0742340087890625,0.013622283935546875,0.048162835158126714,0.04854644365741416,1.482261705398563,3.209919428825385
-0.13989105224609374,0.013566970825195312,0.04577281004156532,0.04513656281939044,1.3423706531524693,3.2234863996505805
0.002442169189453125,0.007415008544921875,0.04183553785343575,0.041802452996188906,1.3448128223419225,3.2309014081955025
0.1261627197265625,0.020545196533203126,0.037901235714992244,0.038582869748468654,1.470975542068485,3.251446604728706
0.0001190185546875,-0.007082366943359375,0.03498156352118509,0.03547857530309151,1.4710945606231725,3.2443642377853465
-0.06529045104980469,0.00429534912109375,0.03225182126981269,0.03240441294205642,1.4058041095733678,3.2486595869064403
-0.019890594482421874,0.06331024169921876,0.028954779054247422,0.029596098994649586,1.3859135150909458,3.311969828605659
0.010297393798828125,0.0003887176513671875,0.025431853720070098,0.0272918227705225,1.396210908889774,3.3123585462570264
-0.0078369140625,-0.007397842407226562,0.022088268529912605,0.025172668362147033,1.388373994827274,3.3049607038497997
-0.01190032958984375,-0.001763153076171875,0.01890652272746269,0.022975318598957618,1.3764736652374303,3.303197550773628
-0.06711654663085938,0.006671905517578125,0.015611273936728974,0.02078750027912374,1.309357118606571,3.309869456291206
0.19718589782714843,0.03747634887695313,0.012811291668748991,0.018832424958302577,1.5065430164337192,3.347345805168159
-0.016753387451171876,0.0870391845703125,0.01140614306968486,0.01753369811414104,1.4897896289825474,3.4343849897384717
-0.01722297668457031,0.10255451202392578,0.010594958292797772,0.017330025540931847,1.472566652297977,3.5369395017623977
-0.022649383544921874,0.018775177001953126,0.009494906463473198,0.01803452474541708,1.449917268753055,3.555714678764351
0.014474868774414062,-0.05920200347900391,0.008262402668595506,0.018656061734930476,1.464392137527469,3.4965126752853473
-0.0469085693359375,-0.033261871337890624,0.006963807919543228,0.018424848046038753,1.4174835681915317,3.4632508039474565
-0.035372352600097655,-0.06847686767578125,0.0053603056177649235,0.017261024445183563,1.382111215591434,3.394773936271675
-0.03866729736328125,0.01989574432373047,0.0033740863082372383,0.01549222628174492,1.3434439182281526,3.4146696805954058
-0.028179168701171875,0.027296829223632812,0.0011521358407528964,0.013781960391179793,1.3152647495269807,3.4419665098190384
-0.05743560791015625,-0.033704376220703124,-0.0012768970612752294,0.01229821206081984,1.2578291416168244,3.408262133598335
-0.052326202392578125,-0.09378089904785156,-0.003999532552493705,0.010392967195030314,1.2055029392242462,3.3144812345504837
-0.035337066650390624,0.06441097259521485,-0.006935943656795007,0.008079291498945535,1.1701658725738555,3.3788922071456984
-0.039544677734375,-0.039493560791015625,-0.00988246030861394,0.006009156586527352,1.1306211948394804,3.3393986463546828
-0.008050537109375,-0.056423187255859375,-0.012649638028592775,0.003931887633265102,1.1225706577301053,3.2829754590988234
-0.04639739990234375,-0.067919921875,-0.015152584397448769,0.0013381649486080283,1.0761732578277616,3.215055537223823
-0.06568679809570313,-0.11181221008300782,-0.017631620187276816,-0.001953901400265602,1.0104864597320584,3.1032433271408153
-0.0337493896484375,-0.11474456787109374,-0.02021765848275888,-0.006153102342675867,0.9767370700836209,2.9884987592697216
-0.07489471435546875,-0.07639923095703124,-0.022843355159418134,-0.011092236471250228,0.9018423557281521,2.9120995283126905
-0.052469635009765626,-0.07377090454101562,-0.025565362263335837,-0.016302629112373176,0.8493727207183864,2.838328623771675
-0.08622512817382813,-0.13791542053222655,-0.02843739963539438,-0.02173903135966518,0.7631475925445583,2.7004132032394486
-0.047647857666015626,0.22472038269042968,-0.03141700538483867,-0.026427640701462526,0.7154997348785427,2.925133585929878
-0.05468292236328125,-0.052622222900390626,-0.03431180190822845,-0.029032343770158925,0.6608168125152615,2.8725113630294876
-0.10107078552246093,-0.07012786865234374,-0.037172906586042116,-0.03061364678863957,0.5597460269928005,2.802383494377144
-0.05614013671875,0.21910400390625,-0.0401631154258324,-0.03139901076838921,0.5036058902740506,3.021487498283394
-0.20923995971679688,-0.09646186828613282,-0.04361512142976614,-0.030617919343504003,0.2943659305572537,2.9250256299972612
-0.09231185913085938,-0.0942474365234375,-0.04792648403787514,-0.029766968133015867,0.2020540714263943,2.8307781934738236
-0.10222244262695312,0.1712310791015625,-0.052638245792842805,-0.029035219609186484,0.09983162879944119,3.002009272575386
-0.073590087890625,-0.07146759033203125,-0.05716156870869093,-0.027361866080722434,0.026241540908816183,2.9305416822433545
0.032978057861328125,-0.09023895263671874,-0.06090414849982769,-0.025788919366605316,0.05921959877014431,2.840302729606636
-0.10589141845703125,0.03128204345703125,-0.06356621872281343,-0.024897652974569272,-0.04667181968688694,2.871584773063667
-0.44477691650390627,-0.11138153076171875,-0.06713240297040816,-0.024294433607283165,-0.4914487361907932,2.7602032423019485
-0.13762283325195312,0.06808395385742187,-0.0732490299935045,-0.023884387483306475,-0.6290715694427463,2.8282871961593705
-0.07524642944335938,0.08748626708984375,-0.08018883035495174,-0.022788482054007218,-0.7043179988861057,2.9157734632492143
-0.12151527404785156,-0.0541748046875,-0.08632058316071425,-0.020856810339157015,-0.8258332729339573,2.8615986585617144
-0.013238525390625,-0.05374984741210938,-0.0914041150270449,-0.01920772853526783,-0.8390717983245822,2.807848811149605
-0.09622879028320312,-0.0295501708984375,-0.09522029935214228,-0.01824144526013462,-0.9353005886077853,2.7782986402511676
-0.184405517578125,-0.12659873962402343,-0.09844853229378708,-0.018035439571184638,-1.1197061061859104,2.6516999006271442
-0.19848670959472656,-0.18881683349609374,-0.10212803454678926,-0.019309557289412266,-1.3181928157806369,2.4628830671310507
-0.17754592895507812,-0.08439979553222657,-0.10647752961666893,-0.022228331363479285,-1.4957387447357149,2.378483271598824
-0.13323211669921875,0.01813507080078125,-0.11106374583756635,-0.025579353058797393,-1.6289708614349336,2.3966183423996053
-0.13172264099121095,-0.2258747100830078,-0.11537941269669147,-0.02900656239468914,-1.7606935024261445,2.1707436323165976
-0.19903411865234374,-0.18825531005859375,-0.11947841724997559,-0.033707762892595416,-1.9597276210784882,1.9824883222580039
-0.16436767578125,-0.02972564697265625,-0.12369319875338206,-0.03944451120261778,-2.124095296859738,1.9527626752853475
0.014803314208984375,-0.09170455932617187,-0.12728762705128757,-0.044905028933483804,-2.109291982650754,1.8610581159591757
-0.15563278198242186,-0.17493743896484376,-0.12950454944895703,-0.050231421261080725,-2.2649247646331756,1.686120676994332
-0.179730224609375,-0.11467552185058594,-0.1312090367531473,-0.055977468648719525,-2.4446549892425504,1.571445155143746
-0.104534912109375,0.23392562866210936,-0.1329793086697697,-0.0605940238342445,-2.5491899013519252,1.8053707838058555
-0.16015777587890626,-0.15230636596679686,-0.13452306342600753,-0.06285362522097607,-2.7093476772308316,1.6530644178390586
-0.100067138671875,-0.09528961181640624,-0.13576775219137927,-0.06443589359160655,-2.8094148159027066,1.5577748060226524
-0.16710433959960938,-0.15296859741210939,-0.1367530143204577,-0.06662290044318693,-2.976519155502316,1.404806208610543
-0.0908782958984375,-0.15648117065429687,-0.13749869518662675,-0.0695085154145744,-3.0673974514007534,1.2483250379562463
-0.15852203369140624,-0.30533523559570314,-0.1379686391003878,-0.07371062894619275,-3.2259194850921595,0.9429898023605432
-0.14678497314453126,-0.15680770874023436,-0.13837232694915763,-0.07950702210268809,-3.372704458236691,0.7861820936203088
-0.16131591796875,-0.15998153686523436,-0.13892729305933896,-0.08602890396144035,-3.534020376205441,0.6262005567550744
-0.08960189819335937,-0.20946502685546875,-0.13940388658572195,-0.09272795416585908,-3.6236222743988002,0.4167355298996056
-0.106201171875,-0.19438095092773439,-0.13940125680048374,-0.09979357091095965,-3.7298234462738002,0.22235457897187122
-0.209832763671875,-0.126318359375,-0.13923329799478015,-0.10688716575704688,-3.9396562099456753,0.09603621959687123
-0.10280609130859375,-0.10201416015625,-0.13935250394242876,-0.11326576654323094,-4.042462301254269,-0.0059779405593787804
-0.11203651428222657,-0.13648529052734376,-0.1393439092793901,-0.11865568066736093,-4.1544988155364955,-0.14246323108672254
-0.0019540786743164062,-0.23535614013671874,-0.138509006060049,-0.12365954582045327,-4.156452894210812,-0.3778193712234413
-0.10537528991699219,-0.22654571533203124,-0.13660504879026936,-0.12907682059459502,-4.261828184127804,-0.6043650865554725
-0.06903915405273438,-0.11496963500976562,-0.13405251713693359,-0.13465188433776548,-4.330867338180538,-0.7193347215652381
-0.12504730224609376,-0.12823333740234374,-0.13130819527786994,-0.13948622398726285,-4.455914640426632,-0.8475680589675819
-0.16223793029785155,-0.06040382385253906,-0.12885184846522688,-0.1430767331512601,-4.618152570724483,-0.907971882820121
-0.169256591796875,-0.15595512390136718,-0.12716982175274427,-0.14547669502495916,-4.787409162521358,-1.063927006721488
-0.12260951995849609,-0.11519927978515625,-0.1261769991660857,-0.14714403613362756,-4.910018682479855,-1.1791262865066443
-0.17313194274902344,-0.1866119384765625,-0.125646062182091,-0.14848336717510058,-5.083150625228878,-1.3657382249832068
-0.11744022369384766,-0.1202850341796875,-0.1255048126304483,-0.14965813988632296,-5.200590848922726,-1.4860232591628943
-0.15871200561523438,-0.14463958740234376,-0.12562090252596572,-0.1505445372671048,-5.35930285453796,-1.6306628465652382
-0.10680942535400391,-0.1153533935546875,-0.12586002473667507,-0.15100679979681805,-5.466112279891964,-1.7460162401199257
-0.11812744140625,-0.10790061950683594,-0.12601319751438989,-0.15095637006832835,-5.584239721298213,-1.8539168596267617
-0.0743072509765625,-0.171484375,-0.12582749914167038,-0.1505476860472026,-5.658546972274776,-2.0254012346267616
-0.012834739685058594,-0.158380126953125,-0.12486174506550424,-0.15023110783617347,-5.671381711959834,-2.1837813615798867
-0.15494537353515625,-0.1488698959350586,-0.12316764224858591,-0.15009714335935267,-5.826327085494991,-2.332651257514945
-0.10656661987304687,-0.12164688110351562,-0.12151983384932546,-0.14990306189847974,-5.932893705368038,-2.454298138618461
-0.153912353515625,-0.18007583618164064,-0.12027037938428983,-0.14964144506605662,-6.0868060588836626,-2.6343739748001016
-0.11262283325195313,-0.14404449462890626,-0.11939071243478748,-0.1495212138309753,-6.199428892135615,-2.778418469429008
-0.20113067626953124,-0.18485870361328124,-0.11902631170500295,-0.14961952882615576,-6.400559568405146,-2.963277173042289
-0.10735054016113281,-0.11882057189941406,-0.11925047653368205,-0.14982535146074194,-6.507910108566279,-3.082097744941703
-0.13730010986328126,-0.144561767578125,-0.11971386168513361,-0.14988090013925415,-6.64521021842956,-3.226659512519828
-0.09524688720703126,-0.15936965942382814,-0.12009579520906066,-0.14981075071297856,-6.740457105636591,-3.3860291719436564
-0.09474639892578125,-0.09815750122070313,-0.12020605439416418,-0.1496151797823526,-6.835203504562372,-3.4841866731643596
-0.15789794921875,-0.21807327270507812,-0.12016006171796188,-0.14936198576950852,-6.993101453781122,-3.7022599458694376
-0.0971649169921875,-0.10801239013671875,-0.12021958542915376,-0.14931251578194568,-7.09026637077331,-3.8102723360061566
0.13804588317871094,-0.17766952514648438,-0.11930352801500438,-0.14932367823177833,-6.952220487594599,-3.987941861152641
-0.10685882568359376,-0.055042266845703125,-0.1165472965988854,-0.14904726891628317,-7.059079313278192,-4.042984127998344
-0.37018280029296874,-0.14215087890625,-0.11416618472088257,-0.1482136359205801,-7.429262113571161,-4.185135006904594
0.09233207702636718,-0.1658203125,-0.11325284697071165,-0.14719814767268719,-7.336930036544794,-4.350955319404594
-0.14112930297851561,-0.15337142944335938,-0.11203056923489653,-0.14648696470521422,-7.478059339523309,-4.504326748847953
-0.14281082153320312,-0.15391998291015624,-0.11058941328641485,-0.1460383813044877,-7.620870161056512,-4.658246731758109
-0.094622802734375,-0.09658584594726563,-0.1096690751026857,-0.14556738144575107,-7.715492963790887,-4.754832577705375
-0.216790771484375,-0.04249153137207031,-0.1092975887673608,-0.144475220524375,-7.932283735275262,-4.7973241090774446
-0.1115386962890625,-0.0927032470703125,-0.10972016854576168,-0.14246123689520845,-8.043822431564324,-4.890027356147757
-0.0958282470703125,-0.09985313415527344,-0.1104245803472959,-0.1398983801583771,-8.139650678634636,-4.9898804903030305
0.002376556396484375,-0.041375732421875,-0.11050407962294247,-0.13693499787587482,-8.137274122238152,-5.031256222724905
-0.08488693237304687,-0.0950714111328125,-0.10960707119193983,-0.1334760228741249,-8.222161054611199,-5.126327633857717
-0.15774383544921874,-0.15119857788085939,-0.10844582224815617,-0.1300326814560583,-8.379904890060418,-5.277526211738577
0.043103790283203124,-0.09742393493652343,-0.10719654211987373,-0.12705857439253734,-8.336801099777215,-5.374950146675101
-0.13128204345703126,-0.09111404418945312,-0.10533228406094432,-0.12431129984205248,-8.468083143234246,-5.466064190864554
-0.12868804931640626,-0.13614311218261718,-0.1035065239053377,-0.1217163458067156,-8.596771192550651,-5.602207303047171
0.22151565551757812,-0.0922821044921875,-0.10108389720023755,-0.11943096297093009,-8.375255537033073,-5.694489407539359
-0.13974990844726562,-0.16189041137695312,-0.09695902232692394,-0.11753533403820811,-8.51500544548034,-5.856379818916312
-0.13637847900390626,-0.08413238525390625,-0.09280505355565095,-0.11605719420872987,-8.651383924484245,-5.9405122041702185
-0.11970405578613282,0.1783355712890625,-0.08991048419175696,-0.11368827616303714,-8.771087980270378,-5.762176632881156
-0.08882980346679688,-0.01334686279296875,-0.08786738788347304,-0.10911938003563566,-8.859917783737176,-5.775523495674125
-0.13335418701171875,-0.12246589660644532,-0.08644395723910044,-0.10360793546937434,-8.993271970748895,-5.89798939228057
-0.07567672729492188,-0.07419357299804688,-0.08556172034337775,-0.09869702395383882,-9.068948698043817,-5.972182965278616
-0.13196563720703125,0.0895477294921875,-0.08509267651003102,-0.09381253229421234,-9.200914335250848,-5.882635235786429
-0.1186370849609375,-0.10737533569335937,-0.08512690508452896,-0.08837324709182766,-9.319551420211786,-5.990010571479789
-0.0844085693359375,0.061208343505859374,-0.0855653204040965,-0.08277110635685557,-9.403959989547724,-5.92880222797393
-0.09802169799804687,-0.1448089599609375,-0.0860888633281827,-0.07735199153178907,-9.50198168754577,-6.073611187934867
-0.1117218017578125,-0.09467620849609375,-0.08670034656095423,-0.0728647447376519,-9.613703489303584,-6.168287396430961
-0.10018157958984375,-0.11475296020507812,-0.0874833356486903,-0.06967835721718975,-9.713885068893427,-6.2830403566360395
-0.05413818359375,-0.014720916748046875,-0.08819783622063188,-0.06722875967377048,-9.768023252487177,-6.297761273384086
-0.0945587158203125,-0.28971405029296876,-0.08861573494253074,-0.0657755565721874,-9.86258196830749,-6.587475323677055
-0.079119873046875,-0.050113677978515625,-0.08884938155466938,-0.06593940342487856,-9.941701841354364,-6.637589001655571
-0.0573695182800293,-0.1041046142578125,-0.08888117920046415,-0.06691060426960763,-9.999071359634394,-6.741693615913383
-0.08522567749023438,-0.07017440795898437,-0.08863095780132645,-0.06794407285341397,-10.084297037124628,-6.811868023872368
-0.06818923950195313,-0.06128692626953125,-0.08820955898476251,-0.06893228081542319,-10.15248627662658,-6.873154950141899
-0.040380859375,-0.04814987182617188,-0.08752773019997526,-0.06963344363281751,-10.192867136001581,-6.921304821968071
-0.08248291015625,-0.08823013305664062,-0.08652710516515996,-0.07010195382698596,-10.27535004615783,-7.009534955024711
-0.047953033447265626,-0.256134033203125,-0.08535327666575429,-0.07121973644166464,-10.323303079605097,-7.265668988227836
-0.08837890625,-0.07464542388916015,-0.08410022775870174,-0.07356893790550723,-10.411681985855097,-7.340314412116997
-0.03009033203125,-0.07936859130859375,-0.08275566996075785,-0.07622564077334969,-10.441772317886347,-7.4196830034255905
-0.04850826263427734,-0.048023033142089847,-0.08114488905042677,-0.07836468529384835,-10.490280580520624,-7.46770603656768
-0.063177490234375,0.022437286376953126,-0.07930999835332943,-0.07957424170655657,-10.553458070755,-7.445268750190727
-0.050980758666992185,-0.024382877349853515,-0.07744285435618604,-0.07953379963738964,-10.60443882942199,-7.46965162754058
-0.029071044921875,-0.017733001708984376,-0.07546118920230155,-0.0785073345228437,-10.633509874343865,-7.487384629249565
-0.026271820068359375,-0.026512336730957032,-0.07319934628883479,-0.07682345533940267,-10.659781694412224,-7.513896965980522
-0.0521636962890625,-0.04215927124023437,-0.0707298567170443,-0.07470977144917061,-10.711945390701286,-7.556056237220757
-0.03921356201171875,-0.015545654296875,-0.06825280908804891,-0.07231562964207262,-10.751158952713006,-7.5716018915176315
-0.029752349853515624,-0.022244071960449217,-0.0657710224111375,-0.06960953254938322,-10.78091130256652,-7.59384596347808
-0.04490966796875,-0.025684165954589843,-0.0632606839765348,-0.06664606665401906,-10.82582097053527,-7.61953012943267
-0.018013763427734374,-0.22457733154296874,-0.06074092517968311,-0.06427957232440822,-10.843834733963005,-7.844107460975639
-0.025339698791503905,0.01418914794921875,-0.05813639326674835,-0.06303551257322344,-10.869174432754509,-7.82991831302642
-0.1526092529296875,-0.017630767822265626,-0.05591520779755054,-0.06185525382033996,-11.021783685684197,-7.847549080848686
-0.03223438262939453,-0.06161956787109375,-0.05455956298787261,-0.06027056665815037,-11.05401806831359,-7.909168648719779
-0.009762287139892578,-0.008745956420898437,-0.05345579592529526,-0.05861263344879298,-11.063780355453483,-7.917914605140678
-0.0246612548828125,-0.148907470703125,-0.05203411258978497,-0.05720134904389663,-11.088441610336295,-8.066822075843803
-0.238482666015625,-0.01072397232055664,-0.051167796032456456,-0.05634029211074906,-11.32692427635192,-8.07754604816436
-0.0052928924560546875,-0.1557708740234375,-0.051537178770272196,-0.0559843702214336,-11.332217168807974,-8.233316922187797
0.006537246704101563,-0.09831771850585938,-0.05197818500905688,-0.05639858797744729,-11.325679922103872,-8.331634640693656
0.00096893310546875,-0.0082855224609375,-0.05156270196550727,-0.05723464353418092,-11.324710988998403,-8.339920163154593
-0.002765655517578125,0.004482650756835937,-0.050447214610449854,-0.05750528708109919,-11.327476644515981,-8.335437512397757
0.013290786743164062,-0.024310493469238283,-0.04875092256919595,-0.05698438447326769,-11.314185857772816,-8.359748005866996
0.001267242431640625,0.007415008544921875,-0.04653373351831018,-0.055855777397222625,-11.312918615341175,-8.352332997322074
0.00567779541015625,0.003753948211669922,-0.04392554481719904,-0.0541225005768838,-11.30724081993102,-8.348579049110404
0.013114547729492188,-0.12195663452148438,-0.041012467161881866,-0.05227501726662148,-11.294126272201527,-8.470535683631889
0.012693405151367188,0.0162017822265625,-0.03781802755570138,-0.05078214716105342,-11.28143286705016,-8.454333901405326
0.025202178955078126,0.09405364990234374,-0.03436512800370088,-0.0487803769795257,-11.256230688095082,-8.360280251502981
0.024932861328125,-0.036016845703125,-0.030657766774639668,-0.04578836287371168,-11.231297826766957,-8.396297097206107
-0.07054824829101562,0.03061981201171875,-0.02709353256534076,-0.04242953561055249,-11.301846075057972,-8.365677285194389
0.02090911865234375,-0.045995140075683595,-0.024062106022261994,-0.039078152875456997,-11.280936956405627,-8.411672425270073
0.044081497192382815,-0.16663131713867188,-0.021120072011082507,-0.03653207209878565,-11.236855459213244,-8.578303742408744
0.03408932685852051,-0.1062713623046875,-0.017832609281445318,-0.03562974176824437,-11.202766132354723,-8.684575104713431
0.013250350952148438,0.03333625793457031,-0.014367510614893329,-0.03561068337236966,-11.189515781402575,-8.651238846778861
0.006207275390625,-0.129248046875,-0.011016536839326702,-0.03569035549058216,-11.183308506011949,-8.780486893653862
-0.004603958129882813,0.05576133728027344,-0.007975293499128318,-0.035853526533901905,-11.187912464141831,-8.724725556373588
0.14288711547851562,0.05382447242736817,-0.00480706022626065,-0.03533999067662965,-11.045025348663316,-8.67090108394622
0.03055152893066406,0.03794670104980469,-0.0009560778114401163,-0.033668856251871854,-11.014473819732652,-8.632954382896415
0.2557415008544922,0.05018906593322754,0.003946746149160171,-0.031130496036745475,-10.75873231887816,-8.582765316963187
0.04692840576171875,0.04342193603515625,0.010127161157765921,-0.02789621955866667,-10.71180391311644,-8.539343380928031
0.284356689453125,0.0740971565246582,0.017450564902090935,-0.02401977178468417,-10.427447223663316,-8.465246224403373
0.07899932861328125,0.06573944091796875,0.025844551467735784,-0.01949445263714864,-10.348447895050034,-8.399506783485403
0.03687210083007812,0.04240603446960449,0.034233049252226484,-0.014525415596513066,-10.311575794219957,-8.3571007490158
0.07826690673828125,0.08231697082519532,0.04159646710177911,-0.00931162777313438,-10.233308887481675,-8.274783778190605
0.1916595458984375,0.04000170230865478,0.048552973251262475,-0.003917138992958253,-10.041649341583238,-8.23478207588195
0.08589935302734375,0.07737197875976562,0.05565627651103207,0.0015238639197245898,-9.955749988555894,-8.157410097122185
0.056066131591796874,0.05350019931793213,0.06231613813704569,0.0069559633627229835,-9.899683856964097,-8.103909897804252
0.08501739501953125,0.09342613220214843,0.06801400863974989,0.012408945935567121,-9.814666461944567,-8.010483765602103
0.09988842010498047,0.0952638864517212,0.0729794905374881,0.018009813421245534,-9.714778041839587,-7.915219879150382
0.04260101318359375,0.06222610473632813,0.0772649883037775,0.023691607420434097,-9.672177028655993,-7.852993774414054
0.13408355712890624,0.4686859130859375,0.08088935826953757,0.030598260107029606,-9.538093471527086,-7.384307861328117
0.08355026245117188,0.10792160034179688,0.0841798879515088,0.03994819740952161,-9.454543209075913,-7.27638626098632
0.08077468872070312,-0.24874382019042968,0.08709850106717468,0.04877535030934419,-9.37376852035521,-7.52513008117675
0.0978912353515625,0.20073699951171875,0.08952234200221432,0.05477480696594938,-9.275877285003647,-7.324393081665031
0.06825790405273438,0.0731048583984375,0.09150346185524459,0.059821836952639935,-9.207619380950913,-7.251288223266593
0.5094207763671875,0.05102691650390625,0.09453034092507515,0.06462182903590043,-8.698198604583725,-7.2002613067626875
0.06864547729492188,0.12929840087890626,0.0998806934533325,0.06880678222267755,-8.629553127288803,-7.070962905883781
0.360003662109375,0.07972793579101563,0.1065589687028908,0.0727236709251921,-8.269549465179429,-6.991234970092766
0.04830780029296875,0.07472915649414062,0.11363741235534044,0.07626571159382868,-8.22124166488646,-6.916505813598625
0.30244598388671873,0.16136245727539061,0.1206662140098652,0.0795406456074024,-7.918795680999741,-6.755143356323234
0.06829681396484374,-0.0594970703125,0.1274155702325543,0.08235404935150661,-7.850498867034897,-6.8146404266357345
0.01028900146484375,0.25518112182617186,0.13284749809112814,0.08459396809189013,-7.840209865570054,-6.559459304809563
0.12209091186523438,0.10270652770996094,0.13623453379284065,0.08724855771647194,-7.71811895370482,-6.456752777099602
0.13241119384765626,0.05189971923828125,0.1384976690203598,0.09006307515845392,-7.585707759857163,-6.404853057861321
0.08638114929199218,0.5140914916992188,0.14010006827267057,0.09372439291303464,-7.499326610565171,-5.8907615661621024
0.14884490966796876,-0.2342559814453125,0.14105628626899963,0.09849513635231494,-7.350481700897202,-6.125017547607415
0.06779747009277344,0.1724761962890625,0.1414498942236419,0.10185197155279077,-7.282684230804429,-5.952541351318352
0.09346084594726563,0.0912139892578125,0.14109890567672367,0.10391800594315892,-7.189223384857163,-5.86132736206054
0.14888153076171876,-0.10392341613769532,0.14022271647992005,0.10505119271513574,-7.040341854095445,-5.965250778198235
0.09210662841796875,0.14989166259765624,0.13920828814776223,0.10459848088905183,-6.948235225677476,-5.815359115600579
0.14981536865234374,-0.03427886962890625,0.13809130181218893,0.10328938437970771,-6.798419857025133,-5.849637985229485
0.0964935302734375,0.23519515991210938,0.1369239072978068,0.10184347531572702,-6.701926326751695,-5.614442825317376
0.0935302734375,0.14404296875,0.1355432649780383,0.10125874278500777,-6.608396053314196,-5.470399856567376
-0.0523681640625,0.15122756958007813,0.13326112015993968,0.10174516334242437,-6.660764217376696,-5.319172286987298
0.09653472900390625,-0.0430938720703125,0.12972906633301584,0.10213943306262972,-6.564229488372789,-5.362266159057611
0.15588874816894532,0.15291519165039064,0.12596690090495477,0.10177920610783886,-6.408340740203844,-5.20935096740722
0.15252838134765626,0.09044418334960938,0.12302362311165954,0.10128229122653097,-6.255812358856188,-5.118906784057611
-0.054347991943359375,0.10267791748046876,0.12024992213996295,0.10097983129058753,-6.310160350799547,-5.016228866577142
0.0576446533203125,0.15274810791015625,0.11655332045864784,0.10088824868580207,-6.252515697479235,-4.863480758666986
0.10424041748046875,0.07382888793945312,0.1123683529602461,0.10109569842031141,-6.148275279998766,-4.789651870727533
0.18714141845703125,0.0779815673828125,0.10887851378982785,0.10117522468016013,-5.961133861541735,-4.711670303344721
0.08909759521484376,0.10536632537841797,0.10643533320597544,0.10098994163555497,-5.872036266326892,-4.606303977966303
-0.1132080078125,0.24119415283203124,0.10376117722913512,0.10129097180281592,-5.985244274139392,-4.3651098251342715
0.14368000030517578,0.13768768310546875,0.10004230277888734,0.10270293519378834,-5.841564273834216,-4.227422142028803
0.072125244140625,0.08437271118164062,0.0963715816076421,0.10457359711601912,-5.769439029693591,-4.143049430847162
0.03560028076171875,0.10959320068359375,0.09307413790036605,0.1061314666812313,-5.7338387489318725,-4.033456230163568
0.08225784301757813,-0.01655731201171875,0.08978223112407865,0.1069376181279069,-5.651580905914295,-4.050013542175287
0.05140762329101563,0.15409469604492188,0.08663659492279077,0.10689840030749245,-5.600173282623279,-3.895918846130365
0.10487937927246094,0.34681396484375,0.08379816089287484,0.10762920826553571,-5.495293903350818,-3.549104881286615
0.20490570068359376,0.20149631500244142,0.08189587964945083,0.1104817692652071,-5.290388202667224,-3.3476085662841735
0.16879730224609374,-0.0451812744140625,0.08159229767848813,0.11382129036525143,-5.121590900421131,-3.392789840698236
0.23709259033203126,0.14792022705078126,0.08297957633652542,0.11590638935953802,-4.8844983100891,-3.2448696136474546
0.7016128540039063,0.12313690185546874,0.08780857426003578,0.11732666222626183,-4.182885456085193,-3.121732711791986
0.1013916015625,0.106842041015625,0.09688718250339738,0.11863060247435572,-4.0814938545226935,-3.014890670776361
0.10507965087890625,0.17268447875976561,0.10674004818351847,0.11984893479987122,-3.9764142036437873,-2.8422061920165955
0.22179107666015624,0.16286582946777345,0.11537396749560136,0.12136029395916968,-3.754623126983631,-2.679340362548822
0.10680389404296875,0.103509521484375,0.1233046232635645,0.12304744581589147,-3.6478192329406625,-2.575830841064447
0.1712646484375,0.08798332214355468,0.1303548844872941,0.12433559652992351,-3.4765545845031625,-2.487847518920892
0.09675140380859375,0.11729011535644532,0.13634656280055768,0.12504975805147128,-3.3798031806945685,-2.3705574035644466
0.1770843505859375,0.2675281524658203,0.14134988531211623,0.12597320360589725,-3.202718830108631,-2.103029251098626
0.3474113464355469,0.163153076171875,0.14638218030740008,0.127874835440256,-2.855307483673084,-1.9398761749267512
0.173663330078125,0.1516998291015625,0.15226124968941152,0.13031444620000568,-2.681644153594959,-1.7881763458251887
0.09243927001953126,0.0075927734375,0.15782823708040736,0.13218621790158297,-2.5892048835754276,-1.7805835723876886
0.18168182373046876,0.17058868408203126,0.1621589205077857,0.1330605088629559,-2.4075230598449586,-1.6099948883056574
0.10969696044921876,0.11033248901367188,0.1654833978056424,0.13352756158316675,-2.29782609939574,-1.4996623992919855
0.11114654541015626,0.38391265869140623,0.167724382547353,0.13479159787965894,-2.1866795539855834,-1.1157497406005792
0.15717926025390624,0.15252723693847656,0.16894233212357437,0.13762994988912963,-2.0295002937316773,-0.9632225036621026
0.11268310546875,0.0833984375,0.16946370202744296,0.140809620837492,-1.9168171882629272,-0.8798240661621026
-0.0223388671875,0.10294647216796875,0.16874976271541836,0.14296104217760422,-1.9391560554504272,-0.7768775939941339
0.16669769287109376,0.3724998474121094,0.1665574539864395,0.14508793225413816,-1.7724583625793335,-0.4043777465820245
0.1527862548828125,0.6062751770019531,0.16398911193393673,0.15003340303147303,-1.619672107696521,0.20189743041992858
0.0995697021484375,-0.021771240234375,0.16153429976472833,0.15766186612994534,-1.5201024055480836,0.1801261901855536
0.15133209228515626,0.13426218032836915,0.15896171220517236,0.16428856466011163,-1.3687703132629274,0.31438837051392277
0.076220703125,0.131793212890625,0.15623796446913296,0.16882728590490104,-1.2925496101379275,0.4461815834045478
0.10098648071289062,0.08841419219970703,0.1531602279853045,0.1719423543969296,-1.1915631294250368,0.5345957756042548
0.1125,0.13645477294921876,0.14977978123047883,0.17367127565747806,-1.0790631294250368,0.6710505485534735
0.134967041015625,0.25261917114257815,0.14644934142320631,0.17482627430400324,-0.9440960884094118,0.9236697196960516
0.10819091796875,0.10744171142578125,0.14331647432838335,0.17597368538812144,-0.8359051704406618,1.0311114311218328
0.09004287719726563,0.09585113525390625,0.1402160893341828,0.17642528210784064,-0.7458622932433961,1.126962566375739
-0.06987266540527344,0.1157135009765625,0.136380221584646,0.17575000754063833,-0.8157349586486696,1.2426760673523014
0.238934326171875,0.1445159912109375,0.1318785381529099,0.1743473259229259,-0.5768006324767947,1.387192058563239
0.1171478271484375,0.07344589233398438,0.12810122677287808,0.17237916152622212,-0.4596528053283572,1.4606379508972234
0.16642379760742188,0.1448760986328125,0.12539978587827558,0.1698143219587932,-0.2932290077209353,1.605514049530036
0.113818359375,0.0982513427734375,0.1233635107345798,0.16687825465059283,-0.1794106483459353,1.7037653923034735
-0.031989669799804686,0.12465887069702149,0.12118295045366473,0.1636905533727961,-0.21140031814573998,1.828424263000495