0.02263031005859375,0.019614410400390626,8.195977561631269e-05,7.103714757331883e-05,0.02263031005859375,0.019614410400390626
0.029791259765625,0.03704681396484375,0.00042120167311830806,0.000405725104852422,0.05242156982421875,0.05666122436523438
0.016143035888671876,0.020107269287109375,0.0010553205516782448,0.0010922448888463858,0.06856460571289062,0.07676849365234376
0.08363571166992187,0.06969223022460938,0.0020986313368744447,0.002183382676983266,0.15220031738281248,0.14646072387695314
0.031206512451171876,0.028781890869140625,0.003718958491368932,0.0037471002369740755,0.18340682983398435,0.17524261474609376
0.023046875,0.0052520751953125,0.005634001571938516,0.005481834761133304,0.20645370483398434,0.18049468994140627
0.052259063720703124,0.049822235107421876,0.007624844879646796,0.007177430633416793,0.25871276855468744,0.23031692504882814
0.03785781860351563,0.04498977661132812,0.009780192101492495,0.009035815436044918,0.29657058715820306,0.27530670166015625
0.03971405029296875,0.0387176513671875,0.01205024153447914,0.011107262265637111,0.3362846374511718,0.31402435302734377
0.02735891342163086,0.031414794921875,0.014299974235653812,0.013237690706102302,0.3636435508728027,0.34543914794921876
0.0448150634765625,0.038208389282226564,0.01648055743472272,0.0153356258904155,0.4084586143493652,0.38364753723144535
-0.043781280517578125,0.014469146728515625,0.018332487547776218,0.017312749978682776,0.3646773338317871,0.39811668395996097
-0.00607147216796875,0.015579986572265624,0.019440504972498784,0.01901676657039209,0.3586058616638183,0.4136966705322266
-0.00363006591796875,-0.004310989379882812,0.01987080088572759,0.020317488415998647,0.35497579574584953,0.40938568115234375
0.010912322998046875,0.0001575469970703125,0.01993441201457619,0.021137865262946615,0.36588811874389643,0.4095432281494141
-0.056310272216796874,-0.02376136779785156,0.019560838820799935,0.02141792327579823,0.3095778465270996,0.38578186035156253
-0.000649261474609375,-0.011968231201171875,0.01859401148030385,0.0211272203684739,0.3089285850524902,0.3738136291503907
-0.039264488220214847,-0.03984413146972656,0.017164390840511162,0.020260735870253337,0.2696640968322754,0.33396949768066414
-0.035402679443359376,0.06656646728515625,0.015303907254170995,0.019150951130453193,0.234261417388916,0.4005359649658204
-0.045515823364257815,-0.08414154052734375,0.01296115927445626,0.017977553598412424,0.18874559402465818,0.31639442443847665
-0.04550247192382813,-0.07918319702148438,0.010189388565097365,0.016079609319958842,0.14324312210083007,0.23721122741699227
-0.05994873046875,-0.0846343994140625,0.0070097521568772804,0.01307293895582385,0.08329439163208006,0.15257682800292977
0.010761451721191407,-0.0420654296875,0.0036862192103647717,0.009314264020313972,0.09405584335327147,0.11051139831542976
-0.09079208374023437,-0.1050760269165039,0.00038243104348192387,0.0050408712174948985,0.0032637596130370983,0.005435371398925859
0.024308395385742188,-0.05009384155273437,-0.0029196081690019853,0.000295364116163731,0.027572154998779286,-0.04465847015380851
-0.055077743530273435,-0.044000244140625,-0.005993938770234558,-0.004584520869143311,-0.027505588531494148,-0.0886587142944335
-0.12067413330078125,-0.11287612915039062,-0.00922883349343277,-0.009512391413232677,-0.1481797218322754,-0.20153484344482414
-0.058832550048828126,-0.078582763671875,-0.013089965777195641,-0.014761670198213266,-0.20701227188110352,-0.28011760711669914
-0.05992965698242188,-0.1329212188720703,-0.01721303905665954,-0.020401825003897457,-0.2669419288635254,-0.41303882598876945
-0.16808395385742186,-0.19195632934570311,-0.02167135134094972,-0.02677070654241889,-0.4350258827209473,-0.6049951553344726
-0.09829177856445312,-0.14590835571289062,-0.026880342396375292,-0.03411503870880678,-0.5333176612854004,-0.7509035110473632
-0.151385498046875,-0.1605682373046875,-0.03272078561638556,-0.04210296251505904,-0.6847031593322754,-0.9114717483520507
-0.12964324951171874,-0.1154388427734375,-0.03905832865529506,-0.050289942024624945,-0.8143464088439942,-1.026910591125488
-0.11346893310546875,-0.0971099853515625,-0.045696447611970996,-0.05818478833732132,-0.927815341949463,-1.1240205764770506
-0.1191192626953125,-0.12393341064453126,-0.05231460235005905,-0.0655216346634279,-1.0469346046447756,-1.247953987121582
-0.15805206298828126,-0.1506805419921875,-0.0589435193848101,-0.07250982687065771,-1.204986667633057,-1.3986345291137694
-0.0976959228515625,-0.09422607421875,-0.06556929249517188,-0.07919132120430905,-1.3026825904846195,-1.4928606033325194
-0.1402069091796875,-0.12270736694335938,-0.0719542298321586,-0.08531036028546089,-1.4428894996643071,-1.6155679702758787
-0.19901275634765625,-0.1861572265625,-0.07834735487994457,-0.09110151273075148,-1.6419022560119634,-1.8017251968383787
-0.10002326965332031,-0.12995452880859376,-0.0848761240362934,-0.09689346192901448,-1.7419255256652837,-1.9316797256469724
-0.25074005126953125,-0.1823486328125,-0.09146567890451748,-0.1026146251714403,-1.992665576934815,-2.1140283584594726
-0.16670570373535157,-0.12801094055175782,-0.0984395037058718,-0.108172814214592,-2.1593712806701664,-2.2420392990112306
-0.2139892578125,-0.028058624267578124,-0.10574240722444954,-0.11294821595687932,-2.3733605384826664,-2.2700979232788088
0.00069122314453125,-0.15625572204589844,-0.11247565621913241,-0.11654260692832633,-2.3726693153381353,-2.426353645324707
-0.08016738891601563,-0.14241943359375,-0.11754353962056534,-0.11961267842733464,-2.452836704254151,-2.5687730789184573
-0.2183135986328125,-0.21545562744140626,-0.12145229799199282,-0.12282790563205649,-2.6711503028869634,-2.7842287063598636
-0.2766754150390625,-0.2766761779785156,-0.1258388882454839,-0.12681871478689152,-2.947825717926026,-3.0609048843383793
-0.1271942138671875,-0.119378662109375,-0.1309436473459728,-0.1315392881604633,-3.0750199317932134,-3.1802835464477544
-0.227178955078125,-0.264422607421875,-0.13606642717543013,-0.1364100823950667,-3.3021988868713383,-3.4447061538696295
-0.16149215698242186,-0.042983627319335936,-0.14107503713295408,-0.14101501990108337,-3.46369104385376,-3.4876897811889656
-0.01828155517578125,-0.13481674194335938,-0.1452831641830121,-0.14458460691133126,-3.4819725990295414,-3.622506523132325
-0.25987701416015624,-0.311468505859375,-0.14835993841384343,-0.14773868140915536,-3.7418496131896974,-3.9339750289917
-0.21384963989257813,-0.1603607177734375,-0.15150959637381006,-0.15156408310921698,-3.9556992530822757,-4.094335746765138
-0.246307373046875,-0.2760528564453125,-0.15533378342138068,-0.1558603380207432,-4.202006626129151,-4.370388603210451
-0.2131114959716797,-0.227313232421875,-0.15961545565359472,-0.16060276041521468,-4.41511812210083,-4.597701835632326
-0.293341064453125,-0.27961196899414065,-0.1643857664039593,-0.16590537452251478,-4.708459186553956,-4.877313804626467
-0.20363235473632812,-0.22494010925292968,-0.1696320607909116,-0.17160444861082186,-4.912091541290284,-5.102253913879396
-0.26207962036132815,-0.2641105651855469,-0.17505328889031416,-0.17748813495163135,-5.174171161651612,-5.366364479064943
-0.3032402038574219,-0.2894004821777344,-0.18078996134928932,-0.1836184537240304,-5.477411365509035,-5.655764961242678
-0.28173255920410156,-0.2877506256103516,-0.18713953702690792,-0.19018551210496595,-5.759143924713136,-5.94351558685303
-0.16297359466552735,-0.17693862915039063,-0.1934734151693824,-0.19670138145237076,-5.922117519378664,-6.12045421600342
-0.29238243103027345,-0.3053173065185547,-0.19923296392417586,-0.20273632257516147,-6.214499950408937,-6.425771522521975
-0.15587844848632812,-0.13963394165039061,-0.2044411317329537,-0.2082097281002867,-6.370378398895266,-6.565405464172366
-0.17235946655273438,-0.2061777114868164,-0.2086518629189781,-0.2126395768642002,-6.542737865448,-6.771583175659182
-0.18017730712890626,-0.18211822509765624,-0.21161987653230396,-0.21592641755536626,-6.722915172576906,-6.953701400756838
-0.28658599853515626,-0.27205963134765626,-0.21400620784249028,-0.2186012051754598,-7.0095011711120625,-7.2257610321044945
-0.2547721862792969,-0.26340484619140625,-0.21655484628797186,-0.2212578418636906,-7.264273357391359,-7.489165878295901
-0.1947967529296875,-0.15636444091796875,-0.21914017134285438,-0.223736180077351,-7.459070110321047,-7.6455303192138695
-0.14431304931640626,-0.152655029296875,-0.22098627762955667,-0.22520923537569548,-7.6033831596374535,-7.798185348510745
-0.303302001953125,-0.23886489868164062,-0.22217970313138927,-0.2257170363326656,-7.906685161590579,-8.037050247192386
-0.22283706665039063,-0.09648590087890625,-0.2234867878644012,-0.2255047513816402,-8.129522228240969,-8.133536148071293
0.2037067413330078,-0.16051406860351564,-0.22331825543037825,-0.22420551058797075,-7.925815486907961,-8.294050216674808
-0.2573204040527344,-0.23626861572265626,-0.22020546833521568,-0.2222375987740606,-8.183135890960695,-8.530318832397464
-0.1403411865234375,-0.14711380004882812,-0.2160438190412621,-0.22019611342017262,-8.323477077484133,-8.677432632446292
-0.12686614990234374,-0.1189178466796875,-0.2118379384928297,-0.21764906947174878,-8.450343227386478,-8.79635047912598
-0.24344253540039062,-0.24139862060546874,-0.20755689427767218,-0.21463214195303035,-8.693785762786868,-9.03774909973145
-0.128118896484375,-0.12551193237304686,-0.20365288003321674,-0.21163089320355216,-8.821904659271244,-9.163261032104497
-0.22318115234375,-0.19658775329589845,-0.20005222151975519,-0.20854783968892748,-9.045085811614994,-9.359848785400395
-0.150115966796875,-0.14709320068359374,-0.19676397471805443,-0.20535683386833664,-9.19520177841187,-9.506941986083989
-0.2313995361328125,-0.19320755004882811,-0.19389433995129504,-0.20218759804605044,-9.426601314544682,-9.700149536132818
-0.13025970458984376,-0.11782073974609375,-0.19137458242280167,-0.1989642419677784,-9.556861019134525,-9.817970275878912
-0.3903779983520508,-0.28421745300292967,-0.18968809503552936,-0.1959658666332631,-9.947239017486575,-10.102187728881841
-0.19816131591796876,-0.17711105346679687,-0.18954532517028153,-0.1937436172078231,-10.145400333404544,-10.279298782348638
-0.13328018188476562,-0.13930282592773438,-0.19001178715827532,-0.19189321527828365,-10.27868051528931,-10.418601608276372
-0.1124420166015625,-0.04697418212890625,-0.1897399549568914,-0.18938477458777514,-10.391122531890872,-10.465575790405278
-0.15494155883789062,-0.19519195556640626,-0.1886219769722593,-0.18609287334025126,-10.546064090728763,-10.660767745971684
-0.16805267333984375,-0.20294952392578125,-0.18709167180044947,-0.18296006780136806,-10.714116764068606,-10.863717269897466
-0.09409103393554688,-0.13280029296875,-0.18521936585136178,-0.18034476864724738,-10.808207798004153,-10.996517562866215
-0.14504776000976563,-0.16412506103515626,-0.18278416901963357,-0.17783403089457406,-10.953255558013918,-11.16064262390137
-0.14745941162109374,-0.17129974365234374,-0.18002297509628748,-0.17544602530795053,-11.100714969635012,-11.331942367553715
-0.08169927597045898,-0.0686279296875,-0.176992718282743,-0.17298893577507046,-11.182414245605472,-11.400570297241215
-0.06655998229980468,-0.11751861572265625,-0.17325868545345374,-0.16996896730074956,-11.248974227905276,-11.51808891296387
-0.14714431762695312,-0.1325103759765625,-0.16893358729775468,-0.16655810011875102,-11.396118545532229,-11.650599288940432
-0.15459747314453126,-0.136187744140625,-0.16473218145907878,-0.16316836752182146,-11.55071601867676,-11.786787033081056
-0.0813018798828125,-0.06854972839355469,-0.16077557658760386,-0.15968140308152284,-11.632017898559571,-11.85533676147461
-0.1426116943359375,0.0642547607421875,-0.15679936383174997,-0.1552059686148902,-11.774629592895508,-11.791082000732423
-0.06806640625,-0.05074653625488281,-0.1527729946760729,-0.14917742316589497,-11.842695999145509,-11.841828536987306
-0.4495208740234375,-0.380963134765625,-0.1498265570423832,-0.14348393551696048,-12.292216873168947,-12.222791671752931
-0.06848068237304687,-0.06058635711669922,-0.1489399301773787,-0.139801506225843,-12.360697555541993,-12.283378028869631
-0.03998641967773438,-0.05894775390625,-0.14830888042663415,-0.13672544398081407,-12.400683975219728,-12.34232578277588
-0.06290721893310547,-0.05982398986816406,-0.14639754831875335,-0.13303258496803044,-12.463591194152833,-12.402149772644044
-0.06431427001953124,-0.04690208435058594,-0.14350999867407355,-0.12883046582548757,-12.527905464172365,-12.44905185699463
-0.028429603576660155,-0.025624465942382813,-0.13981024954430313,-0.12409539303309626,-12.556335067749025,-12.474676322937013
-0.055780029296875,-0.04769134521484375,-0.13532836391650346,-0.11886173559435927,-12.6121150970459,-12.522367668151857
-0.0217315673828125,-0.03473968505859375,-0.1302014493573582,-0.11332236167176932,-12.633846664428711,-12.55710735321045
-0.02517547607421875,-0.026107311248779297,-0.12447370252056228,-0.10756213683471527,-12.65902214050293,-12.583214664459229
0.003726959228515625,0.003836917877197266,-0.11812288360489423,-0.10148258379707176,-12.655295181274415,-12.579377746582031
-0.02130279541015625,0.2686424255371094,-0.1112362144600708,-0.09401656602557913,-12.67659797668457,-12.310735321044922
-0.003511810302734375,-0.000659942626953125,-0.10401289752676998,-0.08444678009632263,-12.680109786987305,-12.311395263671875
0.043288803100585936,0.04937953948974609,-0.09640467377513133,-0.0740647794719675,-12.63682098388672,-12.26201572418213
0.014707565307617188,0.005692291259765625,-0.08828451637682032,-0.06392430338025372,-12.622113418579103,-12.256323432922363
0.01802520751953125,0.013800430297851562,-0.07987892393990069,-0.05423877992888307,-12.60408821105957,-12.24252300262451
0.06267585754394531,0.06462783813476562,-0.07127391086085717,-0.04498985642657164,-12.541412353515625,-12.177895164489746
0.039429092407226564,0.04727630615234375,-0.06237536101502177,-0.03590574827020949,-12.501983261108398,-12.130618858337401
0.05469427108764648,-0.03510589599609375,-0.05331136713788768,-0.0273311843442178,-12.447288990020752,-12.165724754333494
0.060692977905273435,-0.1031341552734375,-0.044192069892830206,-0.020213361466187175,-12.38659601211548,-12.268858909606932
0.05348548889160156,0.05026674270629883,-0.03508594924703204,-0.014653755694645117,-12.333110523223878,-12.218592166900633
0.09383544921875,0.09319915771484374,-0.02600712403204202,-0.009458951941257383,-12.239275074005128,-12.125393009185789
0.06430816650390625,0.068694806098938,-0.01692344473755572,-0.0038670121357595117,-12.174966907501222,-12.056698203086851
0.07294082641601562,0.06802558898925781,-0.008003771848050473,0.0019519637135393762,-12.102026081085206,-11.988672614097593
0.073516845703125,0.06826906204223633,0.0006070582648902954,0.00778399950590686,-12.028509235382081,-11.920403552055356
0.08663673400878906,0.2488372802734375,0.008917541253767043,0.014195782188709991,-11.941872501373293,-11.671566271781918
0.07232208251953125,0.07756639719009399,0.016901462614508284,0.021688546938128384,-11.869550418853763,-11.593999874591825
0.1067718505859375,0.115130615234375,0.024564927618306472,0.02952717343834754,-11.762778568267825,-11.47886925935745
0.11631851196289063,-0.346978759765625,0.03208135795661162,0.03551998271102155,-11.646460056304933,-11.825848019123075
0.142724609375,0.16774826049804686,0.039655355600764386,0.038533688488972664,-11.503735446929934,-11.658099758625028
0.09028244018554688,0.11479644775390625,0.04720374019007692,0.04087265184025565,-11.413453006744387,-11.54330331087112
0.12171478271484375,0.16101837158203125,0.05445094535938155,0.044260878510115544,-11.291738224029544,-11.38228493928909
0.11172561645507813,0.12949981689453124,0.06134258982280317,0.04850732227196866,-11.180012607574465,-11.252785122394558
0.15516433715820313,0.15661544799804689,0.06803553201003618,0.05344803750179488,-11.024848270416262,-11.096169674396512
0.16318588256835936,0.17433624267578124,0.07477268180512721,0.05904484654501687,-10.861662387847902,-10.92183343172073
0.21407470703125,0.10838584899902344,0.08184896944700076,0.06509755685817893,-10.647587680816653,-10.813447582721706
0.16824493408203126,0.0473968505859375,0.08933834170181651,0.0708098490960783,-10.479342746734622,-10.766050732135769
0.10371856689453125,0.1264873504638672,0.096683691811347,0.075760220978188,-10.37562417984009,-10.639563381671902
0.12077598571777344,0.13180007934570312,0.10323046694300475,0.0803722519240095,-10.254848194122316,-10.507763302326198
0.18116073608398436,0.18685379028320312,0.10912240187793384,0.08515852644982595,-10.07368745803833,-10.320909512042995
0.1263214111328125,0.1401153564453125,0.11468131640564035,0.09027008036034018,-9.947366046905518,-10.180794155597683
0.22242507934570313,0.20770721435546874,0.12005043196090871,0.09568554226786279,-9.724940967559816,-9.973086941242213
0.1297576904296875,0.12288665771484375,0.12534476181121879,0.10129010566177678,-9.595183277130127,-9.85020028352737
0.2398590087890625,0.3012847900390625,0.1305753701845575,0.10724830089209762,-9.355324268341064,-9.548915493488307
0.2338165283203125,0.2260101318359375,0.13611686582560567,0.114128624021091,-9.121507740020752,-9.322905361652369
0.21131591796875,0.23081130981445314,0.14211184643872696,0.12179951022994968,-8.910191822052,-9.092094051837917
0.27222137451171874,0.25891647338867185,0.14843534484484483,0.1298850591045924,-8.637970447540281,-8.833177578449245
0.27808685302734376,0.24088401794433595,0.15532317871299342,0.1383562792526657,-8.359883594512938,-8.59229356050491
0.1787750244140625,0.18204879760742188,0.16248707185516448,0.14678574596896177,-8.181108570098877,-8.410244762897488
0.17193946838378907,0.26189727783203126,0.16905543045912666,0.15485585519757972,-8.009169101715088,-8.148347485065457
0.4750244140625,0.15243148803710938,0.17571855338073067,0.16247704634191604,-7.534144687652588,-7.995915997028348
0.2192108154296875,0.28337974548339845,0.1836086071158713,0.1695825435882133,-7.3149338722229,-7.712536251544949
0.16720809936523437,0.16857872009277344,0.19146791287525733,0.1762896587611237,-7.147725772857665,-7.543957531452176
0.23478469848632813,0.27403602600097654,0.19812921237142192,0.1825907317875675,-6.9129410743713375,-7.2699215054512
0.1950531005859375,0.19243392944335938,0.2038483119555112,0.18851314785514608,-6.7178879737854,-7.077487576007841
0.251055908203125,0.2516975402832031,0.2088555428980741,0.19403825593540389,-6.466832065582275,-6.825790035724638
0.21639404296875,0.21274871826171876,0.21333049132885973,0.19914337514591784,-6.250438022613525,-6.613041317462919
0.31528472900390625,0.2600364685058594,0.21760490168501168,0.20392670555478704,-5.935153293609619,-6.35300484895706
0.311077880859375,0.328643798828125,0.22222503407127656,0.20882128149920995,-5.624075412750244,-6.024361050128935
0.16095046997070311,0.17877731323242188,0.22685163317773774,0.2138635240742833,-5.463124942779541,-5.845583736896513
0.1576904296875,0.18126373291015624,0.23030215180025568,0.21812828641515167,-5.305434513092041,-5.664320003986357
0.2744903564453125,0.2819957733154297,0.2325737755146887,0.22152043485446538,-5.030944156646728,-5.382324230670927
0.1634124755859375,0.17761993408203125,0.23425747038876224,0.2244935335315945,-4.8675316810607905,-5.204704296588896
0.18070068359375,0.1541362762451172,0.235105617902434,0.2265964779148679,-4.68683099746704,-5.050568020343779
0.320513916015625,0.28737640380859375,0.23547126867484833,0.22787491691086914,-4.366317081451415,-4.7631916165351855
0.22889213562011718,0.2534202575683594,0.23617119041987195,0.22920165266720474,-4.137424945831298,-4.509771358966826
0.19474334716796876,0.20286407470703124,0.236859851261792,0.23060309974744794,-3.942681598663329,-4.306907284259794
0.17296180725097657,0.16188573837280273,0.2368710454605962,0.2314092057810298,-3.7697197914123524,-4.1450215458869915
0.2326873779296875,0.21652679443359374,0.2362497742075875,0.23142319852015258,-3.537032413482665,-3.928494751453398
0.22720627784729003,0.5376289367675782,0.23544189206097615,0.2321841500499236,-3.309826135635375,-3.39086581468582
0.270166015625,0.2297119140625,0.23482167815145422,0.23496799257713186,-3.039660120010375,-3.16115390062332
0.23097076416015624,0.2483184814453125,0.23451693097539114,0.2384049955417164,-2.808689355850219,-2.9128354191780077
0.15852890014648438,0.47162628173828125,0.2340900212420026,0.2421673679848752,-2.6501604557037344,-2.4412091374397265
0.15091018676757811,0.17381591796875,0.23287275579078479,0.2467539415631056,-2.4992502689361564,-2.2673932194709763
0.1944568634033203,0.19101181030273437,0.23085161895294784,0.2506779559726043,-2.3047934055328363,-2.076381409168242
0.15198593139648436,0.1892547607421875,0.2283207910407962,0.25303006020882945,-2.152807474136352,-1.8871266484260545
0.34691925048828126,0.34298954010009763,0.22595598873755177,0.2546384453070056,-1.805888223648071,-1.5441371083259567
0.18297958374023438,0.1953155517578125,0.2244288576176765,0.2561732673442784,-1.6229086399078365,-1.3488215565681443
0.21314697265625,0.21844558715820311,0.22325290112443405,0.25719516091296973,-1.4097616672515865,-1.1303759694099411
0.16537551879882811,0.15103645324707032,0.22183974044215096,0.2571614129624261,-1.2443861484527583,-0.9793395161628708
0.21695709228515625,0.20907974243164062,0.22019851156012837,0.25605010529969763,-1.027429056167602,-0.7702597737312302
0.11510391235351562,0.10898418426513672,0.21822185549130493,0.2538665635955227,-0.9123251438140865,-0.6612755894660935
0.15163936614990234,0.2735992431640625,0.21557439346221274,0.25089836875442734,-0.7606857776641841,-0.38767634630203107
0.1345897674560547,0.1173553466796875,0.21223770960868554,0.24758026289738685,-0.6260960102081294,-0.27032099962234357
0.11000595092773438,0.11596050262451171,0.20829214810594404,0.24347668682033938,-0.5160900592803951,-0.15436049699783186
0.00875396728515625,0.14134368896484376,0.20328748351435377,0.2382909376931666,-0.5073360919952389,-0.013016808032988103
0.12459354400634766,0.11081619262695312,0.19706575287975475,0.2323425847553676,-0.38274254798889124,0.09779938459396502
0.10368156433105469,0.09786510467529297,0.19031187853258064,0.22566586942220884,-0.27906098365783655,0.195664489269258
0.18444747924804689,0.13512191772460938,0.18377091417525493,0.2184066682124766,-0.09461350440978966,0.3307864069938674
0.167578125,0.15053329467773438,0.1779511361971132,0.21104375757954869,0.07296462059021033,0.48131970167160176
0.09089431762695313,0.0843475341796875,0.17271202498859373,0.2037075465536405,0.16385893821716346,0.5656672358512893
-0.015184783935546875,0.11749496459960937,0.16703420610895764,0.19619642267262896,0.1486741542816166,0.6831622004508987
0.11424636840820312,0.12269439697265624,0.16049402686526712,0.18866690236762562,0.2629205226898197,0.805856597423555
0.08964157104492188,0.09243850708007813,0.15379086249586474,0.18127919262713196,0.35256209373474157,0.8982951045036331
0.05555801391601563,0.06553802490234376,0.1472154540192457,0.1738194791312038,0.4081201076507572,0.9638331294059769
0.04340667724609375,0.062038421630859375,0.14046225798441442,0.1660904506345926,0.45152678489685094,1.0258715510368361
0.0787567138671875,0.0923126220703125,0.133574623411578,0.15823479451564898,0.5302834987640385,1.1181841731071487
0.050417327880859376,0.0574798583984375,0.12678362728335316,0.15046739021240027,0.5807008266448979,1.1756640315055862
0.0510589599609375,0.05628509521484375,0.12009699228882949,0.14273940307604308,0.6317597866058353,1.2319491267204299
0.04589691162109375,0.04650192260742188,0.11347791001863658,0.1349861296860219,0.6776566982269291,1.2784510493278518
0.03903884887695312,0.04979400634765625,0.1069513659592327,0.12726073941238308,0.7166955471038822,1.328245055675508
0.070648193359375,0.03076934814453125,0.10064294969326879,0.11959012095408152,0.7873437404632572,1.3590144038200394
-0.16414871215820312,0.02286872863769531,0.0939622949375953,0.11192198544821928,0.623195028305054,1.3818831324577348
0.014130401611328124,0.020876693725585937,0.08612621968828771,0.10423367197883324,0.6373254299163822,1.4027598261833207
-0.01812591552734375,-0.1535724639892578,0.07776052529942218,0.09596500253026588,0.6191995143890384,1.249187362194063
0.014974212646484375,-0.0015865325927734374,0.06960453908581984,0.08660988719657908,0.6341737270355228,1.2476008296012895
-0.013507843017578125,-0.022043609619140626,0.061762051449360825,0.07687574526491298,0.6206658840179446,1.225557219982149
-0.026023101806640626,-0.017635345458984375,0.05416387701132376,0.0673835369993289,0.5946427822113041,1.2079218745231646
-0.04419002532958984,-0.024109268188476564,0.046620709463369304,0.05816577733430426,0.5504527568817142,1.183812606334688
-0.0262237548828125,-0.01961097717285156,0.03912102068232045,0.04929667989471724,0.5242290019989018,1.1642016291618364
-0.0436553955078125,-0.09211349487304688,0.031767587021454345,0.040594515498177955,0.48057360649108927,1.0720881342887896
0.07742080688476563,-0.02867431640625,0.02502042649507012,0.03187905607512017,0.5579944133758549,1.0434138178825396
-0.038035011291503905,-0.061779022216796875,0.01927429381384976,0.023355762043673657,0.519959402084351,0.9816347956657427
-0.07317543029785156,-0.10039520263671875,0.01392438956025346,0.014966931568839556,0.4467839717864994,0.881239593029024
-0.04180908203125,-0.04357070922851562,0.00842462298268134,0.006618392708086804,0.4049748897552494,0.8376688838005084
-0.08893165588378907,-0.09633560180664062,0.0028083355158799294,-0.0014948244653309717,0.3160432338714604,0.7413332819938678
-0.07454605102539062,-0.07324600219726562,-0.0029997663897786252,-0.009386272564025754,0.24149718284606975,0.6680872797966022
-0.0716217041015625,-0.05800151824951172,-0.008940183185927044,-0.0169463790339106,0.16987547874450726,0.6100857615470905
-0.09793167114257813,-0.11283416748046875,-0.014927318525474765,-0.024124113065052525,0.07194380760192913,0.4972515940666217
-0.05669403076171875,-0.06477470397949218,-0.02089746377228108,-0.03104565608786578,0.01524977684021038,0.43247689008712953
-0.07006454467773438,-0.07945709228515625,-0.02661190823107626,-0.03755609938690567,-0.054814767837523995,0.3530197978019733
-0.13109970092773438,-0.12543106079101562,-0.032198048873933016,-0.043726859401735554,-0.18591446876525836,0.22758873701095766
-0.08715286254882812,-0.08782424926757812,-0.037927213112276995,-0.049773829877874314,-0.27306733131408645,0.13976448774337955
-0.07651824951171875,-0.07704315185546876,-0.04355732905889114,-0.05548462280126222,-0.3495855808258052,0.06272133588791079
-0.06310806274414063,-0.16180648803710937,-0.04873820240504364,-0.06092393786450481,-0.41269364356994587,-0.09908515214919858
-0.12350921630859375,-0.11399307250976562,-0.05355102790504538,-0.06645893972843422,-0.5362028598785397,-0.2130782246589642
-0.04817886352539062,0.10922393798828126,-0.05810212592784732,-0.07114609973111563,-0.5843817234039302,-0.10385428667068294
-0.09418754577636719,-0.12005996704101562,-0.06220791744178418,-0.07409594695729403,-0.6785692691802975,-0.22391425371169857
-0.14349212646484374,-0.0249053955078125,-0.06612042757075556,-0.07605636026331715,-0.8220613956451412,-0.24881964921951108
-0.202410888671875,-0.19104957580566406,-0.07055159137122402,-0.07790291315727521,-1.0244722843170162,-0.4398692250251751
-0.120404052734375,-0.2337066650390625,-0.07566110228332679,-0.0806407071494883,-1.1448763370513912,-0.6735758900642377
-0.10027923583984374,-0.16001548767089843,-0.08081098689659375,-0.08472878627925728,-1.245155572891235,-0.8335913777351361
-0.14709320068359374,-0.15164947509765625,-0.08564683793866314,-0.08947849587638024,-1.3922487735748286,-0.9852408528327924
-0.1347026824951172,-0.16456451416015624,-0.09037106054194388,-0.09443259273605643,-1.5269514560699458,-1.1498053669929487
-0.200775146484375,-0.10144805908203125,-0.09525248101703722,-0.09932069180235327,-1.7277266025543208,-1.25125342607498
-0.13450775146484376,-0.16413726806640624,-0.10038850179750664,-0.10389936528519625,-1.8622343540191646,-1.415390694141386
-0.27041015625,-0.29913787841796874,-0.10591475500550845,-0.10886708557377812,-2.1326445102691647,-1.7145285725593549
-0.1614105224609375,-0.15792388916015626,-0.1120372754212815,-0.11478200939149094,-2.2940550327301024,-1.872452461719511
-0.19402084350585938,-0.18752059936523438,-0.11839106003310133,-0.12097748162696391,-2.488075876235962,-2.0599730610847455
-0.16790771484375,-0.19771194458007812,-0.12459328224897835,-0.12705792916952607,-2.655983591079712,-2.2576850056648237
-0.2588836669921875,-0.2759086608886719,-0.13083721256412703,-0.13341820744526153,-2.9148672580718995,-2.5335936665534957
-0.26243896484375,-0.2551612854003906,-0.1376028805962178,-0.14044879189147658,-3.1773062229156497,-2.7887549519538863
-0.17491493225097657,-0.1519073486328125,-0.1447455795585728,-0.14769766416869864,-3.3522211551666263,-2.9406623005866988
-0.18637161254882811,-0.20302581787109375,-0.15152084783636607,-0.15438635926636338,-3.5385927677154543,-3.1436881184577925
-0.24006309509277343,-0.2561431884765625,-0.1578508126048139,-0.1606978779696057,-3.7786558628082276,-3.399831306934355
-0.189215087890625,-0.20220794677734374,-0.16396252103960893,-0.16697674521940933,-3.9678709506988525,-3.6020392537116988
-0.268804931640625,-0.223126220703125,-0.16991736257096168,-0.17301477803120816,-4.236675882339478,-3.8251654744148236
-0.26239814758300783,-0.47875518798828126,-0.17602375136369378,-0.17964570643286884,-4.499074029922486,-4.303920662403105
-0.3018707275390625,-0.368902587890625,-0.18255335067757192,-0.18820645730605065,-4.800944757461549,-4.67282325029373
-0.23040008544921875,-0.1850494384765625,-0.18934652854947048,-0.19772304978032776,-5.031344842910768,-4.857872688770293
-0.1431671142578125,-0.17947254180908204,-0.19557129791418665,-0.2061522270562518,-5.17451195716858,-5.0373452305793744
-0.29931640625,-0.3116752624511719,-0.20090484860024826,-0.2133214722084485,-5.47382836341858,-5.3490204930305465
-0.22839088439941407,-0.25033111572265626,-0.2059732679916445,-0.22004729200757628,-5.702219247817994,-5.599351608753203
-0.290240478515625,-0.2893547058105469,-0.2110220827579422,-0.2264802383683848,-5.992459726333619,-5.88870631456375
-0.1111419677734375,-0.15281257629394532,-0.21552383574168593,-0.23214078508980618,-6.1036016941070566,-6.041518890857695
-0.2756610870361328,-0.25148811340332033,-0.21902494283009816,-0.2365823683866281,-6.379262781143189,-6.293007004261016
-0.17400970458984374,-0.17248687744140626,-0.22181249296393188,-0.23987322718536097,-6.553272485733033,-6.465493881702422
-0.1653411865234375,-0.15898971557617186,-0.22379042720899756,-0.24188930109393827,-6.71861367225647,-6.624483597278593
-0.266265869140625,-0.26344757080078124,-0.2249964909972251,-0.24280337309690284,-6.984879541397095,-6.8879311680793744
-0.1738067626953125,-0.15711441040039062,-0.22590366915265725,-0.24310426631776821,-7.158686304092408,-7.045045578479765
-0.213751220703125,-0.206640625,-0.22638795198828973,-0.2426749301320405,-7.372437524795533,-7.251686203479766
0.10309371948242188,0.15426025390625,-0.22531814225972166,-0.24030704243015288,-7.269343805313111,-7.097425949573516
-0.22235794067382814,-0.21438446044921874,-0.22199109823336938,-0.2352508837491637,-7.49170174598694,-7.311810410022735
-0.15742416381835939,0.18885231018066406,-0.2177972206466056,-0.2279201654115212,-7.649125909805299,-7.122958099842071
-0.36809539794921875,-0.3599517822265625,-0.21440972892140556,-0.21919334264070597,-8.017221307754518,-7.4829098820686335
0.11754379272460938,-0.135858154296875,-0.2112783705976291,-0.21112734631141475,-7.899677515029909,-7.618768036365508
-0.24308853149414061,-0.26215667724609376,-0.20695822416514079,-0.20455324679579723,-8.14276604652405,-7.880924713611602
-0.14644622802734375,-0.14777145385742188,-0.20220878363951628,-0.1990123365497687,-8.289212274551394,-8.028696167469024
-0.207635498046875,-0.20416183471679689,-0.19799643800235606,-0.194249770379021,-8.496847772598269,-8.23285800218582
0.005317306518554688,-0.1613903045654297,-0.19361672266452673,-0.19004709786863339,-8.491530466079714,-8.39424830675125
-0.13855514526367188,0.2041259765625,-0.18836050999621484,-0.18494467574371334,-8.630085611343386,-8.19012233018875
-0.3191795349121094,-0.19330902099609376,-0.183371692334028,-0.1777998281487431,-8.949265146255495,-8.383431351184843
-0.21986312866210939,-0.20911483764648436,-0.18014870033219293,-0.17066083091934756,-9.169128274917604,-8.592546188831328
-0.17459716796875,-0.18821220397949218,-0.17822155610949147,-0.16510831977592835,-9.343725442886354,-8.78075839281082
-0.19415664672851562,-0.19138259887695314,-0.17679045790455727,-0.16088174381219586,-9.53788208961487,-8.972140991687773
-0.17561874389648438,0.00561981201171875,-0.17570597138375668,-0.15706022734912242,-9.713500833511354,-8.966521179676054
-0.10253868103027344,-0.1049285888671875,-0.1745992611940149,-0.15261807381054035,-9.816039514541627,-9.071449768543241
-0.1827911376953125,-0.21484375,-0.17318414339699253,-0.14820602647899128,-9.99883065223694,-9.286293518543241
-0.11889419555664063,-0.11980133056640625,-0.1716165434245811,-0.1447354127735553,-10.11772484779358,-9.406094849109648
-0.08882522583007812,-0.0961090087890625,-0.1696629174227534,-0.1417270727720513,-10.206550073623658,-9.50220385789871
-0.15137863159179688,-0.15885696411132813,-0.1671917528323785,-0.1388607484794735,-10.357928705215455,-9.661060822010038
-0.10918121337890625,-0.0956268310546875,-0.16451448470165925,-0.13629454155929965,-10.467109918594362,-9.756687653064725
-0.12432937622070313,-0.18827896118164061,-0.16167921443435662,-0.13412157414192502,-10.591439294815066,-9.944966614246367
-0.07991790771484375,-0.09698257446289063,-0.15854879529975546,-0.13242076597831748,-10.67135720252991,-10.041949188709257
-0.12128753662109375,-0.120831298828125,-0.15509963352607953,-0.13090051613925036,-10.792644739151003,-10.162780487537383
-0.08555450439453124,-0.07471656799316406,-0.1514429907090008,-0.12922853552341734,-10.878199243545534,-10.237497055530547
-0.10619354248046875,-0.1151275634765625,-0.1476313696706274,-0.12735245271357234,-10.984392786026003,-10.35262461900711
-0.1065155029296875,-0.08976249694824219,-0.14376647004023188,-0.12536651203953372,-11.09090828895569,-10.442387115955352
-0.35891876220703123,-0.0807708740234375,-0.1409041606099537,-0.12324743273152668,-11.449827051162721,-10.52315798997879
-0.10195846557617187,-0.08074569702148438,-0.1398214529102513,-0.1208905057587968,-11.551785516738892,-10.603903687000274
-0.04389801025390625,-0.06796112060546874,-0.1390868710436652,-0.11828955241598035,-11.595683526992799,-10.671864807605743
-0.05051116943359375,-0.05579509735107422,-0.13732714486756173,-0.11538522799949893,-11.646194696426393,-10.727659904956818
-0.06448936462402344,-0.08098735809326171,-0.13462292896275105,-0.11222581479673938,-11.710684061050417,-10.80864726305008
-0.007343292236328125,-0.025275039672851562,-0.1310854138468918,-0.10883525845103527,-11.718027353286745,-10.833922302722932
-0.1013519287109375,-0.042583465576171875,-0.1268786870980145,-0.10505069077185633,-11.819379281997682,-10.876505768299104
-0.031387615203857425,-0.03822135925292969,-0.12239323569416344,-0.10089889080780716,-11.85076689720154,-10.914727127552034
-0.0493682861328125,-0.01659698486328125,-0.11763823331178401,-0.0964525693913233,-11.900135183334353,-10.931324112415314
-0.005879497528076172,-0.031052017211914064,-0.11244580173735849,-0.09170401282891381,-11.906014680862429,-10.962376129627229
-0.038311767578125,-0.0008514404296875,-0.1068299583362948,-0.08668823116530762,-11.944326448440554,-10.963227570056917
0.003171539306640625,-0.006676864624023437,-0.10086817434632608,-0.08137609141839175,-11.941154909133914,-10.96990443468094
-0.08167572021484375,0.02866783142089844,-0.09482741242727466,-0.07569761319448556,-12.022830629348757,-10.941236603260041
0.02141265869140625,0.017165756225585936,-0.08889902939904547,-0.0696014458975659,-12.00141797065735,-10.924070847034455
0.0393768310546875,0.01259918212890625,-0.08264613346495296,-0.06321575562934605,-11.962041139602663,-10.91147166490555
0.06540374755859375,0.03593368530273437,-0.07561440977031333,-0.05667041385585294,-11.896637392044068,-10.875537979602816
0.01863250732421875,0.04716415405273437,-0.06794834004036913,-0.049893080563096694,-11.87800488471985,-10.828373825550083
0.04495162963867187,0.002878570556640625,-0.06001146409245936,-0.043014241376163095,-11.833053255081179,-10.825495254993442
0.04587554931640625,0.05460548400878906,-0.051938258931268265,-0.03624284014694128,-11.787177705764773,-10.770889770984653
0.05534687042236328,-0.08688507080078126,-0.04373156189279888,-0.029957624632680854,-11.731830835342409,-10.857774841785433
0.04061431884765625,0.06219902038574219,-0.0355134023256767,-0.024468081023757776,-11.691216516494753,-10.79557582139969
0.09572067260742187,0.08329527378082276,-0.02727753421432676,-0.019080344470353637,-11.595495843887331,-10.712280547618867
0.0619140625,0.06585044860839843,-0.01892278965895252,-0.013226326261056963,-11.533581781387332,-10.64643009901047
0.07987289428710938,0.06005535125732422,-0.010569811539484122,-0.007137694450991091,-11.453708887100222,-10.586374747753146
0.10257453918457031,0.0947052001953125,-0.0022494558625424095,-0.0009205176577085767,-11.351134347915652,-10.491669547557834
-0.29972991943359373,0.05978792905807495,0.004695512994015087,0.005417742302219308,-11.650864267349245,-10.431881618499759
0.11858100891113281,0.07767410278320312,0.009071593221910144,0.011702900503091852,-11.532283258438113,-10.354207515716556
0.14000358581542968,0.1237260341644287,0.012884196993275032,0.018022433763222698,-11.392279672622683,-10.230481481552127
0.05986328125,0.10611228942871094,0.017549754266494327,0.024613753353316035,-11.332416391372684,-10.124369192123416
0.14803314208984375,0.17948074340820314,0.022678223497370854,0.031642040685373,-11.18438324928284,-9.944888448715213
0.09414215087890625,0.09686698913574218,0.02827316704051142,0.0391027747866116,-11.090241098403935,-9.84802145957947
0.11535491943359374,-0.16889190673828125,0.03418337893778545,0.04552228545651177,-10.97488617897034,-10.016913366317752
0.12109756469726562,0.10769462585449219,0.04025118190466938,0.04975462474673773,-10.853788614273075,-9.90921874046326
0.14586181640625,0.15591278076171874,0.04657112481286386,0.053310144934294444,-10.707926797866826,-9.75330595970154
0.09623908996582031,0.09750595092773437,0.05303105615826775,0.05738697573795705,-10.611687707901005,-9.655800008773806
0.21882781982421876,0.19444427490234376,0.05968883014629883,0.06194382695741185,-10.392859888076787,-9.461355733871462
0.1643199920654297,0.16844635009765624,0.0669266119870922,0.06723300093829208,-10.228539896011357,-9.292909383773805
0.11460990905761718,0.23721160888671874,0.07441423726070094,0.07347045247856102,-10.11392998695374,-9.055697774887086
0.19227981567382812,0.2238250732421875,0.0817263731911483,0.08076687810094028,-9.921650171279913,-8.8318727016449
0.12730636596679687,0.1198699951171875,0.08893290785299043,0.08861974621922342,-9.794343805313115,-8.712002706527711
0.130889892578125,0.14119720458984375,0.09577028375053542,0.09610046965780657,-9.66345391273499,-8.570805501937867
0.220477294921875,0.23258209228515625,0.10231465619406221,0.10327022470205505,-9.442976617813116,-8.338223409652711
0.131414794921875,0.1975921630859375,0.10885826145154907,0.11068822833274723,-9.31156182289124,-8.140631246566773
0.17238235473632812,0.17125473022460938,0.11513414549143598,0.118188734943639,-9.139179468154913,-7.969376516342164
0.15332794189453125,-0.009099578857421875,0.12100015911092109,0.12467897391652805,-8.985851526260381,-7.978476095199586
0.24046478271484376,0.22111968994140624,0.12676399271291122,0.12966143638772545,-8.745386743545538,-7.75735640525818
0.24773712158203126,0.30247154235839846,0.13294727685249882,0.13461844284173047,-8.497649621963507,-7.454884862899781
0.15133209228515626,0.14880752563476562,0.1394112515059016,0.14034884693217164,-8.346317529678352,-7.306077337265015
0.25471954345703124,0.24847183227539063,0.14571905116802034,0.1461862491580993,-8.09159798622132,-7.057605504989625
0.17473297119140624,0.20233840942382814,0.15191476326610834,0.1520269654733049,-7.916865015029914,-6.855267095565797
-0.1475128173828125,0.15814132690429689,0.15655487515295402,0.15765256691675378,-8.064377832412726,-6.6971257686615
0.5505035400390625,0.27249755859375,0.1597296108735565,0.1629435273617384,-7.513874292373663,-6.424628210067749
0.17865982055664062,0.18447265625,0.16417378376544653,0.16822714159089813,-7.3352144718170225,-6.24015555381775
0.31382217407226565,0.5283370971679687,0.16994043353476485,0.17444999644741702,-7.0213922977447565,-5.711818456649781
0.28608169555664065,0.2769674301147461,0.17626256009552252,0.182630573470035,-6.7353106021881155,-5.434851026535035
0.16994667053222656,0.26476593017578126,0.18282611128553572,0.19171202557940095,-6.565363931655889,-5.170085096359253
0.18745498657226561,0.0499267578125,0.18861842859682532,0.1996392734431554,-6.3779089450836235,-5.120158338546753
0.2557518005371094,0.20491790771484375,0.19363473566629869,0.20544638333980658,-6.122157144546514,-4.9152404308319095
0.27708282470703127,0.5704776763916015,0.1985640736716103,0.21106294578474147,-5.845074319839482,-4.344762754440308
0.18329391479492188,0.19103317260742186,0.20341137690203254,0.21827360334878768,-5.661780405044561,-4.153729581832886
0.6513809204101563,0.2307361602783203,0.20921294967900267,0.22543362761883037,-5.010399484634404,-3.922993421554566
0.20070037841796876,0.09345855712890624,0.21714800277698454,0.23086371756404359,-4.809699106216436,-3.8295348644256597
0.17674827575683594,0.18505439758300782,0.2250982859045547,0.23424804503238783,-4.6329508304596,-3.644480466842652
0.24027557373046876,0.2532463073730469,0.23137050623746833,0.23628392541318732,-4.392675256729131,-3.391234159469605
0.15402374267578126,0.19738121032714845,0.23620804698320896,0.2377847615244624,-4.23865151405335,-3.1938529491424563
0.22206993103027345,0.27614898681640626,0.2396261841145208,0.2389435161897132,-4.016581583023076,-2.91770396232605
0.158245849609375,0.13833777904510497,0.24175586105485128,0.23966820969084165,-3.8583357334137016,-2.779366183280945
0.2503482818603516,0.28458709716796876,0.24289371702559748,0.239835740358245,-3.60798745155335,-2.494779086112976
0.20784378051757812,0.19845013618469237,0.24346679796155604,0.239782665514559,-3.4001436710357718,-2.296328949928284
0.03612709045410156,0.2600830078125,0.2429625445153006,0.23967463447075657,-3.36401658058167,-2.036245942115784
0.1609344482421875,0.13697733879089355,0.2406179398829275,0.23921077921928044,-3.2030821323394827,-1.8992686033248907
0.23540802001953126,0.21877288818359375,0.2373184340480024,0.2380835072233951,-2.9676741123199513,-1.680495715141297
0.16064281463623048,0.16046066284179689,0.23398797733954657,0.23635260240653833,-2.8070312976837206,-1.5200350522995
0.2289947509765625,0.21810455322265626,0.23065557351968657,0.234224051036036,-2.578036546707158,-1.3019304990768439
0.12650680541992188,0.1264373779296875,0.22722295866362943,0.23166779100932777,-2.4515297412872363,-1.1754931211471564
0.1642303466796875,0.1677825927734375,0.22339799051846335,0.22848502136630772,-2.287299394607549,-1.0077105283737189