0.00027618408203125,0.00073699951171875,1.0002507846101138e-06,2.6691775081032317e-06,0.00027618408203125,0.00073699951171875
0.23557357788085936,0.035956954956054686,0.0008569961260149638,0.00014042809041213942,0.23584976196289062,0.03669395446777344
0.00048675537109375,0.011096954345703125,0.003270313166744655,0.000557031071444359,0.23633651733398436,0.047790908813476564
-0.003803253173828125,0.0703704833984375,0.006086245827490957,0.0013631972733541896,0.23253326416015624,0.11816139221191407
0.01097412109375,0.030544471740722657,0.00836948250721048,0.002678887500945329,0.24350738525390625,0.14870586395263674
0.2119598388671875,-0.00491485595703125,0.0109930863622348,0.004199855042176371,0.45546722412109375,0.14379100799560549
-0.0399993896484375,0.000135040283203125,0.01446044732121999,0.005487850346012316,0.41546783447265623,0.14392604827880862
0.00027313232421875,-0.0053436279296875,0.017632683883746378,0.006450460580999478,0.415740966796875,0.1385824203491211
-0.0002655029296875,0.111651611328125,0.01988913404564429,0.007529043964411354,0.4154754638671875,0.2502340316772461
-0.022858428955078124,0.024155807495117188,0.021406344396252334,0.009199807861655212,0.39261703491210936,0.2743898391723633
0.00802154541015625,0.08604278564453124,0.02222893523213538,0.01135622106980228,0.4006385803222656,0.36043262481689453
-0.00013885498046875,-0.003813934326171875,0.022570382818464244,0.013693927095035882,0.4004997253417969,0.35661869049072265
0.10188064575195313,0.038037872314453124,0.022926290476800372,0.015874386429278357,0.50238037109375,0.39465656280517575
-0.04849166870117187,-0.000142669677734375,0.02345395718241661,0.017731051646123173,0.4538887023925781,0.3945138931274414
0.000482177734375,0.0008937835693359375,0.023575421798929477,0.0191685174604336,0.4543708801269531,0.39540767669677734
0.0219482421875,0.000603485107421875,0.023242939821035143,0.02010239132864824,0.4763191223144531,0.3960111618041992
2.2125244140625e-05,0.07298965454101562,0.022788683418565436,0.020864949103161515,0.47634124755859375,0.46900081634521484
-9.765625e-05,0.037076568603515624,0.022157551003861548,0.021866239397370132,0.47624359130859373,0.5060773849487304
0.050394439697265626,0.135748291015625,0.021490073536835057,0.02341227244433983,0.5266380310058594,0.6418256759643555
-0.0007228851318359375,0.000396728515625,0.0209820063223411,0.025486406266150452,0.5259151458740234,0.6422224044799805
-0.05121116638183594,0.011257171630859375,0.02024450715161201,0.02738889907351879,0.4747039794921875,0.6534795761108398
-0.04662017822265625,0.0696685791015625,0.018791407182044625,0.028920149675785566,0.42808380126953127,0.7231481552124024
0.024145126342773438,-0.0001190185546875,0.016866961129684156,0.03032809995083236,0.4522289276123047,0.7230291366577148
0.11719589233398438,0.000201416015625,0.01544199783517266,0.031319639986248246,0.5694248199462891,0.7232305526733398
-0.00010223388671875,-0.08908233642578126,0.014961308811798076,0.03137442009649636,0.5693225860595704,0.6341482162475586
-0.00044403076171875,0.00068359375,0.01476424194095171,0.0303237178916584,0.5688785552978517,0.6348318099975586
0.0003753662109375,0.022356033325195312,0.014383148566416974,0.02876808798982257,0.5692539215087892,0.6571878433227539
-0.000342559814453125,0.024460601806640624,0.013855609585868818,0.02730198490342729,0.5689113616943361,0.6816484451293946
0.0005126953125,0.15910873413085938,0.013213976201478784,0.026513458537185623,0.5694240570068361,0.840757179260254
0.00491790771484375,0.010492515563964844,0.012505669343031087,0.026748296902713818,0.5743419647216799,0.8512496948242188
0.02944793701171875,0.0062835693359375,0.011875651690904163,0.027232403371054845,0.6037899017333986,0.8575332641601563
0.19598388671875,-0.086895751953125,0.012117077573221776,0.02701198604093232,0.7997737884521486,0.7706375122070312
-0.041766357421875,0.02562255859375,0.013518627152602554,0.025922277811018062,0.7580074310302737,0.7962600708007812
-0.00762176513671875,0.08813400268554687,0.014875796820127534,0.02482454318165591,0.7503856658935549,0.884394073486328
0.004645538330078125,0.11651229858398438,0.015606845773830189,0.024699067296968833,0.755031204223633,1.0009063720703124
-0.000197601318359375,0.04262542724609375,0.015998104510303333,0.02555372245314501,0.7548336029052737,1.0435317993164062
-0.13393096923828124,0.036810302734375,0.015624237034502938,0.026763071365924065,0.6209026336669925,1.080342102050781
0.057222747802734376,-0.000667572021484375,0.014321314289725589,0.027806395176891423,0.6781253814697269,1.0796745300292967
-0.02559356689453125,0.17308197021484376,0.012859800390074928,0.02903235059668236,0.6525318145751956,1.2527565002441405
-0.04138107299804687,-0.01468830108642578,0.011321941369357753,0.030836195731834035,0.6111507415771488,1.2380681991577147
0.10887985229492188,0.12637863159179688,0.00987235441790453,0.032877784489351324,0.7200305938720707,1.3644468307495117
-0.09779281616210937,-0.061135482788085935,0.008800381521308437,0.03475147039059352,0.6222377777099614,1.3033113479614258
-0.031595611572265626,-0.0991973876953125,0.0073470068021605365,0.035472266128342755,0.5906421661376957,1.2041139602661133
0.0729156494140625,-0.062282562255859375,0.005704878420265302,0.03439632254913644,0.6635578155517582,1.141831398010254
-0.00727691650390625,0.06664505004882812,0.004634844261949348,0.032428242816236394,0.6562808990478519,1.208476448059082
-0.04237213134765625,-0.03581085205078125,0.003729797126043988,0.030438294691682972,0.6139087677001956,1.1726655960083008
-0.05589447021484375,-0.061981201171875,0.0023823723478673194,0.028088895371386,0.5580142974853519,1.1106843948364258
-0.02618560791015625,-0.10757904052734375,0.0005666620354513279,0.02474684037190245,0.5318286895751957,1.003105354309082
-0.0626495361328125,0.040811920166015626,-0.0015806269005213588,0.020734530112888595,0.4691791534423832,1.0439172744750975
-0.04311676025390625,-0.058575439453125,-0.004060184128334978,0.016768979072113735,0.42606239318847694,0.9853418350219725
-0.0513702392578125,-0.04192962646484375,-0.006802458827539506,0.012777833748705007,0.37469215393066446,0.9434122085571287
-0.04307098388671875,-0.13568115234375,-0.009683933382492576,0.008244164125441914,0.3316211700439457,0.8077310562133787
-0.24652099609375,-0.0218658447265625,-0.013346808471244353,0.003115393435227414,0.0851001739501957,0.7858652114868162
-0.057489013671875,-0.018326950073242188,-0.01836978608178401,-0.0019396016803660645,0.027611160278320702,0.7675382614135741
-0.067132568359375,-0.07283668518066407,-0.023861179825980454,-0.006619183514713859,-0.0395214080810543,0.69470157623291
-0.1628753662109375,-0.0312225341796875,-0.02939715869776722,-0.011147988267512253,-0.20239677429199182,0.6634790420532225
-0.06100654602050781,-0.04239044189453125,-0.035249754513955324,-0.015421394762449948,-0.26340332031249963,0.6210886001586913
-0.06597900390625,-0.06307449340820312,-0.040909517008058206,-0.01942416990835371,-0.32938232421874963,0.5580141067504881
0.12564239501953126,-0.0384857177734375,-0.04529894077057705,-0.02324360633235617,-0.20373992919921838,0.5195283889770507
0.29799652099609375,-0.028634262084960938,-0.04656708542655529,-0.026715350596917598,0.09425659179687537,0.4908941268920897
-0.0619476318359375,-0.0803466796875,-0.04456496912407586,-0.029872594680007362,0.03230895996093787,0.4105474472045897
-0.16688385009765624,-0.00581512451171875,-0.04221709444206124,-0.032789770274942655,-0.13457489013671836,0.40473232269287096
-0.05938262939453125,-0.060677719116210935,-0.04128812923098825,-0.03530982625318381,-0.19395751953124962,0.34405460357666
-0.012147903442382812,0.13219451904296875,-0.040990812718688624,-0.03688985192850008,-0.20610542297363244,0.47624912261962876
-0.02126617431640625,0.04348602294921875,-0.04052815807144107,-0.03678293720934931,-0.2273715972900387,0.5197351455688475
-0.108392333984375,-0.0634918212890625,-0.04014430873673487,-0.035596761491776624,-0.33576393127441373,0.456243324279785
-0.1338043212890625,0.04949951171875,-0.04058813848549384,-0.03421116673247572,-0.46956825256347623,0.505742835998535
-0.06489410400390624,-0.06185073852539062,-0.041968496927233645,-0.032650972322010155,-0.5344623565673825,0.44389209747314434
0.03549652099609375,-0.1467681884765625,-0.043342212665583704,-0.03167208401896341,-0.49896583557128876,0.2971239089965818
-0.06172027587890625,-0.020068359375,-0.04406581828533787,-0.03175353204105628,-0.560686111450195,0.2770555496215818
-0.07191162109375,0.032659912109375,-0.04461218445422677,-0.03192034035816255,-0.632597732543945,0.3097154617309568
-0.006708526611328125,0.2512603759765625,-0.045192016997288934,-0.030523696541162874,-0.6393062591552732,0.5609758377075194
-0.0604583740234375,0.12416839599609375,-0.04555075205090443,-0.026524311231409105,-0.6997646331787106,0.6851442337036131
-0.2597412109375,-0.05881576538085938,-0.046594115229063066,-0.02119547894517145,-0.9595058441162106,0.6263284683227537
-0.01537017822265625,-0.015396881103515624,-0.048948630304703956,-0.016459313391024695,-0.9748760223388669,0.610931587219238
0.060455322265625,0.07476425170898438,-0.05104376352530307,-0.012309605788790107,-0.9144207000732419,0.6856958389282224
0.0361328125,0.032678985595703126,-0.05154521810025725,-0.008053085943994185,-0.8782878875732419,0.7183748245239255
0.05718536376953125,0.02867431640625,-0.05053052503879629,-0.003761615475527138,-0.8211025238037107,0.7470491409301755
0.09715728759765625,0.13073883056640626,-0.04805207211076996,0.0006851641178842859,-0.7239452362060544,0.8777879714965817
0.12807464599609375,-0.0138580322265625,-0.04390634133276443,0.005398649290211297,-0.5958705902099607,0.8639299392700193
0.07533111572265624,0.06492195129394532,-0.03824716323748387,0.009874726115154706,-0.5205394744873044,0.9288518905639646
0.029583740234375,0.05617523193359375,-0.03183868791683459,0.014102475732235943,-0.49095573425292943,0.9850271224975583
-0.034552001953125,-0.09520111083984376,-0.025650416883075178,0.017734807560830856,-0.5255077362060544,0.8898260116577146
0.06940765380859375,0.04271697998046875,-0.019989876749522455,0.020187389709349135,-0.45610008239746064,0.9325429916381833
0.08778076171875,0.263409423828125,-0.014265866096183969,0.022866808829051337,-0.36831932067871065,1.1959524154663084
0.12402496337890626,0.28088531494140623,-0.007930784453256463,0.027858658688703943,-0.2442943572998044,1.4768377304077145
0.08323516845703124,0.018743896484375,-0.0009945561731816012,0.03469058681064364,-0.16105918884277315,1.4955816268920894
0.3390594482421875,0.07538604736328125,0.007106781530057397,0.04133366890304276,0.17800025939941433,1.5709676742553706
0.1009033203125,0.197491455078125,0.01690894044193029,0.04762552988421172,0.2789035797119143,1.7684591293334957
0.02788543701171875,0.09472198486328125,0.026930009725366796,0.0542496018653002,0.30678901672363307,1.863181114196777
0.0519989013671875,0.07174835205078126,0.03568508487511928,0.06067046081923053,0.35878791809082056,1.9349294662475582
-0.074273681640625,0.0253173828125,0.04270635656852991,0.06612141349463202,0.2845142364501956,1.9602468490600582
-0.0409454345703125,0.3117889404296875,0.047467802006806836,0.07129940116950433,0.24356880187988308,2.272035789489746
-0.07360801696777344,0.13473434448242189,0.04993418065560526,0.07743947941477615,0.16996078491210964,2.406770133972168
0.14970855712890624,0.0151519775390625,0.05113634061092576,0.08361800138326247,0.3196693420410159,2.4219221115112304
0.3975128173828125,0.14877777099609374,0.053659442165488694,0.08871573738928384,0.7171821594238283,2.570699882507324
0.18738250732421874,0.08776092529296875,0.059094552974358366,0.09314863701566006,0.9045646667480471,2.6584608078002927
0.37692947387695314,0.14694900512695314,0.06695070427215519,0.09721707289772767,1.2814941406250002,2.805409812927246
0.15719985961914062,0.15098724365234376,0.0765360380805392,0.10114381048531279,1.4386940002441408,2.95639705657959
0.12143096923828126,0.14544906616210937,0.0863955055047798,0.1051185885762398,1.5601249694824222,3.101846122741699
0.11028289794921875,0.0915863037109375,0.09524638865437997,0.10885544018635267,1.670407867431641,3.193432426452637
0.10099029541015625,0.0994842529296875,0.10288073533255843,0.1119573681662023,1.7713981628417972,3.292916679382324
0.14258155822753907,0.13955764770507811,0.10942896916013815,0.11449007996731451,1.9139797210693363,3.432474327087402
0.015857696533203125,0.10989456176757813,0.11478171906958462,0.11672100347881152,1.9298374176025395,3.54236888885498
0.20357742309570312,0.11182060241699218,0.11896867239340357,0.1186042046727918,2.1334148406982427,3.654189491271972
0.18254165649414061,0.10857315063476562,0.12294357077371701,0.12006377722853039,2.315956497192383,3.762762641906738
-0.03192405700683594,0.2205657958984375,0.12643412224171863,0.12153660596040296,2.2840324401855474,3.9833284378051754
0.16604537963867189,0.4628440856933594,0.1285559650807977,0.12467609300717648,2.4500778198242195,4.446172523498535
0.16594314575195312,0.20262451171875,0.13015807934356508,0.1303834738047943,2.6160209655761726,4.648797035217285
0.10719451904296876,0.11385841369628906,0.13180534990485487,0.136829074296346,2.7232154846191414,4.762655448913574
0.365936279296875,0.23477249145507811,0.13397773329425383,0.14265183790835012,3.0891517639160164,4.997427940368652
0.09824562072753906,0.112225341796875,0.13725016216039035,0.14797933640935657,3.1873973846435555,5.109653282165527
0.141455078125,0.1751800537109375,0.14055071265832403,0.15259329073904274,3.3288524627685554,5.284833335876464
0.09705009460449218,0.10720138549804688,0.14300966266789822,0.15630901788884594,3.4259025573730475,5.392034721374511
0.222686767578125,0.17005386352539062,0.14501828354900484,0.15918217640576351,3.6485893249511725,5.562088584899902
0.12392807006835938,0.12439117431640626,0.1470123375812849,0.16135201977511662,3.772517395019532,5.686479759216308
0.114825439453125,0.19333648681640625,0.14867201328914706,0.16304820486819513,3.887342834472657,5.879816246032714
0.18892745971679686,0.16168136596679689,0.1498724780416265,0.16454265521880146,4.076270294189454,6.041497611999511
0.12153396606445313,-0.10257949829101562,0.1509308122389823,0.1649099069963031,4.197804260253907,5.938918113708495
-0.15633697509765626,0.18221435546875,0.15062868387139988,0.16333081903047386,4.0414672851562505,6.121132469177245
0.1512359619140625,0.1247955322265625,0.14804911140612173,0.1610430108527102,4.192703247070313,6.245928001403807
0.30924453735351565,0.15374279022216797,0.14539403321680902,0.15891538297141633,4.501947784423829,6.399670791625975
0.1031585693359375,0.01322479248046875,0.14422627336451624,0.1564454888301931,4.6051063537597665,6.412895584106444
-0.010662841796875,0.1617666244506836,0.1429878625050925,0.15334982242249232,4.594443511962892,6.574662208557127
0.15949325561523436,0.04044036865234375,0.14075366808811454,0.14990274294789632,4.753936767578126,6.615102577209471
0.15980682373046876,0.106341552734375,0.13853960123905615,0.14610923798917985,4.913743591308594,6.721444129943846
0.06021194458007813,0.015447998046875,0.13663228094800717,0.1417894210744387,4.973955535888672,6.736892127990721
0.016961669921875,0.09416484832763672,0.13413248913147457,0.13695695089965032,4.990917205810547,6.831056976318358
0.10687408447265626,0.06418304443359375,0.1308245605806181,0.13189770616507304,5.097791290283203,6.8952400207519515
0.15310897827148437,0.18518524169921874,0.12755007343827407,0.12722805151539104,5.2509002685546875,7.08042526245117
0.04969215393066406,0.20911178588867188,0.12463700687687122,0.12380673516406321,5.300592422485352,7.289537048339842
0.3426856994628906,0.5007514953613281,0.12254820755745524,0.123147834614956,5.643278121948242,7.79028854370117
0.00619049072265625,0.36658172607421874,0.12170876684958676,0.12652430963951336,5.649468612670899,8.15687026977539
0.13316192626953124,0.165618896484375,0.12101104944890122,0.1325867754146655,5.78263053894043,8.322489166259764
-0.05351715087890625,0.1564403533935547,0.11946701740319453,0.13883526941736596,5.729113388061524,8.478929519653319
0.1430633544921875,0.3396881103515625,0.11705645199243747,0.14501834074710437,5.8721767425537115,8.818617630004882
0.39539260864257814,0.19081878662109375,0.1156170299465092,0.15181199994521455,6.26756935119629,9.009436416625975
0.17914962768554688,0.010684967041015625,0.11676798498571536,0.15795137735711018,6.446718978881837,9.020121383666991
0.13941802978515624,0.3573616027832031,0.11927451720809758,0.1628656830203499,6.586137008666993,9.377482986450195
0.17336883544921874,0.15439453125,0.12193160774050711,0.16780682420517834,6.759505844116212,9.531877517700195
0.0546905517578125,0.12094268798828126,0.12434845825549463,0.17236308689623758,6.814196395874025,9.652820205688476
0.10306396484375,-0.14202880859375,0.1259676941934017,0.17460134610089095,6.917260360717775,9.510791397094726
0.15517654418945312,0.20408287048339843,0.1270050308261618,0.17409414660281422,7.072436904907229,9.714874267578125
0.11757965087890625,-0.09595527648925781,0.12795668387923267,0.17176381803635762,7.190016555786135,9.618918991088867
0.07725372314453124,0.09841499328613282,0.12859317742571066,0.16772512635953649,7.267270278930667,9.717333984375
0.17763519287109375,0.19931564331054688,0.12889189491413622,0.16300141368756513,7.444905471801761,9.916649627685546
0.09566421508789062,0.08955984115600586,0.12918768403075673,0.1588099518305459,7.5405696868896515,10.006209468841552
0.13297538757324218,0.160919189453125,0.12938166989937455,0.1549536708814272,7.6735450744628935,10.167128658294677
-0.03157196044921875,0.04363059997558594,0.12886506524030764,0.15112846131302132,7.641973114013675,10.210759258270263
0.0885650634765625,0.08847618103027344,0.1271394021852579,0.14695597230929722,7.730538177490238,10.299235439300537
0.13460884094238282,0.14428939819335937,0.12486755072042727,0.14265538164397962,7.86514701843262,10.443524837493896
0.09686126708984374,0.11457138061523438,0.12280325217442499,0.1387689107077294,7.962008285522464,10.558096218109132
0.41517791748046873,0.13749008178710936,0.12198879609670074,0.1353553189932926,8.377186203002934,10.695586299896242
0.38277359008789064,0.12376861572265625,0.124284099215716,0.13239574935249931,8.759959793090824,10.819354915618899
0.08938446044921874,-0.25145721435546875,0.12900514748063457,0.12848381935932238,8.849344253540043,10.56789770126343
0.1035552978515625,-0.1337310791015625,0.1334974326707612,0.12149003669435635,8.952899551391605,10.434166622161868
0.12192840576171875,-0.2944793701171875,0.13683974718479447,0.11092910610318343,9.074827957153323,10.13968725204468
0.11727638244628906,0.1331939697265625,0.1393384653581523,0.09834572299824179,9.192104339599611,10.272881221771243
0.093670654296875,0.1029632568359375,0.14104209473065993,0.08665759991267513,9.285774993896487,10.375844478607181
0.05117950439453125,0.1280731201171875,0.1417136879183816,0.07730915925463497,9.336954498291018,10.50391759872437
0.098773193359375,0.11925926208496093,0.1412906480922014,0.07009535894819123,9.435727691650392,10.62317686080933
0.07520904541015624,0.04564361572265625,0.14006283716990808,0.06453363025365083,9.510936737060549,10.668820476531987
0.10657958984375,0.00099029541015625,0.1382943732393262,0.05970869089642686,9.6175163269043,10.669810771942144
0.07843780517578125,0.10410194396972657,0.13613886960442256,0.05535386054437832,9.69595413208008,10.773912715911871
0.184161376953125,0.232989501953125,0.13398323968526124,0.05250762874452037,9.880115509033205,11.006902217864996
0.11221160888671874,0.1066864013671875,0.13226202654821942,0.051815187871452055,9.992327117919924,11.113588619232184
0.05406646728515625,0.05430870056152344,0.1305805895444304,0.05229812757028431,10.046393585205081,11.167897319793708
0.07032852172851563,0.10905609130859376,0.12833396137473926,0.053119535408818516,10.116722106933597,11.276953411102301
-0.0265960693359375,0.05266265869140625,0.12520289059797837,0.05421502387594889,10.09012603759766,11.329616069793708
0.10286636352539062,0.1296173095703125,0.12120244734594968,0.05559260231966888,10.19299240112305,11.45923337936402
0.0636962890625,0.04132843017578125,0.1169769866005517,0.057219801932454864,10.25668869018555,11.500561809539802
0.05753879547119141,0.0614532470703125,0.11278720658080034,0.058744489521673354,10.314227485656742,11.562015056610115
0.07698593139648438,0.06939849853515626,0.10857196284190289,0.06001606051685761,10.391213417053226,11.63141355514527
0.087982177734375,0.1907196044921875,0.10455485351265939,0.06162712846809217,10.479195594787601,11.822133159637458
0.0043731689453125,0.063092041015625,0.10060908937334248,0.06394439953807,10.483568763732913,11.885225200653084
0.04882125854492188,0.0861236572265625,0.09637540664546665,0.06641766804055106,10.532390022277836,11.971348857879645
0.0549102783203125,0.04793853759765625,0.09200321689780154,0.06855201079593568,10.587300300598148,12.019287395477301
0.10471572875976562,0.0843902587890625,0.0879638716141594,0.07031053251560375,10.692016029357914,12.103677654266363
0.07996902465820313,0.08317947387695312,0.08455488126506723,0.07185030216800342,10.771985054016117,12.186857128143316
0.035494232177734376,0.037841796875,0.08156305419407886,0.07314367812579127,10.807479286193852,12.224698925018316
0.31417694091796877,0.07832794189453125,0.07956133861065337,0.07402588661250989,11.12165622711182,12.303026866912848
0.040535926818847656,0.006683349609375,0.07928401039587347,0.07442067624798573,11.162192153930668,12.309710216522223
0.0380767822265625,0.035723876953125,0.07947263779494156,0.07413454422846959,11.200268936157231,12.345434093475347
0.045107269287109376,0.04239501953125,0.07906523119627942,0.07325754014999908,11.245376205444341,12.387829113006598
0.037957763671875,0.2173736572265625,0.0781808627581988,0.07268578768960063,11.283333969116216,12.605202770233161
0.033795166015625,0.05941925048828125,0.07686860234049328,0.0730974030981062,11.317129135131841,12.664622020721442
0.0644012451171875,0.018221282958984376,0.07527192999854403,0.07366670295325187,11.381530380249028,12.682843303680427
0.032491302490234374,0.018630218505859376,0.07355133145655739,0.07349077468708415,11.414021682739262,12.701473522186285
-0.2898124694824219,0.018131256103515625,0.07046433857259857,0.07254545280461015,11.12420921325684,12.719604778289801
-0.03449859619140625,0.04039459228515625,0.06475268049717695,0.07104820090472284,11.089710617065434,12.759999370574958
0.008214569091796875,0.008001708984375,0.05776318704746859,0.06915271123624023,11.09792518615723,12.768001079559333
0.00407562255859375,-0.000214385986328125,0.05102423069753648,0.06676752487512683,11.102000808715824,12.767786693573004
-0.0557373046875,0.013381195068359376,0.044500735040953934,0.06387933696904122,11.046263504028323,12.781167888641363
0.00647735595703125,0.018792343139648438,0.038029208212280584,0.06070020489080087,11.052740859985354,12.79996023178101
0.003851318359375,0.002199554443359375,0.031919449297166995,0.057351894883994496,11.05659217834473,12.80215978622437
0.0401641845703125,-0.0030548095703125,0.02653888022406717,0.053790838499145115,11.096756362915041,12.799104976654059
-0.003426361083984375,-0.002466583251953125,0.02194236786456462,0.050007240104796756,11.093330001831056,12.796638393402105
-0.006477737426757812,-0.12436981201171875,0.017873562190782885,0.04563588201045831,11.086852264404298,12.672268581390387
-0.00169219970703125,-0.13713111877441406,0.014142844938203314,0.039908712586318305,11.085160064697266,12.535137462615973
0.1218536376953125,-0.017432403564453126,0.011220270936468475,0.03302903190525819,11.20701370239258,12.51770505905152
0.00678863525390625,-0.00325927734375,0.009512088417153777,0.026156288405350094,11.213802337646486,12.51444578170777
-0.0219818115234375,-0.042147064208984376,0.008355106832162312,0.019784248682450628,11.191820526123049,12.472298717498786
-0.013649749755859374,-0.0060150146484375,0.007081393922007472,0.013824209935824217,11.178170776367189,12.46628370285035
-0.02042694091796875,0.002996826171875,0.005660017543252257,0.008448948685908775,11.15774383544922,12.469280529022225
-0.07014236450195313,-0.09923095703125,0.003936644095824784,0.0034670207014139477,11.087601470947268,12.370049571990975
-0.0261383056640625,-0.016925048828125,0.001760127280121404,-0.001523193206336228,11.061463165283206,12.353124523162851
-0.01249237060546875,-0.02455902099609375,-0.0005761170729127558,-0.006249764791146302,11.048970794677738,12.328565502166757
-0.03242950439453125,0.19359207153320312,-0.002826232658367829,-0.009654283379134543,11.016541290283206,12.52215757369996
-0.021399688720703126,-0.022097015380859376,-0.00502669019938563,-0.01113134056443114,10.995141601562503,12.5000605583191
-0.04244918823242187,-0.11698074340820312,-0.007222245084267183,-0.012089243929758478,10.952692413330082,12.383079814910898
-0.046381378173828126,-0.1525421142578125,-0.009508652979867893,-0.014195870785411246,10.906311035156254,12.230537700653086
-0.015802764892578126,-0.18711700439453124,-0.011831969648214907,-0.01796011154661946,10.890508270263675,12.043420696258554
-0.04093017578125,-0.07902145385742188,-0.014036281033962983,-0.023045287512898038,10.849578094482425,11.964399242401132
-0.06324920654296876,0.05169525146484375,-0.016261123507256073,-0.02803148829484897,10.786328887939456,12.016094493865976
-0.06715526580810546,-0.011060333251953125,-0.018737738371337524,-0.03175155967692929,10.71917362213135,12.005034160614024
0.14680557250976561,0.22248077392578125,-0.02072348183354838,-0.033493094798342476,10.865979194641117,12.227514934539805
0.14308547973632812,-0.06315841674804687,-0.02074733331118414,-0.03312315841999995,11.009064674377445,12.164356517791758
-0.07809829711914062,0.15650253295898436,-0.019181484453212574,-0.03141853085354245,10.930966377258304,12.320859050750743
0.034351348876953125,-0.018624114990234374,-0.017515782245777527,-0.02869888190513154,10.965317726135257,12.302234935760508
0.051670074462890625,-0.18504714965820312,-0.01571443589712557,-0.02624456960391881,11.016987800598148,12.117187786102305
0.132177734375,-0.050199127197265624,-0.013001350648826428,-0.025399286035127103,11.149165534973148,12.06698865890504
-0.05122528076171875,-0.04605598449707031,-0.009582636239733492,-0.02552427009340726,11.09794025421143,12.02093267440797
-0.17566146850585937,-0.06904945373535157,-0.007110257780386696,-0.026024621941636454,10.92227878570557,11.951883220672618
-0.07309761047363281,-0.1418212890625,-0.006660061246397847,-0.02724707766841422,10.849181175231937,11.810061931610118
0.18475284576416015,-0.07119293212890625,-0.0066832289421798275,-0.029410950560771417,11.033934020996098,11.738868999481213
-0.12735519409179688,0.14881725311279298,-0.005993550689351846,-0.031286775956863064,10.906578826904301,11.887686252594005
-0.15488967895507813,-0.099810791015625,-0.006143662809187432,-0.03194532324054672,10.751689147949223,11.78787546157838
-0.08782806396484374,0.19626617431640625,-0.008081579763700506,-0.03150704731965118,10.66386108398438,11.984141635894787
-0.07908935546875,-0.10130271911621094,-0.011070460742870864,-0.029990438728011746,10.58477172851563,11.882838916778576
-0.11849136352539062,-0.11777687072753906,-0.014732418494453255,-0.028735807683233573,10.46628036499024,11.765062046051037
-0.013897705078125,0.03158111572265625,-0.018779763301053937,-0.028374775892839228,10.452382659912114,11.796643161773693
-0.04851226806640625,-0.11326560974121094,-0.022601568911662446,-0.028269477891645415,10.403870391845707,11.683377552032482
0.21664581298828126,-0.0702423095703125,-0.025090794600589956,-0.028732234616321458,10.620516204833988,11.61313524246217
-0.13717727661132811,-0.13151206970214843,-0.025914509324298063,-0.03009870738842601,10.48333892822266,11.48162317276002
-0.08805160522460938,0.028923797607421874,-0.026756589328061305,-0.03190889374614617,10.39528732299805,11.510546970367443
-0.047319793701171876,-0.081475830078125,-0.02837992724732638,-0.03352396192087952,10.347967529296877,11.429071140289318
-0.12339706420898437,-0.1255035400390625,-0.030436377917216033,-0.03533035499280582,10.224570465087893,11.303567600250256
-0.18348236083984376,-0.12892608642578124,-0.03344677884521534,-0.038001889386948186,10.04108810424805,11.174641513824474
-0.1490997314453125,-0.293035888671875,-0.03779842289918668,-0.04213760096135514,9.891988372802738,10.881605625152599
-0.12071189880371094,-0.285797119140625,-0.0430756422655502,-0.04861406761423411,9.771276473999027,10.595808506011974
-0.10197296142578124,-0.12044601440429688,-0.04865327389510865,-0.05689942003277146,9.669303512573245,10.475362491607676
-0.07659683227539063,-0.1767913818359375,-0.0540711546649333,-0.06555926117162433,9.592706680297855,10.29857110977174
-0.1423309326171875,-0.13101959228515625,-0.059263200588948246,-0.07405067471716874,9.450375747680667,10.167551517486583
-0.2971649169921875,0.108770751953125,-0.0651359570502924,-0.08128215002038637,9.15321083068848,10.276322269439708
-0.11651611328125,-0.055255126953125,-0.07219884917043613,-0.08604545787879805,9.03669471740723,10.221067142486584
-0.09151763916015625,-0.081744384765625,-0.07931750084457868,-0.08908904688949477,8.945177078247074,10.13932275772096
-0.11989860534667969,-0.07276840209960937,-0.08564716880176153,-0.09140223984916135,8.825278472900393,10.066554355621351
-0.094580078125,-0.09932403564453125,-0.0912479593897986,-0.09319754344551659,8.730698394775393,9.967230319976819
-0.06455535888671875,-0.13253631591796874,-0.09596806566531374,-0.09481339974342132,8.666143035888675,9.83469400405885
-0.14365081787109374,-0.1049835205078125,-0.09985978328563248,-0.09649257478853136,8.52249221801758,9.729710483551038
-0.166705322265625,-0.14884872436523439,-0.10354928410182718,-0.0982800085779482,8.355786895751956,9.580861759185805
-0.15903549194335936,-0.1766357421875,-0.107441716956233,-0.10045076041292789,8.196751403808596,9.404226016998305
-0.1021728515625,-0.10092182159423828,-0.11126965451445611,-0.1029968975439985,8.094578552246096,9.303304195404067
-0.15384979248046876,-0.091717529296875,-0.11473564650319815,-0.10533929246623921,7.940728759765627,9.211586666107191
-0.1569456100463867,-0.24756240844726562,-0.11802800196098716,-0.10770072329693613,7.78378314971924,8.964024257659926
-0.10629501342773437,-0.3349571228027344,-0.12115343787214732,-0.11145590308159714,7.6774881362915055,8.629067134857191
-0.16780319213867187,-0.315191650390625,-0.12396094890789028,-0.11744937157104263,7.509684944152833,8.313875484466566
-0.10934162139892578,-0.17806243896484375,-0.12651198397630462,-0.12490657755736179,7.4003433227539075,8.135813045501722
-0.172418212890625,-0.13861083984375,-0.12883909390379933,-0.13227342518432936,7.227925109863283,7.997202205657972
-0.12964401245117188,-0.12316741943359374,-0.13103526853776187,-0.13861957321236795,7.098281097412111,7.874034786224378
-0.10895538330078125,-0.141619873046875,-0.13293369780374814,-0.14383136083915382,6.98932571411133,7.732414913177503
-0.12711944580078124,-0.1484130859375,-0.13431637275301656,-0.14812031053610764,6.8622062683105485,7.5840018272400025
-0.10641212463378906,0.25807342529296873,-0.13522888316928017,-0.1502184143452503,6.755794143676759,7.842075252532971
0.1235870361328125,-0.15426483154296874,-0.13481737127282012,-0.14902561884991095,6.879381179809572,7.687810420990002
-0.15195770263671876,-0.1630828857421875,-0.13256034619705687,-0.14664150972777523,6.727423477172853,7.5247275352478145
0.15721282958984376,-0.160540771484375,-0.1288341579177641,-0.14484261611438937,6.884636306762697,7.364186763763439
-0.1188568115234375,-0.09664459228515625,-0.12369033063056416,-0.14334182538232487,6.765779495239259,7.267542171478283
-0.1568359375,-0.1726776123046875,-0.1184517029237305,-0.1419156798896494,6.608943557739258,7.094864559173596
-0.17027435302734376,-0.18074951171875,-0.11453320318372903,-0.14092124320489346,6.438669204711915,6.914115047454846
-0.10806427001953126,-0.1141021728515625,-0.11178623910020938,-0.14039509099038017,6.330604934692384,6.800012874603284
-0.11394805908203125,-0.23839111328125,-0.10967922634410987,-0.14026521810149312,6.216656875610353,6.561621761322034
-0.17114639282226562,-0.16705169677734374,-0.1081629602741163,-0.1408695102606524,6.045510482788087,6.3945700645446895
-0.10765838623046875,-0.13139495849609376,-0.10736890638763624,-0.1418839380281322,5.937852096557618,6.263175106048596
-0.11252975463867188,-0.08246383666992188,-0.1069559085437591,-0.14253317177895758,5.825322341918946,6.1807112693786745
-0.16290435791015626,-0.17716064453125,-0.10685569933290666,-0.14272666497818762,5.6624179840087905,6.003550624847424
-0.15981597900390626,-0.14647140502929687,-0.10739014168883117,-0.14293338123319127,5.502602005004884,5.857079219818127
-0.15658493041992189,-0.11128311157226563,-0.10859652906236525,-0.14314140052987984,5.346017074584962,5.7457961082458615
0.0049774169921875,-0.183673095703125,-0.10972826372210502,-0.14324364242266244,5.35099449157715,5.562123012542736
-0.27126541137695315,-0.2534980773925781,-0.11059961235159563,-0.14390563825178,5.079729080200196,5.308624935150158
-0.22614774703979493,-0.239202880859375,-0.11249274549763501,-0.14574282816267242,4.853581333160402,5.069422054290783
-0.41365890502929686,-0.3005210876464844,-0.11656663820920155,-0.14890866769197392,4.439922428131105,4.768900966644298
-0.14988174438476562,-0.15289459228515626,-0.12264669815889293,-0.15299868688644425,4.290040683746339,4.616006374359142
-0.11372299194335937,-0.005482101440429687,-0.1289557208226558,-0.15642204297556847,4.176317691802979,4.610524272918712
-0.22696380615234374,-0.29483184814453123,-0.13455792411257628,-0.1586832020167594,3.949353885650636,4.3156924247741815
-0.09658432006835938,-0.06627197265625,-0.1397043294746878,-0.16067284731137232,3.8527695655822765,4.249420452117931
0.07425079345703126,0.0022369384765625,-0.14324162045173203,-0.16155063585265664,3.927020359039308,4.251657390594493
-0.09168777465820313,-0.18302230834960936,-0.14427190955001692,-0.16083182603856766,3.8353325843811046,4.068635082244884
-0.20340652465820314,-0.176104736328125,-0.1441763098083146,-0.1598555158574243,3.6319260597229013,3.892530345916759
-0.13525161743164063,-0.136322021484375,-0.14430288225628496,-0.15915453781323471,3.4966744422912606,3.756208324432384
-0.1672271728515625,-0.10503387451171875,-0.14464036383891973,-0.15826768806683172,3.329447269439698,3.6511744499206653
-0.18000717163085939,-0.11616363525390624,-0.14518058594961356,-0.15690767420990803,3.1494400978088386,3.535010814666759
-0.1215911865234375,-0.15892181396484376,-0.1458795240158689,-0.15529339588921948,3.027848911285401,3.3760890007019153
-0.029901123046875,-0.18814010620117189,-0.1459922955340477,-0.15394547844125098,2.997947788238526,3.1879488945007433
-0.2702880859375,-0.14941864013671874,-0.14560760199400505,-0.15306633872470912,2.727659702301026,3.0385302543640247
0.02633514404296875,-0.10576324462890625,-0.14514687574795715,-0.15225962675387628,2.7539948463439945,2.9327670097351186
-0.1429931640625,-0.12230682373046875,-0.14396447921597447,-0.1511287034569946,2.6110016822814943,2.81046018600465
-0.08508453369140626,-0.12901763916015624,-0.14213754753875424,-0.149728769409312,2.525917148590088,2.681442546844494
0.04373016357421875,-0.12120513916015625,-0.13952476328623126,-0.1482041350182898,2.5696473121643066,2.5602374076843377
-0.0988189697265625,-0.0823150634765625,-0.13566541769579052,-0.14642405894298588,2.470828342437744,2.477922344207775
-0.18509445190429688,-0.14656295776367187,-0.1316968547415641,-0.1443786153389462,2.285733890533447,2.3313593864441033
-0.182269287109375,-0.2653938293457031,-0.12882530885066576,-0.14289553361519158,2.103464603424072,2.0659655570984
-0.0712249755859375,-0.11625595092773437,-0.1268035963093733,-0.14245802659332735,2.0322396278381345,1.9497096061706658
-0.10951766967773438,-0.10333023071289063,-0.12484675448522335,-0.14220548850543635,1.9227219581604,1.846379375457775
-0.23788299560546874,-0.16136322021484376,-0.1233126685490036,-0.14168788288917386,1.6848389625549314,1.6850161552429312
-0.13376617431640625,-0.1099945068359375,-0.12284613259926344,-0.14114336606159597,1.5510727882385251,1.5750216484069937
-0.09176483154296874,-0.05647125244140625,-0.12283871539573757,-0.1402284585127035,1.4593079566955565,1.5185503959655875
-0.0663604736328125,-0.08494186401367188,-0.12244245599933852,-0.13854610266900266,1.392947483062744,1.4336085319519156
-0.08717498779296876,-0.1053619384765625,-0.12146566062272375,-0.1363319588232994,1.3057724952697751,1.3282465934753531
-0.05652694702148438,-0.06725921630859374,-0.11996476488879525,-0.1338177130908483,1.2492455482482907,1.2609873771667595
-0.23763933181762695,-0.16595840454101562,-0.11855616504950375,-0.1312440709371646,1.0116062164306638,1.0950289726257438
0.02784862518310547,-0.3024881362915039,-0.11748459212293329,-0.12972937217062516,1.0394548416137692,0.7925408363342399
-0.0954437255859375,-0.08907928466796874,-0.11589012687835427,-0.1296966369475662,0.9440111160278317,0.7034615516662711
-0.05950927734375,-0.030260467529296876,-0.11368239966293679,-0.129640695034012,0.8845018386840817,0.6732010841369742
-0.0840606689453125,-0.08472747802734375,-0.1112684002124503,-0.12856445254669063,0.8004411697387692,0.5884736061096305
-0.0732269287109375,-0.037738037109375,-0.10872513953891398,-0.12666094488819096,0.7272142410278317,0.5507355690002556
0.06613311767578126,-0.06047401428222656,-0.10561623416561944,-0.12403168465586496,0.793347358703613,0.490261554718029
0.016162872314453125,-0.03974761962890625,-0.10121112383838603,-0.12075236680465017,0.8095102310180661,0.45051393508912274
-0.07445220947265625,-0.01127777099609375,-0.09597008402462819,-0.11680544416496613,0.7350580215454098,0.439236164093029
-0.056768035888671874,-0.09111785888671875,-0.0908784326937681,-0.11236466655416914,0.6782899856567379,0.34811830520631026
0.26763916015625,-0.058995819091796874,-0.08501079455002529,-0.10793364117056872,0.9459291458129879,0.2891224861145134
-0.03427200317382813,-0.03483428955078125,-0.07725809789568218,-0.10354394963359052,0.9116571426391598,0.25428819656373214
0.22510299682617188,-0.020828628540039064,-0.06811215500798197,-0.09891038372220691,1.1367601394653317,0.23345956802369308
-0.06841201782226562,-0.040528488159179685,-0.058210003403625706,-0.0940221690247417,1.0683481216430661,0.1929310798645134
0.1105743408203125,-0.13151702880859376,-0.04835664807121689,-0.08941308197030962,1.1789224624633787,0.061414051055919655
0.09867095947265625,-0.08569488525390626,-0.03849655192785958,-0.08566890247714969,1.277593421936035,-0.0242808341979866
-0.046917724609375,0.06479034423828126,-0.02873891778479924,-0.08215566414820104,1.23067569732666,0.040509510040294655
-0.012999343872070312,-0.05529327392578125,-0.020183239496664653,-0.07806559310772454,1.2176763534545896,-0.014783763885486592
-0.03220434188842773,-0.4365936279296875,-0.013108907450676447,-0.07525760815415196,1.1854720115661619,-0.45137739181517406
-0.015680694580078126,-0.023795318603515626,-0.007333639020247653,-0.07526541815800171,1.1697913169860839,-0.4751727104186897
-0.019416046142578126,-0.10737876892089844,-0.0026929834082364953,-0.07632405996065769,1.1503752708435058,-0.5825514793395882
-0.0228363037109375,-0.206243896484375,0.0009509670613197501,-0.07771556188266435,1.1275389671325682,-0.7887953758239632
-0.0073760986328125,-0.012572860717773438,0.0037253948796921337,-0.07968298371856142,1.1201628684997558,-0.8013682365417366
-0.02350921630859375,0.2417694091796875,0.00577284969358542,-0.08013813532496909,1.096653652191162,-0.5595988273620491
0.06431808471679687,0.0302490234375,0.00743925155361092,-0.07754299965302464,1.1609717369079589,-0.5293498039245491
-0.008597564697265626,-0.0106353759765625,0.0090761609168128,-0.07319085697855172,1.1523741722106933,-0.5399851799011116
-0.066937255859375,0.000632476806640625,0.010243306457592352,-0.06845222002328046,1.0854369163513182,-0.539352703094471
0.0005462646484375,0.05573883056640625,0.010558017225111554,-0.06332553994584114,1.0859831809997558,-0.48361387252806476
-0.00742340087890625,0.19699325561523437,0.010403182379069413,-0.05699672365673151,1.0785597801208495,-0.28662061691283036
-0.01917572021484375,0.011791229248046875,0.010001609091372935,-0.04920119282921573,1.0593840599060058,-0.2748293876647835
0.010906982421875,-0.011266326904296875,0.009394248452220647,-0.041204101317742055,1.0702910423278809,-0.28609571456908034
0.008827590942382812,0.0079315185546875,0.008791210970304752,-0.03392234709723426,1.0791186332702636,-0.27816419601439285
0.03109283447265625,0.024718475341796876,0.008375054596717238,-0.027228602059567023,1.1102114677429198,-0.25344572067259596
0.008454132080078124,-0.04275054931640625,0.008193134579548001,-0.02117732678645227,1.118665599822998,-0.2961962699890022
0.02881011962890625,0.027985763549804688,0.008200328552271065,-0.015923299809941387,1.1474757194519043,-0.2682105064391975
-0.04626312255859375,0.02165679931640625,0.008159305334389678,-0.011167732147085536,1.1012125968933106,-0.2465537071227913
0.03063023090362549,-0.017691802978515626,0.007886933255064907,-0.006830524775883097,1.1318428277969361,-0.2642455101013069
0.029030227661132814,-0.00096435546875,0.007704106331646852,-0.003153749115992077,1.1608730554580688,-0.26520986557005694
0.03914718627929688,0.07533493041992187,0.007902427767804029,0.0001718473741251158,1.2000202417373658,-0.18987493515013507
0.03197021484375,-0.20865859985351562,0.008458459985767499,0.0027399768967647994,1.2319904565811157,-0.3985335350036507
-0.23253173828125,-0.067291259765625,0.008332619178450419,0.003368016141734354,0.9994587182998658,-0.4658247947692757
-0.009724807739257813,0.11510734558105469,0.006502809175554727,0.003018779675165737,0.989733910560608,-0.350717449188221
0.017067337036132814,0.06296195983886718,0.004025937648735246,0.003500758025145741,1.0068012475967407,-0.2877554893493538
0.026721954345703125,0.08418617248535157,0.002079206767889503,0.005031380916150431,1.0335232019424438,-0.20356931686400223
-0.1556915283203125,0.07146492004394531,0.00011082264074140693,0.007336544433844357,0.8778316736221313,-0.13210439682005692
0.0644195556640625,0.010440826416015625,-0.0023363226286204934,0.010020457737076747,0.9422512292861939,-0.1216635704040413
0.16900100708007812,0.040308380126953126,-0.0038363651590858335,0.012602651073029304,1.111252236366272,-0.08135519027708818
0.07867279052734374,0.06595916748046875,-0.003294226318748687,0.015150509476203784,1.1899250268936157,-0.015396022796619432
0.04686813354492188,0.050693511962890625,-0.0014409702163202332,0.017871394566506566,1.2367931604385376,0.03529748916627119
0.0650634765625,0.2764625549316406,0.000991466615836994,0.021497705574669682,1.3018566370010376,0.3117600440979118
0.08167724609375,0.07399139404296876,0.003950323800291028,0.026676242909682707,1.3835338830947876,0.38575143814088053
0.05332183837890625,0.05970916748046875,0.0073905693365593364,0.032378621364604995,1.436855721473694,0.44546060562134926
-0.01494140625,0.09399452209472656,0.010791540012277681,0.03772437442119918,1.421914315223694,0.5394551277160758
0.08702316284179687,-0.03856048583984375,0.013882495041516889,0.04241066835002461,1.5089374780654907,0.5008946418762321
0.0559814453125,-0.007970428466796875,0.017048048285475802,0.04575180017741865,1.5649189233779908,0.49292421340943526
0.069488525390625,-0.08327484130859375,0.020423550391503887,0.04738715918274409,1.6344074487686158,0.4096493721008415
-0.13428802490234376,0.032305145263671876,0.023173317562774094,0.047554709628532706,1.500119423866272,0.4419545173645134
0.009811782836914062,-0.08686447143554688,0.02445417022586664,0.04662387522711781,1.509931206703186,0.35509004592896654
-0.006345367431640625,-0.0034637451171875,0.02473395665595057,0.044644433902408666,1.5035858392715453,0.35162630081177904
-0.222607421875,0.06986312866210938,0.02379323483481278,0.04225386764941081,1.2809784173965453,0.4214894294738884
-0.0530059814453125,-0.05212249755859375,0.020833615659198723,0.039945137576406754,1.2279724359512327,0.3693669319152946
-0.10355205535888672,-0.09570655822753907,0.01648887859180193,0.036962498013118544,1.124420380592346,0.27366037368775553
-0.11129150390625,0.2103353500366211,0.011267576277154794,0.03380978053288815,1.013128876686096,0.4839957237243766
-0.110107421875,-0.2962608337402344,0.005153236148668498,0.030784544518508993,0.903021454811096,0.18773488998414223
-0.10721435546875,-0.052021026611328125,-0.0016291373975697082,0.026233344461628248,0.795807099342346,0.1357138633728141
0.1365478515625,-0.07741165161132812,-0.007964448898478678,0.020312998094199668,0.9323549509048459,0.05830221176148598
-0.053943634033203125,-0.2672149658203125,-0.0127474739043701,0.01334543211941478,0.8784113168716428,-0.20891275405882653
-0.10896720886230468,0.0714019775390625,-0.016857910535010262,0.005361681982200909,0.769444108009338,-0.13751077651976404
-0.05712203979492188,-0.21506500244140625,-0.021246410278959335,-0.002629314360691441,0.7123220682144161,-0.3525757789611703
-0.07971267700195313,-0.04669113159179687,-0.025709684941785667,-0.010749438791061473,0.632609391212463,-0.3992669105529672
-0.13376846313476562,0.1306884765625,-0.030342539894629348,-0.018035519515485005,0.4988409280776973,-0.2685784339904672
-0.28218765258789064,0.03688201904296875,-0.036061138265024516,-0.02296291837901187,0.21665327548980667,-0.23169641494749846
0.1082733154296875,-0.128778076171875,-0.042462558975576235,-0.026481320072904838,0.32492659091949416,-0.36047449111937346
-0.14941673278808593,-0.19875640869140626,-0.047985438170921615,-0.030562277623913954,0.17550985813140824,-0.5592308998107798
-0.09132537841796876,-0.0484710693359375,-0.05293483900585866,-0.035617637837959994,0.08418447971343948,-0.6077019691467173
0.006317138671875,-0.08309288024902343,-0.05749129808241114,-0.040705771598793315,0.09050161838531448,-0.6907948493957407
-0.10428123474121094,0.3560001373291016,-0.061135688856228616,-0.043863870016284306,-0.01377961635589646,-0.3347947120666391
-0.11914215087890626,-0.09296965599060059,-0.06446501306670738,-0.04393133239504038,-0.1329217672348027,-0.42776436805723966
-0.12092361450195313,0.02216644287109375,-0.06799698531261952,-0.04265520353886587,-0.25384538173675586,-0.4055979251861459
-0.11703338623046874,0.062044525146484376,-0.07170008018627985,-0.04092035900907829,-0.37087876796722463,-0.3435534000396615
-0.10142059326171875,-0.16998443603515626,-0.07541451905754024,-0.03896111564349359,-0.4722993612289434,-0.5135378360748177
-0.13094983100891114,-0.1419158935546875,-0.07906441205634637,-0.03827698167633707,-0.6032491922378546,-0.6554537296295052
-0.119854736328125,-0.09560012817382812,-0.0827245569610433,-0.03913954016766407,-0.7231039285659796,-0.7510538578033333
-0.15362930297851562,-0.123651123046875,-0.086489161476257,-0.04094892010229052,-0.8767332315444952,-0.8747049808502083
0.05966377258300781,-0.09994354248046874,-0.08971865982544727,-0.04347433086639563,-0.8170694589614874,-0.9746485233306771
-0.1592635154724121,-0.408709716796875,-0.09182363871100309,-0.047610726471708,-0.9763329744338995,-1.3833582401275522
-0.1529205322265625,-0.06070713996887207,-0.09374701425298043,-0.053926175882489304,-1.129253506660462,-1.4440653800964243
-0.11946868896484375,0.04812469482421875,-0.0961162798528611,-0.060177788473110866,-1.2487221956253058,-1.3959406852722056
-0.19171829223632814,-0.2004791259765625,-0.09882090246868348,-0.06513709352426587,-1.440440487861634,-1.5964198112487682
-0.016217041015625,-0.160443115234375,-0.10153366724342631,-0.07020423412220429,-1.456657528877259,-1.7568629264831432
-0.09538421630859376,0.14221954345703125,-0.10349111347725401,-0.07480246712953462,-1.5520417451858528,-1.614643383026112
-0.27191009521484377,-0.21001968383789063,-0.10536501136625175,-0.07787993106974389,-1.8239518404006967,-1.8246630668640027
-0.21768569946289062,-0.11083831787109374,-0.10851079329726046,-0.08073569819476563,-2.0416375398635873,-1.9355013847350964
-0.09917221069335938,-0.09498519897460937,-0.11249313654717694,-0.0838643708091107,-2.1408097505569468,-2.0304865837097057
-0.16895561218261718,-0.15525970458984376,-0.11631605600807308,-0.08692045251628785,-2.309765362739564,-2.1857462882995495
-0.2050872802734375,-0.161322021484375,-0.12015723300437607,-0.09027262078841754,-2.5148526430130014,-2.3470683097839244
-0.09188232421875,-0.3413524627685547,-0.12406250454276352,-0.09473832490264514,-2.6067349672317515,-2.688420772552479
-0.33971481323242186,-0.23440628051757811,-0.12817330340196878,-0.10101022397205722,-2.946449780464173,-2.922827053070057
-0.089996337890625,0.00037841796875,-0.1328773615517307,-0.10773042452897443,-3.036446118354798,-2.9224486351013073
-0.15502090454101564,-0.16172561645507813,-0.13733420613534966,-0.11322771452955283,-3.191467022895814,-3.0841742515563855
-0.1623016357421875,-0.18763999938964843,-0.1411124872165114,-0.11803928512601305,-3.3537686586380016,-3.2718142509460337
-0.0929840087890625,-0.10265426635742188,-0.14430514134327654,-0.12267408532418993,-3.446752667427064,-3.3744685173034554
-0.28159637451171876,-0.2136524200439453,-0.1471686378952435,-0.12697402459395787,-3.728349041938783,-3.5881209373474006
-0.11530914306640624,-0.11425933837890626,-0.1502279891514566,-0.13106757097432664,-3.843658185005189,-3.702380275726307
-0.15922508239746094,-0.18893585205078126,-0.15304465106832996,-0.13488154126712187,-4.00288326740265,-3.8913161277770882
-0.12358169555664063,-0.13335151672363282,-0.15520410441758706,-0.1383858338984165,-4.12646496295929,-4.024667644500721
-0.09761810302734375,-0.10800552368164062,-0.156588911095938,-0.14135614626145546,-4.224083065986634,-4.132673168182362
-0.08947906494140626,-0.16215858459472657,-0.15695850675491987,-0.1436476161912193,-4.31356213092804,-4.294831752777088
-0.16308364868164063,-0.27881011962890623,-0.15658641863491973,-0.14606050566761974,-4.47664577960968,-4.573641872405994
-0.06575927734375,-0.09487228393554688,-0.15574998664306655,-0.14891500078821301,-4.54240505695343,-4.668514156341541
-0.10489387512207031,0.0604461669921875,-0.1542402812994193,-0.15062547998898054,-4.6472989320755005,-4.608067989349353
0.13462295532226562,-0.09211654663085937,-0.15125232909188951,-0.15011477218437744,-4.5126759767532345,-4.700184535980212
-0.06526260375976563,-0.15742034912109376,-0.14620084890812793,-0.14853098859020458,-4.577938580513,-4.857604885101306
-0.09882354736328125,-0.1097320556640625,-0.1401969374160248,-0.1469246303712345,-4.676762127876281,-4.967336940765369
-0.08943939208984375,-0.114483642578125,-0.1344156744404556,-0.14523093864911518,-4.766201519966125,-5.081820583343494
-0.1005645751953125,-0.09844627380371093,-0.12899842636631592,-0.14329229238468372,-4.866766095161437,-5.180266857147205
-0.05227737426757813,-0.129205322265625,-0.12383611953259623,-0.1411891030370439,-4.919043469429015,-5.30947217941283
-0.04003753662109375,0.13868255615234376,-0.11860823110267893,-0.13817314170231637,-4.959081006050109,-5.170789623260486
-0.160931396484375,-0.39912948608398435,-0.11357547455834748,-0.13455549006830642,-5.120012402534484,-5.56991910934447
-0.130950927734375,-0.150347900390625,-0.10950175662542612,-0.13251087790044647,-5.250963330268859,-5.720267009735095
-0.15903091430664062,-0.0645050048828125,-0.10661231946344403,-0.1316476782104272,-5.4099942445755,-5.784772014617908
-0.10083999633789062,-0.1145355224609375,-0.10464026377265152,-0.13044443598170272,-5.510834240913391,-5.899307537078846
-0.13177719116210937,-0.021222686767578124,-0.10325703513834675,-0.12868749162088391,-5.6426114320755,-5.9205302238464235
-0.168768310546875,-0.17241287231445312,-0.10253411058038514,-0.12654530892312812,-5.811379742622376,-6.092943096160877
-0.09758377075195312,-0.093743896484375,-0.10249663033069989,-0.12458390702500967,-5.908963513374329,-6.186686992645251
0.014495849609375,-0.15024566650390625,-0.10224597234515288,-0.12298463195238794,-5.894467663764954,-6.3369326591491575
0.09134979248046875,-0.23344039916992188,-0.10047249546956213,-0.12213734475532562,-5.803117871284485,-6.570373058319079
-0.14504241943359375,0.08919754028320312,-0.09734337404111879,-0.12157063163274667,-5.948160290718079,-6.481175518035876
-0.07649383544921876,-0.2469879150390625,-0.09431033555693166,-0.12042889754680496,-6.024654126167297,-6.728163433074938
-0.04080352783203125,-0.03347854614257813,-0.09163203084614498,-0.11931566495251295,-6.065457653999328,-6.761641979217516
0.08549957275390625,0.036211395263671876,-0.08832529400929999,-0.11766105638706585,-5.979958081245422,-6.725430583953844
-0.14174041748046876,-0.03357086181640625,-0.0843192218535507,-0.11455186428396597,-6.12169849872589,-6.75900144577025
-0.1649139404296875,0.12301025390625,-0.08105819312983473,-0.10995594006329545,-6.2866124391555775,-6.635991191864
-0.029264068603515624,-0.11829986572265624,-0.07896770720479022,-0.10417443453400071,-6.315876507759093,-6.754291057586657
-0.13871078491210936,-0.16597900390625,-0.07738520953216604,-0.09883762569412734,-6.454587292671202,-6.920270061492906
-0.06354598999023438,-0.14124221801757814,-0.0762801742308069,-0.09508013859695612,-6.518133282661436,-7.0615122795104845
0.045191192626953126,-0.12140350341796875,-0.0750489938179036,-0.09262091599753285,-6.472942090034483,-7.182915782928453
-0.03658218383789062,-0.15584869384765626,-0.07296635409466562,-0.09117566443559393,-6.5095242738723735,-7.3387644767761095
-0.07135162353515626,-0.10662155151367188,-0.07052548553585393,-0.09059959226615281,-6.580875897407529,-7.445386028289781
-0.09157791137695312,-0.08921279907226562,-0.06844133253592871,-0.09046465702516494,-6.672453808784483,-7.534598827362047
-0.11606788635253906,-0.1189788818359375,-0.06704713288248791,-0.0905044086227048,-6.788521695137022,-7.653577709197985
-0.09021377563476562,-0.13195762634277344,-0.06640775449665959,-0.09088939143125843,-6.878735470771788,-7.785535335540758
-0.06319465637207031,-0.10807304382324219,-0.06621313066072207,-0.0916731290134775,-6.941930127143858,-7.893608379364
-0.0787872314453125,-0.0829833984375,-0.06616079333193639,-0.0925624764560559,-7.020717358589171,-7.9765917778015005
-0.10314617156982422,-0.09531173706054688,-0.06633164221291898,-0.09330376835842509,-7.123863530158995,-8.071903514862047
-0.080535888671875,-0.081951904296875,-0.06683788819623504,-0.09386041885437377,-7.20439941883087,-8.153855419158923
-0.10694427490234375,-0.08053054809570312,-0.06763767723281454,-0.09419715840745477,-7.311343693733214,-8.234385967254626
-0.07436447143554688,-0.0709320068359375,-0.06866303341566682,-0.09425147098282426,-7.385708165168761,-8.305317974090563
-0.04069309234619141,-0.07326812744140625,-0.06960008462943873,-0.094002341329665,-7.426401257514952,-8.378586101531969
-0.11453018188476563,-0.10233612060546875,-0.07035516046700611,-0.09359021800729847,-7.540931439399717,-8.480922222137437
0.2488994598388672,-0.0545501708984375,-0.0700436066997798,-0.09309355491459755,-7.29203197956085,-8.535472393035874
-0.08075485229492188,-0.08645782470703126,-0.06767246811286662,-0.09240801509158635,-7.372786831855771,-8.621930217742905
-0.147320556640625,0.08679962158203125,-0.06492409216355673,-0.09100485230191971,-7.520107388496396,-8.535130596160874
-0.06752471923828125,-0.06345672607421875,-0.06328678236696406,-0.08842600938269328,-7.587632107734677,-8.598587322235092
-0.06952438354492188,-0.1293701171875,-0.062273687734891815,-0.08559986291542201,-7.657156491279599,-8.727957439422593
-0.043338775634765625,-0.055975341796875,-0.06142850426249638,-0.08336342282095834,-7.7004952669143645,-8.783932781219468
-0.046060943603515626,-0.0442291259765625,-0.0605635659818759,-0.08131762403126068,-7.7465562105178805,-8.82816190719603
-0.062129974365234375,-0.083697509765625,-0.05967769809258829,-0.0792531108797791,-7.808686184883115,-8.911859416961654
-0.046649169921875,-0.045464706420898435,-0.05885732774986308,-0.07730771418661087,-7.85533535480499,-8.957324123382552
0.033234786987304685,-0.0422119140625,-0.0577604248067625,-0.07534444929943822,-7.822100567817685,-8.999536037445052
-0.10121650695800781,-0.06951904296875,-0.05630014909960091,-0.07333153629964254,-7.923317074775693,-9.069055080413802
-0.034439468383789064,-0.02071990966796875,-0.05499953911151926,-0.07131549928114424,-7.9577565431594826,-9.089774990081771
0.2102663040161133,-0.0535614013671875,-0.05296844297538486,-0.06919042197687846,-7.747490239143369,-9.143336391448958
-0.03614044189453125,-0.011285209655761718,-0.04923329001852739,-0.0669128805846397,-7.7836306810379,-9.15462160110472
-0.0461669921875,-0.038521194458007814,-0.0450605222093341,-0.06445205285573676,-7.8297976732254,-9.193142795562729
-0.02896289825439453,-0.03614501953125,-0.0414845659711595,-0.06190899398058838,-7.858760571479794,-9.22928781509398
-0.02572784423828125,-0.02875938415527344,-0.03836003446649035,-0.059388613441884626,-7.884488415718075,-9.258047199249253
-0.01367340087890625,0.04548358917236328,-0.03552929392328224,-0.056592743861606884,-7.898161816596981,-9.21256361007689
-0.013911819458007813,-0.10431671142578125,-0.03288735037656576,-0.053584754659571264,-7.912073636054989,-9.316880321502671
0.015407562255859375,-0.023255538940429688,-0.030293621458402673,-0.05096535452302048,-7.896666073799129,-9.3401358604431
-0.03179473876953125,-0.02329254150390625,-0.027737275834579207,-0.04866472804536122,-7.928460812568661,-9.363428401947006
-0.0322662353515625,-0.010487937927246093,-0.025486685447451404,-0.04632461764832934,-7.960727047920223,-9.373916339874253
0.22183074951171874,0.11059112548828125,-0.0227787799895899,-0.04345422839027443,-7.738896298408504,-9.263325214385972
-0.32435760498046873,0.34234771728515623,-0.019866558601663177,-0.03841873957040133,-8.063253903388972,-8.920977497100816
-0.01323089599609375,-0.12319793701171874,-0.018734656549958238,-0.031212468027100107,-8.076484799385065,-9.044175434112535
0.010609245300292969,0.06402130126953125,-0.018747777901492603,-0.024147971462689863,-8.065875554084773,-8.980154132843005
0.15391311645507813,-0.030811309814453125,-0.01790081612105131,-0.017977922431745952,-7.911962437629695,-9.010965442657458
0.0014862060546875,-0.0046844482421875,-0.015773776589631854,-0.012560307676946526,-7.910476231575007,-9.015649890899645
0.00881805419921875,-0.0173126220703125,-0.013164422139397502,-0.00805104298785838,-7.901658177375788,-9.032962512969958
-0.002545166015625,0.127227783203125,-0.010729171942703843,-0.003840924750885257,-7.904203343391413,-8.905734729766833
0.14575347900390626,0.19903106689453126,-0.007993621283919256,0.0013190347651747157,-7.758449864387507,-8.706703662872302
0.011041259765625,0.09283561706542968,-0.004501151557564782,0.00785840351853957,-7.747408604621882,-8.613868045806873
0.10511322021484375,0.27916259765625,-0.0005235778954648851,0.015623507742579094,-7.6422953844070385,-8.334705448150624
0.21105003356933594,0.0598052978515625,0.004379675865458162,0.024472869861435917,-7.4312453508377025,-8.274900150299061
0.03126373291015625,0.03287200927734375,0.010443768681863155,0.03309014314248233,-7.399981617927546,-8.242028141021716
0.01447601318359375,-0.10451278686523438,0.016412457985142473,0.03990118598842823,-7.385505604743952,-8.34654092788695
0.03298797607421875,0.0310394287109375,0.021509126614543732,0.044499671351128325,-7.352517628669733,-8.315501499176014
0.0408355712890625,0.02627220153808594,0.02590363207793388,0.04764625174053528,-7.31168205738067,-8.289229297637927
0.044541549682617185,0.30361175537109375,0.02978394671403681,0.05099257201068429,-7.267140507698053,-7.985617542266834
0.14520339965820311,0.25143775939941404,0.033597407567858666,0.05626028171460404,-7.12193710803985,-7.73417978286742
0.24219856262207032,0.01838226318359375,0.03839349288392557,0.06284269908928808,-6.87973854541778,-7.715797519683826
0.10846939086914062,0.250701904296875,0.044525545665184726,0.06939473251319328,-6.771269154548639,-7.465095615386951
0.065008544921875,0.04466400146484375,0.05091244783381678,0.07591893059055844,-6.706260609626764,-7.420431613922108
0.04758758544921875,0.11249427795410157,0.0565579596102846,0.08191995123640344,-6.658673024177545,-7.307937335968006
0.06433258056640626,-0.2711204528808594,0.061278065334546675,0.08575182746750001,-6.594340443611139,-7.579057788848866
0.25205230712890625,0.11231536865234375,0.06589311718869195,0.08656790578087337,-6.3422881364822326,-7.466742420196522
0.046056365966796874,0.00507659912109375,0.07102767835280371,0.08584704091586587,-6.296231770515436,-7.461665821075428
0.025262451171875,0.2390777587890625,0.0756352289401836,0.08530930915757984,-6.270969319343561,-7.222588062286365
0.057369232177734375,0.13860511779785156,0.07895443858888414,0.08587537382160815,-6.213600087165827,-7.083982944488514
0.07602005004882813,0.16749801635742187,0.08137178781827673,0.08758167491119961,-6.137580037116999,-6.916484928131092
0.07625274658203125,0.3231468200683594,0.0832513145092035,0.09062695453974452,-6.061327290534968,-6.593338108062732
0.052800750732421874,0.1710235595703125,0.08463765501893249,0.09543020596730369,-6.0085265398025465,-6.42231454849242
0.08290596008300781,0.07032394409179688,0.08553102848514728,0.10073274019900494,-5.9256205797195385,-6.351990604400623
0.07823867797851562,0.32488136291503905,0.08611498082242063,0.10601802849811037,-5.847381901741023,-6.027109241485584
0.053163909912109376,0.06400909423828124,0.08641584374805651,0.11174666588246913,-5.794217991828913,-5.963100147247302
0.094146728515625,-0.3277896881103516,0.08642524855306821,0.11537684072980874,-5.700071263313288,-6.290889835357654
0.00399322509765625,0.248651123046875,0.08607004705484984,0.11550257983853277,-5.6960780382156315,-6.0422387123107795
0.1059783935546875,0.0927337646484375,0.08527951951872956,0.11488436473892441,-5.590099644660944,-5.949504947662342
0.10017242431640624,0.0665374755859375,0.08452717811771623,0.11451572512434444,-5.489927220344537,-5.8829674720764045
0.10860824584960938,0.18936004638671874,0.08417555932750143,0.11405175789534704,-5.381318974494928,-5.693607425689685
0.2625892639160156,-0.002197074890136719,0.08476225851251638,0.11361572047038024,-5.118729710578912,-5.695804500579822
0.0597503662109375,0.24647140502929688,0.08653727532520968,0.11316728662059047,-5.058979344367975,-5.449333095550525
0.124951171875,0.34369049072265623,0.0886059866561015,0.11417450480424737,-4.934028172492975,-5.105642604827869
0.09658432006835938,0.18165206909179688,0.09052552431046854,0.11740371647885904,-4.837443852424616,-4.923990535736072
0.0035491943359375,-0.09377365112304688,0.09198609023571662,0.12062724884164792,-4.833894658088679,-5.017764186859119
0.13145523071289061,0.17833786010742186,0.09272786666701087,0.12220296935312064,-4.702439427375788,-4.839426326751697
0.2267852783203125,0.07726211547851562,0.09379192114221496,0.12298377905143007,-4.475654149055476,-4.7621642112731815
-0.07660598754882812,0.12729721069335936,0.09516532474736744,0.12352237672416967,-4.552260136604304,-4.634867000579822
0.1397247314453125,0.13274765014648438,0.09570897660469867,0.12386649437520734,-4.412535405158992,-4.502119350433338
0.09070587158203125,0.360308837890625,0.09584074448227313,0.12508765662063406,-4.3218295335769605,-4.141810512542713
0.14517135620117189,0.37453155517578124,0.09625145797204265,0.1287449320673283,-4.1766581773757885,-3.7672789573669316
0.0763916015625,0.09503326416015626,0.09685763392929256,0.1343036154966952,-4.100266575813288,-3.6722456932067753
0.08237552642822266,0.1268594741821289,0.09733939774975688,0.13951586263737314,-4.0178910493850655,-3.5453862190246466
-0.07972640991210937,0.19066314697265624,0.09691719061940988,0.14381192285870711,-4.097617459297175,-3.3547230720519905
0.09143600463867188,-0.11497955322265625,0.0952117164449592,0.1467492093981996,-4.0061814546585035,-3.4697026252746466
0.20743789672851562,0.2908538818359375,0.09352945321224938,0.14799339887486954,-3.798743557929988,-3.178848743438709
0.31282730102539064,0.17667770385742188,0.09373281866748351,0.14922128295371728,-3.485916256904597,-3.0021710395812873
0.25124130249023435,0.1010498046875,0.0964723025123343,0.1507866082114036,-3.2346749544143627,-2.9011212348937874
0.16550369262695314,0.24094314575195314,0.10092037478206867,0.1521570956394809,-3.0691712617874094,-2.660178089141834
0.14452972412109374,0.13818359375,0.10581437338614098,0.1537118502560852,-2.9246415376663157,-2.521994495391834
0.15460205078125,0.36800689697265626,0.11058483769245572,0.1559930178740724,-2.7700394868850657,-2.1539875984191776
0.11144943237304687,-0.06634063720703125,0.11502348438591647,0.1585687412900746,-2.6585900545120187,-2.220328235626209
0.3729118347167969,0.14637985229492187,0.11979088023148336,0.15981036341838303,-2.285678219795222,-2.0739483833312873
0.15287628173828124,0.3024444580078125,0.12570511824100178,0.16045007297947803,-2.1328019380569407,-1.7715039253234748
0.45806732177734377,0.5390640258789062,0.13295223442912107,0.1633344042614671,-1.674734616279597,-1.2324398994445684
0.08830547332763672,0.03851776123046875,0.14128477593494143,0.16852242571871115,-1.5864291429519604,-1.1939221382140996
0.1316394805908203,0.4381824493408203,0.1489892317727657,0.17424267749525493,-1.45478966236114,-0.7557396888732794
-0.10667266845703124,0.32959327697753904,0.15416788706246515,0.18101445688276388,-1.5614623308181712,-0.4261464118957403
0.02721405029296875,0.26963462829589846,0.1560726223354876,0.18901221126600784,-1.5342482805252025,-0.15651178359984186
0.2473846435546875,0.3205436706542969,0.15611298563629167,0.1972772668239387,-1.2868636369705149,0.16403188705445504
-0.21216888427734376,-0.07779083251953126,0.1550072602717724,0.20435532926375152,-1.4990325212478586,0.08624105453492378
0.18111114501953124,0.04562187194824219,0.15185107859268787,0.20808318132763415,-1.3179213762283273,0.13186292648316597
0.40454978942871095,0.1859466552734375,0.149017552365625,0.2089117883532087,-0.9133715867996164,0.31780958175660345
0.4987461090087891,0.02747802734375,0.14987912717895424,0.20819065878494575,-0.4146254777908273,0.34528760910035344
0.2932415008544922,0.1729217529296875,0.15456894089092352,0.20606968170788506,-0.12138397693633513,0.518209362030041
0.10472259521484376,0.13347549438476564,0.16056559507140003,0.2031442210147564,-0.01666138172149137,0.6516848564148066
0.1538379669189453,0.26451873779296875,0.16563753734851736,0.20030326592109354,0.13717658519745393,0.9162035942077753
0.2700103759765625,0.14071369171142578,0.16995559644734326,0.19793216305528363,0.4071869611740164,1.056917285919201
0.03006744384765625,0.083221435546875,0.1737303261275666,0.1953583747283186,0.4372544050216727,1.140138721466076
0.15257759094238282,0.19348907470703125,0.1761219453508162,0.192186722159514,0.5898319959640554,1.3336277961731073
0.13604164123535156,0.09187774658203125,0.17727950379023424,0.18878298151012202,0.725873637199407,1.4255055427551386
0.12425994873046875,0.19019393920898436,0.17766840726327707,0.1852536665068941,0.8501335859298758,1.615699481964123
0.15504684448242187,0.348992919921875,0.17737444627618823,0.18258960651756673,1.0051804304122975,1.9646924018859981
0.40938339233398435,0.20567588806152343,0.17761451932353353,0.18167577561527312,1.414563822746282,2.1703682899475214
0.10884933471679688,0.3516033172607422,0.1791635116311999,0.1823059675238483,1.523413157463079,2.5219716072082634
-0.13482513427734374,-0.12816619873046875,0.17964760467110416,0.18302004189440807,1.3885880231857353,2.3938054084777947
0.20171623229980468,0.10066909790039062,0.17759855502557587,0.18167612298485072,1.59030425548554,2.4944745063781855
0.101495361328125,0.10611000061035156,0.17465070072154582,0.1785684288046803,1.691799616813665,2.600584506988537
0.10164985656738282,0.1090545654296875,0.1714865574343982,0.17490799791856426,1.793449473381048,2.7096390724182244
0.1552440643310547,-0.02482757568359375,0.16801943119709137,0.1703940089568341,1.9486935377121026,2.6848114967346306
0.12570457458496093,0.09771728515625,0.16463065971299037,0.16471555553937436,2.0743981122970636,2.7825287818908806
0.15935745239257812,0.4726245880126953,0.16145859350382832,0.15990504933256375,2.2337555646896416,3.2551533699035757
0.15667877197265626,0.2138202667236328,0.1586409778884159,0.15811296241838485,2.390434336662298,3.4689736366272084
0.10737457275390624,0.10286331176757812,0.15608483307576818,0.1579551326670527,2.497808909416204,3.5718369483947865
0.10197257995605469,0.10449104309082032,0.15339822315254517,0.1574326462548753,2.599781489372259,3.6763279914856066
0.17933349609375,0.3852863311767578,0.15070379431272196,0.15723933569526524,2.7791149854660087,4.061614322662365
0.1012786865234375,0.283587646484375,0.14829995231335408,0.1589958826432641,2.880393671989446,4.34520196914674
0.35839004516601564,0.1521331787109375,0.14682018081833126,0.16216359230021452,3.238783717155462,4.497335147857678
0.34848861694335936,0.3535308837890625,0.14767926266750292,0.16587571740920673,3.587272334098821,4.85086603164674
0.25966339111328124,0.43574676513671873,0.15102170347529625,0.17127031081873678,3.846935725212102,5.286612796783459
0.20477676391601562,0.26369895935058596,0.1555167107527778,0.17869710128452115,4.051712489128118,5.550311756134045
0.10897750854492187,0.11985511779785156,0.15984529275442613,0.18624821839848066,4.16068999767304,5.670166873931897
0.14775390625,0.08305130004882813,0.16321958468216083,0.19199572130768391,4.30844390392304,5.753218173980724
0.09503250122070313,0.09652481079101563,0.1654890570224476,0.19541126576851495,4.403476405143743,5.84974298477174
0.14573211669921876,-0.07911224365234375,0.16674289079898608,0.19615325769768632,4.549208521842962,5.770630741119396
0.00830841064453125,0.10831451416015625,0.16680687734561947,0.19410164531200733,4.557516932487493,5.878945255279552
0.13894271850585938,0.2975929260253906,0.16553514259433286,0.19114800450003647,4.6964596509933525,6.1765381813049425
0.1756866455078125,0.19545364379882812,0.16374519137546956,0.18916188695062375,4.872146296501165,6.371991825103771
0.12038955688476563,0.18198394775390625,0.16208632638825943,0.1879114257401225,4.99253585338593,6.553975772857677
0.12699928283691406,0.26285476684570314,0.16031771214767898,0.18712036410905164,5.1195351362228445,6.81683053970338
0.17815399169921875,0.05370521545410156,0.15851571354033844,0.18650488395751597,5.297689127922063,6.870535755157482
0.14545364379882814,0.15815048217773436,0.15698791141764543,0.1852015234054535,5.443142771720892,7.028686237335216
-0.05770721435546875,0.12620849609375,0.15492441605947171,0.18322454165003463,5.3854355573654225,7.154894733428966
-0.14742584228515626,0.2883293151855469,0.15052741105492173,0.18144630664078826,5.238009715080266,7.443224048614513
0.06744842529296875,0.11031723022460938,0.1436330904441324,0.18027413273342538,5.305458140373235,7.5535412788391225
0.0793548583984375,0.059400177001953124,0.13602254050267262,0.17873966149055454,5.384812998771672,7.612941455841075
0.14499664306640625,0.06833953857421875,0.12902481087808396,0.1759429727727618,5.529809641838078,7.681280994415294
0.1188385009765625,0.28633880615234375,0.123065349495701,0.17279996321672633,5.648648142814641,7.967619800567638
-0.006992340087890625,0.10771865844726562,0.11765398180698908,0.17037707019664336,5.64165580272675,8.075338459014903
0.39966583251953125,0.05609893798828125,0.11324647256787564,0.16790090847066877,6.041321635246281,8.131437397003184
0.5054092407226562,-0.239959716796875,0.11261604807115473,0.1633229868188478,6.5467308759689375,7.891477680206309
-0.23590469360351562,0.06865081787109376,0.11471078371053772,0.15583810798524286,6.310826182365422,7.9601284980774025
0.08973121643066406,0.09635162353515625,0.11524934010859232,0.14729148080320462,6.400557398796086,8.056480121612559
0.21955337524414062,-0.0419342041015625,0.11462136053276525,0.1387972988669624,6.620110774040227,8.014545917510997
0.09816131591796876,0.3273429870605469,0.1147059310164133,0.13090614943648962,6.718272089958195,8.341888904571544
-0.009371185302734375,0.131671142578125,0.11458724947226237,0.12509948510140417,6.708900904655461,8.473560047149668
0.1781890869140625,0.24361953735351563,0.11376087161652772,0.12144755660082936,6.887089991569523,8.717179584503183
0.07345504760742187,-0.17640228271484376,0.11294380023927085,0.11823347439219387,6.960545039176945,8.54077730178834
0.4930572509765625,-0.07120361328125,0.11358667921035351,0.11317657757898053,7.4536022901535075,8.46957368850709
0.04225845336914062,-0.2093505859375,0.11646985669401037,0.10539065062513801,7.495860743522648,8.26022310256959
0.3067939758300781,0.01155242919921875,0.12039923279415365,0.09561321007130777,7.802654719352726,8.271775531768808
0.12176437377929687,0.29585800170898435,0.12476090224620918,0.0864395746085721,7.924419093132023,8.567633533477792
0.061676025390625,0.11870498657226562,0.1288214994221238,0.08012210667233387,7.986095118522648,8.686338520050057
0.07109222412109376,-0.015926361083984375,0.1314999621160024,0.0755461779825201,8.057187342643742,8.670412158966073
0.048929595947265626,0.04806365966796875,0.13275284313100966,0.07110950016894281,8.106116938591008,8.718475818634042
0.16112747192382812,0.002317047119140625,0.13307401866281207,0.0666639049963918,8.267244410514836,8.720792865753182
0.10041885375976563,0.5050743103027344,0.13312309136365058,0.06399646533375546,8.367663264274602,9.225867176055917
0.09173660278320313,0.02917022705078125,0.1328788197295427,0.0646087079956778,8.459399867057806,9.255037403106698
0.05077056884765625,0.11648330688476563,0.13196138239317978,0.0666476719413731,8.510170435905463,9.371520709991463
-0.105816650390625,0.02170257568359375,0.1295983885050551,0.0684171245463097,8.404353785514838,9.393223285675058
0.33972625732421874,0.0364654541015625,0.12639046375143595,0.06961846899358867,8.744080042839057,9.429688739776621
-0.15933456420898437,0.053762054443359374,0.12337433134416642,0.07015311021075,8.584745478630072,9.48345079421998
0.01436920166015625,0.10725936889648438,0.11919029338061242,0.07049435675015518,8.599114680290228,9.590710163116464
-0.02131195068359375,0.01165313720703125,0.11341065364053546,0.07077264119417086,8.577802729606635,9.602363300323494
-0.09401702880859375,-0.0119293212890625,0.10648626696876587,0.07041001493349267,8.483785700798041,9.590433979034431
0.01673431396484375,-0.03614730834960937,0.09844908190932491,0.06891130179194033,8.500520014762884,9.554286670684823
0.04151077270507812,0.0668609619140625,0.09022534494331587,0.06659542432836615,8.542030787467962,9.621147632598886
0.12793655395507814,0.28261260986328124,0.08285814279922718,0.06506878158646143,8.669967341423039,9.903760242462168
-0.029705047607421875,-0.17410430908203126,0.07645956060799504,0.064506735163051,8.640262293815617,9.729655933380137
-0.15898590087890624,-0.033075714111328126,0.06966752100482339,0.06274435125579793,8.48127639293671,9.696580219268808
0.07265243530273438,0.006839752197265625,0.06197604494582331,0.0595145971991871,8.553928828239444,9.703419971466074
-0.00624237060546875,-0.08937149047851563,0.054566896120081115,0.05555461272952527,8.547686457633976,9.614048480987558
-0.00921630859375,-0.06116943359375,0.047758126686742404,0.05059046698341848,8.538470149040226,9.552879047393807
-0.01477203369140625,0.06908035278320312,0.04122322640255344,0.04518512456203716,8.52369811534882,9.62195940017701
-0.09569015502929687,-0.00953369140625,0.034668201200835025,0.04024959641917577,8.428007960319523,9.61242570877076
-0.02422027587890625,-0.019431304931640626,0.0278438893866003,0.03564533499234355,8.403787684440616,9.59299440383912
0.3899078369140625,-0.059051513671875,0.02261746044426562,0.03088520583968013,8.793695521354678,9.533942890167244
0.34645538330078124,-0.02118072509765625,0.021905614021492895,0.025877872149735297,9.14015090465546,9.512762165069589
0.338653564453125,0.0031585693359375,0.026140448103054083,0.020955092493521506,9.478804469108585,9.515920734405526
-0.02691802978515625,0.35252838134765624,0.03291733721674955,0.017753175353663986,9.45188643932343,9.868449115753183
-0.01773529052734375,-0.4619636535644531,0.03908124670715519,0.015707248839217855,9.434151148796085,9.40648546218873
0.014339447021484375,-0.06207199096679687,0.043501380548998235,0.011472660180988543,9.44849059581757,9.344413471221934
0.07040176391601563,0.01582183837890625,0.04686624992780455,0.00569594544083119,9.518892359733584,9.36023530960084
-0.07212600708007813,0.000197601318359375,0.049304979324074696,0.0006677842405197595,9.446766352653507,9.360432910919199
-0.07014694213867187,-0.3742340087890625,0.050110859128308524,-0.004847997497513695,9.376619410514834,8.986198902130136
0.13050994873046876,-0.15922698974609376,0.04976293289962122,-0.012682143729420807,9.507129359245303,8.826971912384042
-0.03263702392578125,-0.1036224365234375,0.0493238336158649,-0.021941007211632012,9.474492335319521,8.723349475860605
0.2897064208984375,0.2861236572265625,0.04952717493226332,-0.029665500080332086,9.764198756217958,9.009473133087168
-0.04783477783203125,0.04272308349609375,0.050786927477287816,-0.033850608342585374,9.716363978385926,9.052196216583262
-0.0749114990234375,-0.0813995361328125,0.05153726702409261,-0.035813015329707716,9.641452479362489,8.97079668045045
0.03909454345703125,-0.17209625244140625,0.050844565727835314,-0.037995247914338254,9.68054702281952,8.798700428009044
-0.0743377685546875,-0.12409515380859375,0.04927072027472462,-0.04126253819734583,9.606209254264831,8.67460527420045
-0.08083915710449219,-0.07564697265625,0.046549713172016914,-0.045196207892280016,9.525370097160339,8.5989583015442