0.007427720270145732,0.003821364312199555,0.026037196964797373,7.427720270145732e-05,3.8213643121995554e-05,7.427720270145733e-07,3.8213643121995553e-07
-0.007824883388967726,0.0032294936598763935,-0.015851715475883033,-3.971631188219929e-06,7.050857972075948e-05,7.03055715132374e-07,1.0872222284275504e-06
-0.005503200208987574,-0.002779183547722606,-0.00030852757323600197,-5.900363327809567e-05,4.271674424353342e-05,1.1301938235141726e-07,1.5143896708628846e-06
-0.006117618861615946,-0.002775560531013977,0.005087133053910135,-0.00012017982189425513,1.496113893339365e-05,-1.088778836591134e-06,1.6640010601968211e-06
-0.005022275097215236,0.0014400511940184447,0.026075841280048768,-0.0001704025728664075,2.9361650873578096e-05,-2.792804565255209e-06,1.9576175689326022e-06
-0.007189211140550844,-0.01600926639200429,-0.017741238619242247,-0.00024229468427191593,-0.00013073101304646482,-5.215751407974369e-06,6.50307438467954e-07
-0.026962498647989615,0.008692932872510866,0.02200235624762229,-0.0005119196707518121,-4.3801684321356156e-05,-1.033494811549249e-05,2.1229059525439241e-07
-0.003865194697428859,-0.012382201379415593,0.039789697045670855,-0.0005505716177261007,-0.0001676236981155121,-1.5840664292753496e-05,-1.4639463859007286e-06
0.002128892346135661,-0.008193618423743056,0.021807900082214494,-0.0005292826942647441,-0.00024955988235294266,-2.1133491235400938e-05,-3.959545209430155e-06
0.021840346317296106,-0.03409057638513774,-0.0017614164906076825,-0.000310879231091783,-0.0005904656462043201,-2.424228354631877e-05,-9.864201671473355e-06
0.002188353605004966,-0.006998580389105084,0.0062328760492554175,-0.0002889956950417333,-0.000660451450095371,-2.7132240496736103e-05,-1.6468716172427066e-05
0.2898390996674144,-0.019558324989700185,0.007423470998519517,0.002609395301632411,-0.0008560346999923728,-1.0382874804119928e-06,-2.5029063172350794e-05
0.15215884089881743,0.7340796226108187,1.6306253219300835,0.004130983710620585,0.0064847615261158145,4.027154962579386e-05,3.9818552088807346e-05
0.33336201118645004,-0.8419988092133974,0.029201631993408368,0.0074646038224850855,-0.0019352265660181594,0.00011491758785064472,2.0466286428625752e-05
0.012492755051560245,-1.1591473898863203,-0.7170471906753956,0.007589531373000688,-0.013526700464881362,0.0001908129015806516,-0.00011480071822018787
0.08647766207223624,1.0093484671183337,-1.3808317530374918,0.00845430799372305,-0.003433215793698024,0.0002753559815178821,-0.0001491328761571681
-0.0807705833660792,0.36778988963759823,0.2653782302935536,0.0076466021600622575,0.00024468310267795846,0.00035182200311850465,-0.0001466860451303885
0.08186425962163732,-0.5456675507896545,1.5512617370609292,0.00846524475627863,-0.0052119924052185865,0.00043647445068129096,-0.00019880596918257437
0.10684044675828182,-0.8727118563851377,-1.012121174372656,0.009533649223861448,-0.013939110969069964,0.0005318109429199054,-0.000338197078873274
0.10506870365917452,0.9043175471030749,-0.934956827040696,0.010584336260453193,-0.004895935498039215,0.0006376543055244373,-0.00038715643385366615
0.24804887420621044,-1.075182701203937,-0.18487036295280426,0.013064825002515297,-0.015647762510078586,0.0007683025555495903,-0.000543634058954452
-0.0024498865781032914,0.28461233169146255,-1.2040660741910745,0.013040326136734264,-0.01280163919316396,0.0008987058169169329,-0.0006716504508860916
0.11238934358593117,-0.8244414459357596,0.7103064309802087,0.014164219572593575,-0.021046053652521556,0.0010403480126428687,-0.0008821109874113072
-0.09229325752797743,0.9364056681864652,0.06731566129683321,0.0132412869973138,-0.011681996970656904,0.0011727608826160067,-0.0009989309571178761
0.19180072452130928,-0.7354259029007402,1.1334683571814752,0.015159294242526893,-0.019036255999664305,0.0013243538250412757,-0.0011892935171145193
-0.20669656526887925,0.6836521504386969,0.31948042477283856,0.0130923285898381,-0.012199734495277337,0.0014552771109396566,-0.0013112908620672927
0.09148761049063861,-0.9877943018081942,0.9721006560629887,0.014007204694744486,-0.02207767751335928,0.0015953491578871014,-0.0015320676372008854
0.1706926774624857,-0.6685301629022661,-1.206182894528299,0.015714131469369345,-0.02876297914238194,0.0017524904725807948,-0.0018196974286247049
-0.16849981609973297,0.9847837450980393,-0.9292969081088284,0.014029133308372015,-0.018915141691401547,0.001892781805664515,-0.0020088488455387203
0.16728838640579846,-0.04961117920195318,-0.4818087509286943,0.01570201717243,-0.019411253483421077,0.002049801977388815,-0.0022029613803729313
0.14341686824908825,-0.903461020672923,0.2495969844127266,0.017136185854920882,-0.028445863690150307,0.0022211638359380236,-0.0024874200172744342
0.18596034980856035,-1.2798981911985963,0.16318741981365625,0.018995789353006484,-0.041244845602136274,0.0024111217294680884,-0.002899868473295797
0.023900642330113676,-0.052552440708018636,0.38525600779870345,0.01923479577630762,-0.04177037000921646,0.0026034696872311645,-0.0033175721733879615
0.05994690827045091,-0.6658510733409629,0.25163174165694685,0.01983426485901213,-0.04842888074262609,0.0028018123358212856,-0.0038018609808142226
-0.12005397675281912,0.9605364375036239,-1.171097892620921,0.01863372509148394,-0.03882351636758985,0.002988149586736125,-0.004190096144490121
-0.14253180525972384,-0.16112000224917986,0.23081178932613136,0.0172084070388867,-0.04043471639008165,0.0031602336571249917,-0.004594443308390938
0.008524458928877699,0.8130597509086749,-1.0740193555094537,0.017293651628175477,-0.0323041188809949,0.0033331701734067463,-0.004917484497200887
0.02283428748461126,-0.11816172146486613,-1.1131528623561757,0.01752199450302159,-0.033485736095643565,0.003508390118436962,-0.005252341858157323
-0.008980638280247186,0.7938953228137636,-0.9877473339515076,0.017432188120219117,-0.02554678286750593,0.0036827119996391535,-0.005507809686832382
-0.19467283573199054,0.20260632408026247,1.399434445628871,0.015485459762899213,-0.023520719626703303,0.0038375665972681457,-0.005743016883099416
0.0129059990768902,0.7293456915999085,-1.393222763276296,0.015614519753668114,-0.016227262710704217,0.003993711794804827,-0.005905289510206458
0.003377152896986342,-0.891908470530251,-0.03562962192587118,0.015648291282637977,-0.02514634741600673,0.0041501947076312065,-0.0061567529843665255
0.07026274880756847,-0.8418075830777448,-0.6253197493509113,0.016350918770713662,-0.03356442324678418,0.004313703895338343,-0.006492397216834367
0.15606914961324486,-0.655887438239109,0.08530386209335442,0.01791161026684611,-0.04012329762917527,0.004492819998006804,-0.00689363019312612
-0.11476052024866105,0.9213966422674909,-1.2917485468606393,0.0167640050643595,-0.030909331206500364,0.0046604600486504,-0.007202723505191124
-0.10844302348509957,0.6275962688731214,0.3943328795038977,0.015679574829508502,-0.02463336851776915,0.004817255796945485,-0.007449057190368815
-0.12591966173946748,0.11784135365529867,-0.9484700022539416,0.014420378212113828,-0.023454954981216164,0.004961459579066623,-0.007683606740180976
0.10520604213174642,0.6347871004837111,-0.09606844092640608,0.015472438633431292,-0.017107083976379053,0.005116183965400936,-0.007854677579944767
-0.3448647822399634,1.063152089610132,0.14082099981823373,0.012023790811031658,-0.0064755630802777325,0.005236421873511253,-0.007919433210747544
0.3549955290562906,-0.4383066835034715,0.8201918422688338,0.015573746101594564,-0.010858629915312449,0.005392159334527198,-0.00802801950990067
-0.07887277699085987,-1.0183165702632182,0.575340579157519,0.014785018331685966,-0.02104179561794463,0.005540009517844058,-0.008238437466080115
0.300428832372076,-0.6386698567452508,1.5134040489004048,0.017789306655406727,-0.02742849418539714,0.005717902584398125,-0.008512722407934086
-0.1504324807705196,-0.5387984714152744,-0.14603529051822672,0.01628498184770153,-0.03281647889954988,0.00588075240287514,-0.008840887196929584
0.166442756241764,1.041201926540017,-1.071194253051225,0.01794940941011917,-0.022404459634149713,0.006060246496976332,-0.00906493179327108
-0.10773178289610133,0.4673151276325627,0.8879623239717394,0.01687209158115816,-0.017731308357824088,0.006228967412787913,-0.009242244876849322
0.15747058654923324,-0.8727457142748151,0.43065492658103227,0.018446797446650492,-0.02645876550057224,0.006413435387254418,-0.009506832531855044
0.26987973732362863,-0.861899647006943,0.9438082595847718,0.021145594819886777,-0.03507776197064167,0.006624891335453286,-0.00985761015156146
-0.08783874024103153,-0.2606118764293889,-0.20611735273231166,0.020267207417476462,-0.03768388073493556,0.00682756340962805,-0.010234448958910815
0.008704639559075307,0.997019326305028,-1.0545900721524695,0.020354253813067213,-0.02771368747188528,0.007031105947758722,-0.01051158583362967
-0.023673778055939593,0.17131950638590068,-0.5842899494577246,0.020117516032507818,-0.026000492408026276,0.007232281108083801,-0.010771590757709932
-0.025454243431692995,0.5678586157595178,-1.066631901819059,0.019862973598190888,-0.0203219062504311,0.0074309108440657095,-0.010974809820214244
0.009161260491401547,-0.6563537468680858,1.0914186442891285,0.019954586203104904,-0.02688544371911196,0.007630456706096758,-0.011243664257405363
0.15500500315104906,-0.9713662675913635,0.3499086030592499,0.021504636234615394,-0.036599106395025595,0.007845503068442911,-0.01160965532135562
-0.23425366102534526,0.5299433080552376,0.6101096434803999,0.019162099624361943,-0.03129967331447322,0.00803712406468653,-0.011922652054500351
0.11750082858783858,-1.1813618507392996,1.0819588465749286,0.020337107910240328,-0.04311329182186621,0.008240495143788933,-0.012353784972719013
0.057868912890882744,-0.4527254268680858,-0.37058443488383425,0.020915797039149156,-0.04764054609054707,0.008449653114180423,-0.012830190433624484
-0.18234428230557717,-0.4455076897077898,1.2807244112106209,0.019092354216093385,-0.05209562298762497,0.008640576656341357,-0.013351146663500733
0.34941254225534446,-0.8073802158266576,-0.4459019158024268,0.02258647963864683,-0.06016942514589155,0.008866441452727825,-0.013952840914959649
-0.044720157865201796,0.5350093441458762,-0.6789968623439697,0.022139278059994813,-0.05481933170443279,0.009087834233327773,-0.014501034232003976
-0.10431558379638363,1.272022039688716,0.4026993181275343,0.021096122222030975,-0.04209911130754563,0.009298795455548082,-0.014922025345079432
0.4795758243366751,-1.156780004776074,-0.20654730199301208,0.025891880465397726,-0.053666911355306365,0.00955771426020206,-0.015458694458632495
-0.1625549559059434,0.060058868058289444,-1.255404522421791,0.024266330906338292,-0.05306632267472347,0.009800377569265443,-0.01598935768537973
0.34667045395443663,-1.1377556869977874,0.09968561144866103,0.027733035445882657,-0.06444387954470135,0.010077707923724269,-0.016633796480826746
-0.2029949655252308,0.7170620619058518,-1.530244023000107,0.02570308579063035,-0.057273258925642834,0.010334738781630572,-0.017206529070083174
0.11614007806369117,0.8586596654703594,0.48439500362078325,0.026864486571267263,-0.04868666227093924,0.010603383647343244,-0.017693395692792567
-0.15185717033182272,-0.918337791827268,0.6887534987638366,0.025345914867949036,-0.05787004018921192,0.010856842796022734,-0.018272096094684685
0.07920430738847946,-0.5421093547966737,0.1238908526907457,0.02613795794183383,-0.06329113373717865,0.011118222375441073,-0.018905007432056472
-0.026952020192202657,0.39480382000152586,-0.9080300165607992,0.025868437739911803,-0.059343095537163396,0.01137690675284019,-0.019498438387428107
0.024961131680842293,0.8162599022903793,-0.5832896893951633,0.026118049056720227,-0.0511804965142596,0.011638087243407393,-0.020010243352570702
0.18623061237970556,1.1580812973311971,-0.4307389335059436,0.027980355180517284,-0.03959968354094763,0.011917890795212566,-0.02040624018798018
-0.2299648442648356,0.26033637313496605,1.29917023065977,0.025680706737868927,-0.03699631980959797,0.012174697862591255,-0.020776203386076157
0.13399910877399868,-0.8558336595010301,0.5093279681740753,0.027020697825608914,-0.045554656404608276,0.012444904840847345,-0.02123174995012224
-0.055696812245304046,0.6815761857907988,-0.9701046578120402,0.026463729703155872,-0.03873889454670029,0.012709542137878903,-0.02161913889558924
-0.050431117248737306,0.5658015312336919,0.8995761579474778,0.0259594185306685,-0.03308087923436337,0.012969136323185589,-0.021949947687932875
-0.14454808793005264,-0.7049429756099793,0.6915120709832603,0.024513937651367973,-0.04013030899046316,0.013214275699699268,-0.022351250777837506
0.17089816238504615,-0.38832416168764783,0.26086585360323544,0.026222919275218436,-0.044013550607339635,0.013476504892451453,-0.022791386283910902
-0.1686908005813077,-0.030899762780193813,0.9362306887356062,0.02453601126940536,-0.044322548235141576,0.013721865005145507,-0.023234611766262316
-0.03182371017770657,0.6889325336964982,-0.5620809934128642,0.024217774167628294,-0.03743322289817659,0.01396404274682179,-0.023608943995244082
0.18500892899220267,0.4009401719111924,0.22731811497196877,0.02606786345755032,-0.033423821179064665,0.014224721381397293,-0.02394318220703473
-0.20384748761571678,-0.7018790692759594,1.8872537448735491,0.024029388581393155,-0.04044261187182426,0.014465015267211225,-0.024347608325752973
0.24865258590835435,-0.7896494292607004,-1.5180633487100332,0.0265159144404767,-0.04833910616443127,0.014730174411615992,-0.024830999387397287
0.25034230419629205,-0.9500970043640804,-0.07283990924104793,0.02901933748243962,-0.05784007620807207,0.015020367786440388,-0.02540940014947801
-0.1947480248431525,0.226106168096437,0.2088469421818574,0.027071857234008095,-0.0555790145271077,0.01529108635878047,-0.025965190294749085
0.3048047343237049,-0.7388169633966584,0.7536804548758376,0.030119904577245143,-0.06296718416107429,0.015592285404552922,-0.026594862136359827
-0.11995383865256734,-0.5877024234897384,-0.4819601819014577,0.02892036619071947,-0.06884420839597168,0.015881489066460117,-0.02728330422031954
-0.09460948195767148,-0.22536781768825823,0.5892693012876777,0.027974271371142757,-0.07109788657285426,0.016161231780171544,-0.027994283086048084
-0.029203242067536432,0.6724651613061723,-1.066730874715984,0.027682238950467394,-0.06437323495979254,0.016438054169676218,-0.028638015435646008
0.01614298057380025,0.3978376266453041,0.639058760037964,0.027843668756205395,-0.0603948586933395,0.01671649085723827,-0.029241964022579402
-0.13245898498353553,0.4398645618463417,-1.3927870825072401,0.02651907890637004,-0.05599621307487608,0.016981681646301972,-0.029801926153328162
0.1039981952346685,0.9461888696391242,-0.08443177662183675,0.027559060858716726,-0.04653432437848484,0.017257272254889138,-0.030267269397113012
0.16601328071876098,0.5233795843289846,-0.27420407707808153,0.029219193665904336,-0.041300528535194996,0.01754946419154818,-0.030680274682464963
0.002558165693202093,0.02747339716182192,-0.8523246027941103,0.029244775322836356,-0.04102579456357677,0.017841911944776544,-0.03109053262810073
0.09416172221719694,-0.8169384732219426,1.266511957285237,0.030186392545008326,-0.0491951792957962,0.018143775870226628,-0.031582484421058696
-0.011071108752513924,-0.6882483126054781,-0.3749974080065927,0.030075681457483187,-0.05607766242185098,0.018444532684801458,-0.032143261045277205
0.23408683132835892,-0.991903703575189,0.45736151004330566,0.03241654977076677,-0.06599669945760286,0.018768698182509126,-0.032803228039853236
0.012899038960921656,-0.06413710871137564,-1.3249947658031902,0.03254554016037599,-0.06663807054471663,0.019094153584112886,-0.0334696087453004
0.013443601640405879,0.8615242580331122,-0.2414649285437093,0.03267997617678005,-0.0580228279643855,0.019420953345880686,-0.034049837024944254
0.07293939192040896,0.07026035058823528,0.9746864073348278,0.03340937009598414,-0.05732022445850315,0.01975504704684053,-0.03462303926952929
0.0892068553765774,-0.773631408441291,1.2996910430500954,0.03430143864974991,-0.06505653854291606,0.02009806143333803,-0.03527360465495845
-0.01611129024942397,0.5666735483482108,0.3193755169953144,0.03414032574725567,-0.05938980305943395,0.020439464690810587,-0.03586750268555279
-0.05781312295561151,-0.5384847469993134,2.2254022497518573,0.03356219451769956,-0.06477465052942709,0.020775086635987584,-0.03651524919084706
0.051146929071549566,-0.9255038203982606,-1.0013574208241713,0.034073663808415054,-0.07402968873340969,0.021115823274071733,-0.037255546078181156
-0.13618870871589228,-0.20009098416723892,1.7928334672203856,0.03271177672125613,-0.07603059857508208,0.021442941041284296,-0.03801585206393198
0.18811360488142218,-0.9899791058976122,0.5342571009550309,0.03459291277007035,-0.0859303896340582,0.021788870168984998,-0.038875155960272564
0.26418468404217593,-0.9028718841809722,-0.5952163936234383,0.03723475961049211,-0.09495910847586793,0.02216121776508992,-0.03982474704503124
-0.10489447929954986,0.4019159327962158,-1.4470050735532476,0.03618581481749661,-0.09093994914790578,0.022523075913264884,-0.0407341465365103
-0.002544094582986198,0.7619881246692607,0.24771903673896345,0.03616037387166675,-0.08332006790121317,0.02288467965198155,-0.04156734721552243
0.00028811394070345426,-0.5890255854398415,1.0546133225526508,0.036163255011073786,-0.08921032375561158,0.02324631220209229,-0.04245945045307855
-0.21745749672840467,0.28366039347219046,-0.22344920669736879,0.03398868004378974,-0.08637371982088968,0.023586199002530187,-0.04332318765128745
-0.05898947586626995,0.26665920064393067,0.0532891589881443,0.03339878528512704,-0.08370712781445037,0.023920186855381456,-0.04416025892943195
0.0652255652567941,-0.37710720266422526,-0.6159528114032505,0.03405104093769498,-0.08747819984109263,0.024260697264758407,-0.04503504092784288
0.18574841918217747,0.06287377857633324,-0.2530488010027017,0.035908525129516755,-0.0868494620553293,0.024619782516053575,-0.04590353554839617
-0.3713583655771115,-0.7110314309636073,0.9105137325564667,0.03219494147374564,-0.09395977636496537,0.02494173193079103,-0.04684313331204582
0.049563962070710316,-0.5231489282032502,0.711355748016907,0.03269058109445274,-0.09919126564699787,0.02526863774173556,-0.0478350459685158
-0.1318166624627451,-0.47848313166704826,0.3671226650169831,0.03137241446982529,-0.10397609696366836,0.02558236188643381,-0.048874806938152486
0.046151561246723136,0.11450505951018539,-0.9683480659450981,0.03183393008229252,-0.1028310463685665,0.025900701187256736,-0.04990311740183815
0.08746806097358663,-0.9953579380697337,0.19306506345445987,0.03270861069202839,-0.11278462574926384,0.02622778729417702,-0.05103096365933079
0.18286382077216756,-0.8598155582360572,1.2012406979459522,0.034537248899750066,-0.12138278133162442,0.02657315978317452,-0.05224479147264703
0.10038017550170139,0.19587240769359882,1.026095338403724,0.03554105065476708,-0.11942405725468842,0.026928570289722193,-0.053439032045193915
-0.2632447368657359,-0.3623874976882583,1.3042041889660176,0.03290860328610972,-0.12304793223157101,0.02725765632258329,-0.054669511367509624
0.3594438518639506,-0.6310368789227131,-1.2636904507593203,0.036503041804749226,-0.12935830102079815,0.027622686740630783,-0.055963094377717605
0.3712767237278401,-1.221909408984512,0.2148509753244529,0.04021580904202763,-0.14157739511064327,0.028024844831051058,-0.05737886832882404
-0.19398985431442742,-0.21614503058518353,-0.677691246035126,0.038275910498883355,-0.1437388454164951,0.02840760393603989,-0.05881625678298899
0.08585348035559624,1.1925443438498513,-0.40860564270255656,0.039134445302439314,-0.13181340197799657,0.028798948389064286,-0.06013439080276896
-0.04396854788580147,0.31075795468986034,0.5831650463033179,0.038694759823581296,-0.12870582243109796,0.0291858959873001,-0.06142144902707994
0.033945830299900816,0.28685430252231636,-1.4103407031374386,0.039034218126580304,-0.1258372794058748,0.029576238168565902,-0.06267982182113868
-0.03867057173260091,0.7407392094331273,-0.3544750658321814,0.03864751240925429,-0.11842988731154352,0.029962713292658445,-0.06386412069425412
-0.13822415862204931,-0.5334348191866941,1.1123522087295026,0.0372652708230338,-0.12376423550341047,0.03033536600088878,-0.06510176304928823
0.22244874341808196,-0.8793971650110628,-0.6998085158909285,0.03948975825721462,-0.1325582071535211,0.030730263583460926,-0.06642734512082345
-0.21989658311583127,0.5029937156969558,0.8909725107238569,0.037290792426056305,-0.12752826999655154,0.03110317150772149,-0.06770262782078897
0.34936315749300373,-0.5454672075959411,-0.853969918939681,0.04078442400098634,-0.13298294207251093,0.03151101574773135,-0.06903245724151408
-0.24411461168682386,-0.2506511890287633,1.2141604508962844,0.03834327788411811,-0.13548945396279857,0.031894448526572534,-0.07038735178114207
0.3550825831434196,-1.3503564183443961,-0.7288895636119939,0.0418941037155523,-0.14899301814624252,0.032313389563728055,-0.0718772819626045
0.21928660290690472,-0.961433261545739,-0.012844198881696392,0.04408696974462135,-0.1586073507616999,0.03275425926117427,-0.0734633554702215
-0.11678707441361107,-0.32120500232547494,-0.05647204928224555,0.04291909900048524,-0.16181940078495466,0.03318345025117912,-0.07508154947807104
0.07858511068442818,0.6121102883863584,-1.1513351912369267,0.04370495010732952,-0.15569829790109108,0.03362049975225242,-0.07663853245708195
-0.12869514137019916,-0.9525742583382927,0.8461032558096901,0.04241799869362753,-0.165224040484474,0.03404467973918869,-0.07829077286192669
0.25108526128487074,-0.04185486448767836,-1.5787228265951336,0.04492885130647624,-0.1656425891293508,0.034493968252253454,-0.0799471987532202
0.07522436282145416,-0.6743286435309377,1.4901677412174874,0.04568109493469078,-0.17238587556466017,0.03495077920160036,-0.0816710575088668
-0.26586778182186627,0.862318694618143,0.35290464347734785,0.04302241711647212,-0.16376268861847876,0.035381003372765084,-0.08330868439505158
-0.19910075312574962,-0.0006867307942321009,2.462166176325445,0.04103140958521462,-0.1637695559264211,0.03579131746861723,-0.0849463799543158
0.4480222079790036,-1.1014131567467766,-0.2013705464639048,0.04551163166500465,-0.17478368749388887,0.036246433785267276,-0.08669421682925468
-0.14308935624774552,0.25473142631876095,1.228685989213214,0.044080738102527196,-0.17223637323070126,0.03668724116629255,-0.0884165805615617
-0.11479109547106127,-0.1100522119691768,1.5894229953809111,0.042932827147816585,-0.17333689535039304,0.03711656943777072,-0.09014994951506562
-0.047998492117128255,1.035100238831159,-0.8306692559046612,0.042452842226645304,-0.16298589296208144,0.03754109786003717,-0.09177980844468643
-0.07078631615008774,0.31669587869382776,0.3136400596305486,0.041744979065144426,-0.15981893417514315,0.037958547650688616,-0.09337799778643786
0.15663907281153586,-1.0856149968749524,0.2894476906551912,0.04331136979325979,-0.17067508414389268,0.038391661348621216,-0.09508474862787679
-0.03954967218274205,-0.7670647998199438,-0.6353210759092396,0.04291587307143237,-0.17834573214209212,0.03882082007933554,-0.09686820594929771
0.25286576494245827,-0.8525990724132145,1.4922271160736706,0.04544453072085695,-0.18687172286622428,0.039275265386544106,-0.09873692317795996
0.06326869360042728,-0.10756868037232015,-1.4446467582469225,0.04607721765686122,-0.18794740966994747,0.03973603756311272,-0.10061639727465943
-0.006810444692088203,1.0774760968001833,-0.018662116513497206,0.04600911320994034,-0.17717264870194563,0.04019612869521212,-0.10238812376167888
-0.3263650045456016,0.2658258027222095,1.0790588564749835,0.042745463164484326,-0.17451439067472355,0.04062358332685696,-0.10413326766842612
-0.2808610882626994,-0.25946307567254145,1.5120902546347448,0.03993685228185733,-0.17710902143144897,0.04102295184967553,-0.10590435788274061
0.30541316785082784,-0.9430466796459909,-0.2048605756696734,0.04299098396036561,-0.18653948822790886,0.04145286168927919,-0.1077697527650197
0.007755323047287708,0.18094618657816433,-0.4381553186924848,0.04306853719083849,-0.1847300263621272,0.041883547061187576,-0.10961705302864097
0.012836781931853218,0.8097705559807736,-0.3639482837218583,0.04319690501015702,-0.17663232080231947,0.04231551611128915,-0.11138337623666417
0.13035302127876713,-0.43924121724574666,0.4891032325671467,0.044500435222944695,-0.18102473297477695,0.042760520463518595,-0.11319362356641194
-0.04701986607608149,-0.4514569654718853,0.6569434491475997,0.04403023656218388,-0.1855393026294958,0.04320082282914044,-0.1150490165927069
0.12728699329372092,-0.5578133898069735,1.4683284883968561,0.04530310649512109,-0.19111743652756555,0.04365385389409165,-0.11696019095798256
0.08243283338527507,0.29713517918364235,-1.0791048806425891,0.04612743482897384,-0.18814608473572914,0.04411512824238138,-0.11884165180533986
-0.10911979846030367,0.7421271197222857,-0.2367357151707036,0.0450362368443708,-0.18072481353850628,0.04456549061082509,-0.12064889994072492
-0.1394539087097887,-0.19838452176394294,1.5681381053893038,0.04364169775727292,-0.1827086587561457,0.04500190758839782,-0.12247598652828638
0.24466144510115206,-1.1294941405996797,-0.6525187400825824,0.04608831220828444,-0.1940036001621425,0.04546279071048066,-0.12441602252990781
-0.04597960388946365,0.31477203708247503,-1.1582099052187684,0.0456285161693898,-0.19085587979131774,0.04591907587217456,-0.12632458132782098
0.028556191883787288,0.778522134367895,-0.27546796020618103,0.04591407808822767,-0.18307065844763878,0.04637821665305684,-0.12815528791229738
-0.13682443719075307,-0.35784445545433746,-0.07154314441004159,0.04454583371632014,-0.18664910300218215,0.04682367499022004,-0.1300217789423192
0.052279230357885106,-0.36424961701991304,1.1507283405918665,0.04506862601989899,-0.19029159917238128,0.047274361250419034,-0.13192469493404302
0.0718047913314107,-0.9614546545113299,-0.6600378689267115,0.0457866739332131,-0.19990614571749457,0.047732227989751165,-0.13392375639121795
-0.03127123751424431,-0.17205030330968188,0.4448461735666135,0.04547396155807065,-0.2016266487505914,0.04818696760533187,-0.13594002287872387
-0.04265905434494545,-0.6317953252002748,0.6872500515066454,0.045047371014621196,-0.20794460200259413,0.048637441315478085,-0.1380194688987498
0.11846381530333411,-0.4817170069520104,-1.731842772346259,0.046232009167654534,-0.21276177207211422,0.04909976140715463,-0.14014708661947095
-0.24068705006021213,-0.5307863993560693,1.2266297235597474,0.04382513866705241,-0.21806963606567492,0.04953801279382515,-0.1423277829801277
0.17691317164727247,1.0908333339528498,-0.2931877275854436,0.045594270383525135,-0.2071613027261464,0.049993955497660406,-0.14439939600738916
-0.2099558878049287,0.3330053444998855,-1.3923742811156177,0.04349471150547585,-0.20383124928114757,0.05042890261271516,-0.14643770850020063
0.060308524457221346,0.5988582341618982,0.026189746484900786,0.04409779675004806,-0.1978426669395286,0.05086988058021564,-0.14841613516959593
0.12738325057303732,-0.5383346965651943,0.685806466271274,0.04537162925577843,-0.20322601390518052,0.05132359687277342,-0.15044839530864773
0.05439511518278782,-0.6525934365484093,0.299654887347036,0.04591558040760631,-0.20975194827066462,0.05178275267684949,-0.15254591479135438
-0.050291089477317474,0.35245671408255136,-1.584679233547144,0.04541266951283313,-0.2062273811298391,0.05223687937197782,-0.15460818860265277
-0.09679385537645534,0.8131080254978256,-0.08724397570934722,0.044444730959068576,-0.19809630087486085,0.052681326681568504,-0.15658915161140138
0.018818684585397125,-0.3720752254428932,-1.6296642371757395,0.044632917804922546,-0.2018170531292898,0.05312765585961773,-0.15860732214269427
0.11357920639511714,0.8859895944304571,-0.22976622972323174,0.04576870986887372,-0.19295715718498524,0.05358534295830646,-0.16053689371454413
-0.2877779266177768,0.4114022598214695,1.4517104351184564,0.042890930602695956,-0.18884313458677054,0.05401425226433342,-0.16242532506041185
0.22675370314952317,-1.00455506677348,0.36804480381915056,0.045158467634191186,-0.19888868525450534,0.05446583694067533,-0.1644142119129569
-0.040930677386068516,-0.3628794120790418,-0.1732213982164046,0.044749160860330504,-0.20251747937529577,0.05491332854927864,-0.16643938670670988
0.2171319003021897,-0.4026259498619059,0.723230947626276,0.046920479863352405,-0.20654373887391483,0.05538253334791216,-0.16850482409544904
0.28635298477918675,-1.0179915640711072,0.15021919727608204,0.04978400971114427,-0.2167236545146259,0.055880373445023605,-0.17067206064059529
-0.10285060858619059,0.7730542999221791,-0.9359344158832985,0.048755503625282366,-0.20899311151540412,0.056367928481276426,-0.17276199175574933
0.11890269140923174,0.9047328344213016,-1.283769831438346,0.049944530539374685,-0.1999457831711911,0.05686737378667017,-0.17476144958746123
-0.10594914143733886,0.5308820468177311,0.5580669518621811,0.0488850391250013,-0.19463696270301378,0.05735622417792018,-0.17670781921449136
-0.047529815995971614,0.12094511496757457,-1.7259872978425586,0.04840974096504158,-0.19342751155333804,0.057840321587570596,-0.17864209433002473
-0.0033791027343556767,-0.7894031143694209,1.9237998938077052,0.048375949937698025,-0.20132154269703226,0.058324081086947574,-0.18065530975699506
0.10524615192346076,-0.4855360846723125,-0.9378101013399258,0.04942841145693263,-0.2061769035437554,0.0588183652015169,-0.18271707879243262
0.036522893988006414,1.1340750378851,-0.9539915897781649,0.049793640396812694,-0.1948361531649044,0.059316301605485025,-0.18466544032408166
0.029099257982818347,0.8875688947493707,-1.0623701754377362,0.050084632976640876,-0.1859604642174107,0.05981714793525143,-0.18652504496625577
-0.017817375217761517,0.30407381904325936,-0.7766538355765927,0.04990645922446326,-0.1829197260269781,0.06031621252749607,-0.18835424222652555
0.33056619074241245,-0.7871829707637142,0.2607750909634232,0.053212121131887384,-0.19079155573461523,0.060848333738814944,-0.1902621577838717
-0.20198512304106203,0.055701401800564564,-0.4313075515329521,0.05119226990147677,-0.19023454171660958,0.06136025643782971,-0.1921645032010378
0.15403579324489206,1.032547954854658,-0.32992067631818134,0.05273262783392569,-0.17990906216806302,0.06188758271616897,-0.19396359382271844
-0.1811074560600595,1.1217201435660333,-1.2534012651455262,0.05092155327332509,-0.1686918607324027,0.06239679824890222,-0.19565051243004247
-0.05268278056147097,1.0335738571663995,-0.2457959881118793,0.050394725467710386,-0.1583561221607387,0.06290074550357933,-0.19723407365164985
0.05761831282679485,-0.7231548398168919,-0.18247710829498784,0.05097090859597833,-0.1655876705589076,0.0634104545895391,-0.19888995035723894
-0.08476633474168004,0.43495608541084924,-0.10462669426889515,0.05012324524856153,-0.16123810970479913,0.06391168704202471,-0.20050233145428695
-0.17581354735173574,-0.45539442139009695,2.0327030650108795,0.04836510977504417,-0.16579205391870008,0.06439533813977516,-0.20216025199347396
0.43778228630051125,-0.6765921616510263,-0.6571808107074393,0.052742932638049286,-0.17255797553521035,0.06492276746615565,-0.20388583174882605
0.06880238057685208,0.3483836304112306,-0.8055576826689868,0.053430956443817804,-0.16907413923109804,0.06545707703059382,-0.20557657314113703
0.04879059485014115,0.7701993495963989,0.010251813056960865,0.05391886239231922,-0.16137214573513406,0.06599626565451701,-0.20719029459848837
-0.20182151246350805,0.12907528050354775,-0.3566616033709012,0.05190064726768413,-0.16008139293009857,0.06651527212719385,-0.20879110852778934
0.1584210826200351,1.2095561156237127,0.2785159300997633,0.05348485809388449,-0.14798583177386143,0.0670501207081327,-0.21027096684552796
-0.1700296598778668,-0.19516414979781802,0.6010960803584036,0.05178456149510582,-0.14993747327183962,0.06756796632308375,-0.21177034157824634
0.07725193624023803,-0.5968983839993897,1.2418328240220946,0.052557080857508195,-0.1559064571118335,0.06809353713165883,-0.2133294061493647
-0.09946807955590142,0.5770159504966813,0.2478469841990989,0.05156240006194918,-0.1501362976068667,0.06860916113227833,-0.21483076912543336
-0.11967275428543526,0.2899595992950332,-0.508450934775494,0.05036567251909483,-0.14723670161391636,0.06911281785746928,-0.21630313614157254
0.07481976929433125,-0.8599961282642864,1.6780696797846646,0.05111387021203814,-0.15583666289655923,0.06962395655958967,-0.21786150277053812
0.10873239003134207,-0.5674103872220951,-1.181496719800291,0.052201194112351565,-0.16151076676878018,0.07014596850071318,-0.21947661043822592
0.10629485405819789,0.7541931118059052,-0.576112103897337,0.05326414265293354,-0.15396883565072111,0.07067860992724252,-0.22101629879473314
-0.22009496556185246,0.47282863350270843,0.6553306617942773,0.051063192997315016,-0.14924054931569403,0.07118924185721567,-0.22250870428789007
0.09749953686890976,-0.8727627784023805,0.14924976844568572,0.052038188366004115,-0.15796817709971783,0.07170962374087571,-0.22408838605888726
0.28231128802478067,-0.13441135156786455,1.2131978314471348,0.05486130124625192,-0.15931229061539648,0.07225823675333823,-0.22568150896504122
0.1578452233448386,0.07762869147478446,0.3469737633308616,0.05643975347970031,-0.15853600370064863,0.07282263428813524,-0.2272668690020477
-0.5466720144548105,-0.1592007658228428,0.14794041846170664,0.050973033335152206,-0.16012801135887705,0.07333236462148676,-0.22886814911563647
-0.50467937858085,0.3573537185290303,0.6876907089141376,0.0459262395493437,-0.15655447417358676,0.0737916270169802,-0.23043369385737233
0.27259731209131,-0.08489483392080571,0.34815871888743477,0.0486522126702568,-0.15740342251279482,0.07427814914368276,-0.23200772808250028
-0.12033934390014499,-0.16266728818799117,-0.4308487868179136,0.04744881923125535,-0.15903009539467472,0.07475263733599531,-0.23359802903644702
0.11399989743349354,-0.05953285262836655,-0.04958752797302185,0.04858881820559029,-0.15962542392095838,0.07523852551805121,-0.2351942832756566
-0.14400297016397345,0.2980949245044633,0.09092741447910249,0.04714878850395055,-0.15664447467591375,0.07571001340309072,-0.23676072802241574
-0.02773704423126575,-0.4626903079240101,-0.16414922082111824,0.046871418061637894,-0.16127137775515385,0.0761787275837071,-0.23837344179996728
-0.1292128648950332,0.4192026130006867,-0.5551534887817504,0.04557928941268756,-0.157079351625147,0.07663452047783398,-0.23994423531621875
-0.21475572159145498,0.16161013384298464,-0.25039293894425824,0.04343173219677301,-0.15546325028671715,0.07706883779980171,-0.24149886781908592
-0.08154003028757155,-0.3134873211596857,-0.12489068550411185,0.04261633189389729,-0.158598123498314,0.07749500111874069,-0.24308484905406905
-0.08168699065989167,0.047399271873044935,-1.0035045137180443,0.04179946198729837,-0.15812413077958357,0.07791299573861367,-0.24466609036186487
0.11774098249643702,-0.013282490226596493,-0.11710240306572088,0.04297687181226274,-0.15825695568184953,0.0783427644567363,-0.24624865991868336
0.018397799745235366,-0.06461212585946442,0.28275138437610375,0.043160849809715095,-0.15890307694044417,0.07877437295483344,-0.2478376906880878
0.36259302440381475,0.043692525615320034,-0.7224520497094991,0.046786780053753245,-0.15846615168429098,0.07924224075537098,-0.24942235220493073
-0.17574800526277565,0.07280805390402076,0.273976686739727,0.04502930000112549,-0.15773807114525076,0.07969253375538224,-0.2509997329163832
0.09407988163735409,-0.09658096732738233,0.3554087037077594,0.04597009881749903,-0.15870388081852457,0.08015223474355723,-0.25258677172456845
0.11203043942784773,-0.21068921783169303,0.6676127733743498,0.04709040321177751,-0.16081077299684152,0.08062313877567501,-0.25419487945453684
-0.022720315142992314,-0.21770380885023274,0.5530633139648733,0.04686320006034758,-0.16298781108534385,0.08109177077627848,-0.25582475756539025
-0.2506887474738079,1.019991578457313,0.7904240686883045,0.0443563125856095,-0.15278789530077072,0.08153533390213458,-0.25735263651839796
-0.1929284127030747,0.5498415929289693,-0.4002875193425189,0.04242702845857875,-0.14728947937148104,0.08195960418672037,-0.2588255313121128
0.49961314045783184,0.18288794289158464,0.5558332128219725,0.047423159863157066,-0.1454605999425652,0.08243383578535193,-0.26028013731153843
-0.5673589661233844,-0.12777976372014957,0.4154313596931102,0.04174957020192322,-0.14673839757976667,0.08285133148737117,-0.2617475212873361
0.1565977152712902,0.3762250465461204,1.273595996336125,0.04331554735463612,-0.14297614711430548,0.08328448696091753,-0.2631772827584791
-0.11971854414428933,-0.38042950719157703,0.5616841760507815,0.04211836191319323,-0.14678044218622124,0.08370567058004946,-0.26464508718034135
-0.041645161164202346,0.02151378051728083,-0.9192910930054485,0.04170191030155121,-0.14656530438104842,0.08412268968306498,-0.2661107402241518
-0.11110568296171514,0.13919444811779966,-0.2059673728803231,0.04059085347193406,-0.14517335989987043,0.08452859821778431,-0.2675624738231505
0.044232238088105585,0.012162847367055758,0.013344883568902451,0.041033175852815115,-0.14505173142619987,0.08493892997631247,-0.2690129911374125
-0.2477387732615549,-0.06133305587853822,-0.20515385638989886,0.038555788120199566,-0.14566506198498524,0.08532448785751447,-0.27046964175726235
0.0860381148379339,-0.37145092469367524,1.3153521497686436,0.0394161692685789,-0.149379571231922,0.08571864955020025,-0.27196343746958157
-0.441504726770367,0.28200352817578395,0.4941325755197678,0.03500112200087523,-0.14655953595016416,0.08606866077020901,-0.2734290328290832
-0.28124650019830627,-0.009943248380254843,0.2955866194108184,0.03218865699889217,-0.1466589684339667,0.08639054734019794,-0.27489562251342287
0.07754262097358666,0.04995338739604789,-0.029159033714992927,0.03296408320862804,-0.1461594345600062,0.08672018817228422,-0.2763572168590229
0.1922590980438544,-0.39973347855344477,-0.9353623560801406,0.03488667418906658,-0.15015676934554065,0.08706905491417488,-0.2778587845524783
-0.2822210827206226,0.05767439788509956,-0.38843186141316927,0.032064463361860356,-0.14958002536668966,0.08738969954779348,-0.2793545848061452
-0.07222418184017701,-0.24071004928969256,-1.3134893256444964,0.03134222154345859,-0.15198712585958657,0.08770312176322806,-0.2808744560647411
-0.06904140861670863,-0.28367099783932254,-0.5994030923950874,0.0306518074572915,-0.1548238358379798,0.08800963983780097,-0.2824226944231209
-0.13832672881507593,0.23842416470893413,1.081776668111513,0.02926854016914074,-0.15243959419089045,0.08830232523949237,-0.2839470903650298
0.1575546989166705,0.22618352312199588,0.5016697004148613,0.030844087158307443,-0.1501777589596705,0.08861076611107545,-0.2854488679546265
-0.21606967496598767,-0.17767389756618604,0.5378411742715804,0.028683390408647567,-0.15195449793533236,0.08889760001516192,-0.2869684129339798
0.15147852844287785,0.32184262186312657,0.6441584578238799,0.030198175693076347,-0.14873607171670108,0.08919958177209268,-0.2884557736511468
0.04499699309230183,-0.01770329318074313,0.4332729625984286,0.030648145623999364,-0.14891310464850852,0.08950606322833267,-0.28994490469763184
0.1067082272847181,0.01983566102693215,-0.04199928366997841,0.03171522789684655,-0.1487147480382392,0.08982321550730113,-0.2914320521780142
0.09568696140846875,-0.12603150592813003,-0.9361040773832615,0.03267209751093123,-0.1499750630975205,0.09014993648241044,-0.2929318028089894
-0.3023570499320363,-0.05414964795300224,-0.49373789562389603,0.02964852701161087,-0.15051655957705054,0.09044642175252655,-0.2944369684047599
0.24317220160073247,0.08609826435034713,0.8110861981763642,0.03208024902761819,-0.14965557693354706,0.09076722424280273,-0.2959335241740954
0.16592487480436408,0.3244524320714123,-0.16007186693083134,0.033739497775661834,-0.14641105261283294,0.09110461922055935,-0.29739763470022373
0.11411512455793087,0.4045958430243381,1.3553942962857712,0.03488064902124114,-0.14236509418258955,0.09145342571077175,-0.2988212856420496
-0.3228594640191654,0.08429987888914318,-0.1724184762235749,0.03165205438104949,-0.14152209539369812,0.09176994625458225,-0.3002365065959866
0.44677922553603416,0.008971781341267995,1.2485619569739528,0.03611984663640983,-0.14143237758028543,0.09213114472094634,-0.30165083037178947
-0.44323039768209355,0.060945198391699075,-0.46627494327171753,0.031687542659588896,-0.14082292559636844,0.09244802014754223,-0.30305905962775315
-0.060045512561165804,-0.4574628475074389,-0.6943265093905848,0.031087087533977237,-0.14539755407144284,0.09275889102288201,-0.30451303516846756
-0.18778830006707867,-0.05544082124361031,-0.22094613342049277,0.02920920453330645,-0.14595196228387894,0.09305098306821508,-0.30597255479130636
0.06844166042426188,-0.354698364602121,-0.24013601295356737,0.029893621137549068,-0.14949894592990015,0.09334991927959056,-0.30746754425060535
0.29560917338069737,-0.2912114640207523,0.1733290803980768,0.03284971287135604,-0.15241106057010767,0.09367841640830413,-0.3089916548563064
-0.22509921836112,-0.06332783133592738,-0.5300434480157475,0.03059872068774484,-0.15304433888346694,0.09398440361518158,-0.3105220982451411
-0.14021730590518044,0.20182961377889677,-0.07192929207464828,0.029196547628693035,-0.15102604274567796,0.09427636909146851,-0.3120323586725979
0.2761717072816663,-0.08957407813534755,0.6459467614051734,0.0319582647015097,-0.15192178352703145,0.0945959517384836,-0.3135515765078682
0.05531241372555123,0.1359052866865034,-0.1461232693509119,0.03251138883876521,-0.15056273066016643,0.09492106562687126,-0.31505720381446983
0.12450348285197223,0.20218592195010296,0.47232735405337656,0.033756423667284936,-0.14854087144066538,0.09525862986354411,-0.3165426125288765
0.5897441120607919,-0.4458256041901275,-0.1994939446358736,0.03965386478789286,-0.15299912748256667,0.09565516851142304,-0.31807260380370217
-0.12761620974587626,0.13387381510032806,-0.07768804991702113,0.0383777026904341,-0.1516603893315634,0.09603894553832738,-0.3195892076970178
0.03425085756166933,0.298392720686656,0.1555348668144959,0.03872021126605079,-0.14867646212469685,0.09642614765098789,-0.3210759723182648
-0.43029419909507904,0.1461587792751965,0.5713592528555423,0.0344172692751,-0.14721487433194488,0.09677032034373889,-0.32254812106158426
-0.09534306837103838,-0.10047548957045856,0.26745864819543735,0.033463838591389614,-0.14821962922764947,0.09710495872965279,-0.32403031735386073
0.3409095535256581,0.5655781196459906,3.316559902767803,0.0368729341266462,-0.14256384803118957,0.09747368807091925,-0.32545595583417264
-0.4383411076233464,0.14528574230869004,1.2563226370136258,0.032489523050412736,-0.14111099060810267,0.09779858330142337,-0.32686706574025365
-0.09633544955361258,0.23650487564507514,2.3106485741647678,0.03152616855487661,-0.13874594185165193,0.09811384498697213,-0.3282545251587702
-0.14160882425720608,0.6734342013366904,3.208725373749721,0.030110080312304548,-0.13201159983828503,0.09841494579009517,-0.329574641157153
-0.34019048655063705,0.27622787069810023,1.420731090536171,0.026708175446798176,-0.12924932113130402,0.09868202754456315,-0.33086713436846604
-0.24987559705342186,-0.2970248410681316,-0.30571320635556537,0.024209419476263958,-0.13221956954198533,0.09892412173932578,-0.3321893300638859
0.016296048094972142,0.30586356955825134,0.6428261530951102,0.02437237995721368,-0.12916093384640281,0.09916784553889792,-0.3334809394023499
-0.07272503982446021,-0.09506682448462657,-0.9544640246969099,0.023645129558969077,-0.13011160209124908,0.09940429683448761,-0.3347820554232624
-0.18161564501557947,-0.30476618040741593,0.13262467011349652,0.021828973108813283,-0.13315926389532323,0.09962258656557574,-0.3361136480622156
0.1816338074968185,-0.13987265656824602,-0.6183130372123601,0.023645311183781468,-0.1345579904610057,0.09985903967741355,-0.33745922796682565
0.13316031191735714,0.07570838794232088,-0.008288013417442073,0.02497691430295504,-0.13380090658158247,0.1001088088204431,-0.3387972370326415
-0.09488866419617,0.18675848036926834,0.020103364331852103,0.02402802766099334,-0.1319333217778898,0.10034908909705303,-0.34011657025042036
0.19107985844364084,0.16290871706111237,0.30169425157073215,0.025938826245429748,-0.1303042346072787,0.10060847735950733,-0.34141961259649317
-0.4787433653726407,-0.12390456782177466,0.050755597819302875,0.02115139259170334,-0.13154328028549644,0.10081999128542436,-0.3427350453993481
0.31617970161751735,-0.018760118840314356,0.5442442129898214,0.024313189607878514,-0.13173088147389958,0.10106312318150315,-0.34405235421408714
0.2671966162066682,-0.04060813401388572,-0.10584083374245855,0.026985155769945195,-0.13213696281403844,0.10133297473920261,-0.34537372384222753
0.3655757032654917,0.16048896120546272,-0.33121533445200335,0.03064091280260011,-0.13053207320198382,0.10163938386722861,-0.34667904457424736
-0.688009870391333,-0.23512431038376444,-0.8178282080126958,0.02376081409868678,-0.13288331630582145,0.10187699200821547,-0.34800787773730557
-0.22781496876014345,-0.06931065694056614,-1.789070951340689,0.021482664411085345,-0.1335764228752271,0.10209181865232632,-0.3493436419660578
-0.331404851076463,-0.4104678316533151,-2.8796649163120778,0.018168615900320713,-0.13768110119176027,0.10227350481132953,-0.35072045297797544
-0.04744739759969484,-0.42954753247882815,-2.6915258576716568,0.017694141924323763,-0.14197657651654855,0.10245044623057277,-0.35214021874314094
0.37705506512098885,-0.3121135039688716,-1.8147836474694743,0.021464692575533652,-0.14509771155623727,0.1026650931563281,-0.3535911958587033
0.2469541369696193,0.265907668424506,0.9713040733026317,0.023934233945229845,-0.1424386348719922,0.1029044354957804,-0.35501558220742324
-0.7374527648935073,-0.04073971346303505,-0.5524626634456701,0.016559706296294774,-0.14284603200662255,0.10307003255874335,-0.35644404252748946
-0.3069792428487984,0.012231898823529397,0.04410993721046828,0.01348991386780679,-0.14272371301838727,0.10320493169742141,-0.35787127965767335
-0.4533653768901504,0.15807808912794688,0.25151060836328704,0.008956260098905286,-0.1411429321271078,0.10329449429841046,-0.35928270897894443
-0.2685078418569619,-0.21688827538567182,0.019522918414404834,0.006271181680335667,-0.1433118148809645,0.10335720611521382,-0.3607158271277541
0.25635052919972534,-0.17066323701533534,-0.6019752871124129,0.00883468697233292,-0.14501844725111787,0.10344555298493714,-0.36216601160026524
-0.16739129740285344,-0.11868173232928973,-0.4004947472848398,0.007160773998304386,-0.14620526457441077,0.10351716072492019,-0.36362806424600935
0.19658012059363697,0.339648138158236,0.32885896929408637,0.009126575204240756,-0.14280878319282841,0.1036084264769626,-0.3650561520779376
0.0745032909789273,-0.15678317528343638,0.08494872391070393,0.009871608114030029,-0.14437661494566278,0.1037071425581029,-0.36649991822739425
0.405388618159823,0.4030288933821622,0.4361834203873967,0.013925494295628258,-0.14034632601184116,0.10384639750105919,-0.36790338148751267
-0.2557804096634776,-0.47431764581673924,-0.2304082388115059,0.011367690198993481,-0.14508950247000854,0.10396007440304912,-0.36935427651221275
-0.030871957984222185,-0.35168230398107886,-0.6220429774763409,0.01105897061915126,-0.14860632550981934,0.10407066410924064,-0.37084033976731096
-0.10335808693516443,-0.13075103579156178,-0.24080830536525613,0.010025389749799616,-0.14991383586773496,0.10417091800673864,-0.37233947812598833
-0.07769320720982682,0.2980528527687495,0.2692371169342792,0.009248457677701348,-0.14693330734004748,0.10426340258351566,-0.3738088111993888
0.016565646715556555,0.12358536641184101,0.35913649301118544,0.009414114144856914,-0.14569745367592907,0.10435754372496422,-0.3752657857361481
-0.018702441652491054,-0.3257594657053483,-0.41223606096455395,0.009227089728332003,-0.14895504833298254,0.10444981462224755,-0.37675533621947793
0.33486542614334325,0.1889342971999695,1.2714163184235594,0.012575743989765437,-0.14706570536098285,0.1045755720621452,-0.37822599327308776
-0.5694268263873656,-0.06691950240024416,-0.5886101345923858,0.0068814757258917805,-0.1477349003849853,0.10464438681940412,-0.3797033422769376
0.03655411043112841,-0.027098940111390888,-0.4260521029085533,0.0072470168302030645,-0.14800588978609922,0.10471685698770615,-0.3811834011747986
-0.5059343898938888,-0.30939062357824065,-0.7853418439995735,0.002187672931264176,-0.15109979602188162,0.10473873371701879,-0.3826943991350174
0.11217424154885178,0.2720502195986877,0.7082033837291223,0.003309415346752694,-0.14837929382589474,0.10477182787048632,-0.38417819207327636
-0.051753626613199065,-0.2108527656031129,-0.35584140430780514,0.0027918790806207034,-0.15048782148192585,0.10479974666129253,-0.3856830702880956
0.24570023104454114,0.44021361560997946,0.9079986914211952,0.005248881391066115,-0.14608568532582605,0.1048522354752032,-0.38714392714135387
-0.035025131439627696,-0.36496550287022206,-0.7653072219624931,0.004898630076669838,-0.14973534035452826,0.1049012217759699,-0.38864128054489916
0.1704567249851835,-0.029463346416418734,0.20680285374056612,0.006603197326521673,-0.15002997381869246,0.10496725374923511,-0.3901415802830861
0.3270837317693447,0.04476362860456243,0.15738410191634916,0.00987403464421512,-0.14958233753264683,0.10506599409567727,-0.39163740365841254
-0.22741693697865265,0.038311256565194164,-0.4408746197316242,0.007599865274428594,-0.1491992249669949,0.10514199274842155,-0.3931293959080825
0.13665479736787978,-0.21032495840390636,-1.0589043343696045,0.008966413248107392,-0.15130247455103396,0.10523165688090262,-0.39464242065359284
-0.28969083756917674,-0.35465656921339744,-1.6073785392128173,0.006069504872415624,-0.15484904024316792,0.10529235192962678,-0.3961909110560245
-0.0184752258075227,0.23410686327306024,0.021216525897428812,0.005884752614340397,-0.15250797161043733,0.10535119945577019,-0.3977159907721289
0.05300504077369344,-0.18069791662165258,0.28327317893473763,0.0064148030220773315,-0.15431495077665386,0.10541534748599096,-0.3992591402798954
-0.3261026675104296,-0.21431749350728618,-1.1631419369453282,0.0031537763469730354,-0.1564581257117267,0.10544688524946069,-0.4008237215370127
0.08157369212640575,0.0642643356954299,1.0435371294222635,0.003969513268237093,-0.1558154823547724,0.10548658038214306,-0.4023818763605604
-0.025051690804852388,-0.04728945953459985,-0.13526678882600124,0.0037189963601885695,-0.1562883769501184,0.10552377034574495,-0.4039447601300616
0.1199856055406119,0.24010107772335393,0.5474267254182958,0.0049188524155946885,-0.15388736617288487,0.1055729588699009,-0.4054836337917904
0.28011361166863513,-0.03160186717021441,-0.07708691864975938,0.007719988532281039,-0.154203384844587,0.10565015875522371,-0.4070256676402363
0.26037456606552223,0.06602587489127945,0.36988120134718905,0.010323734192936262,-0.15354312609567422,0.10575339609715308,-0.408561098901193
-0.286704672667979,-0.5891135152239263,-0.30572282586269967,0.007456687466256472,-0.1594342612479135,0.10582796297181564,-0.41015544151367217
-0.06518716604098573,0.18255895538872358,0.1595890673729754,0.006804815805846615,-0.15760867169402626,0.10589601112987411,-0.41173152823061243
0.09008434440076299,0.20283624896314945,-0.8710361699505925,0.007705659249854245,-0.15558030920439475,0.10597306772237265,-0.4132873313226564
-0.07202896243070116,-0.2623522421820402,-0.004243470647928904,0.006985369625547234,-0.15820383162621515,0.10604292141862813,-0.4148693696389185
0.1804448203845884,-0.3917998441779202,1.8961471269625092,0.008789817829393119,-0.16212183006799435,0.10613081959692207,-0.4164905879395985
-0.08488491990075533,0.12984064562447548,-0.8329241217320827,0.007940968630385565,-0.1608234236117496,0.10621022928322592,-0.418098822175716
-0.330345085491661,1.073978872404059,0.21332173927043602,0.004637517775468955,-0.15008363488770898,0.1062566044609806,-0.4195996585245931
-0.3085706174974594,0.42293333325703825,1.605253257561425,0.0015518116004943614,-0.1458543015551386,0.10627212257698555,-0.42105820154014445
-0.2325127766734722,0.249319452246891,-0.4494632341575031,-0.0007733161662403605,-0.1433611070326697,0.10626438941532315,-0.42249181261047114
-0.15391678205685513,0.3719681753780423,1.2130935337863435,-0.002312483986808912,-0.13964142527888926,0.10624126457545506,-0.42388822686326005
-0.19063277552599375,-0.019044692237735587,0.4809482089614395,-0.004218811742068849,-0.1398318722012666,0.10619907645803438,-0.42528654558527273
0.06838483582671853,-0.14126091019760434,-0.17442727599163813,-0.003534963383801664,-0.14124448130324266,0.10616372682419636,-0.42669899039830517
0.39748216448468754,0.05378770427710382,-0.8513818205128861,0.0004398582610452115,-0.14070660426047163,0.10616812540680681,-0.4281060564409099
-0.2690623302982529,-0.165530122777142,0.5854492611381404,-0.0022507650419373174,-0.14236190548824304,0.10614561775638744,-0.4295296754957923
-0.04809892331267263,0.48514521548180367,1.9958082547018854,-0.002731754275064044,-0.13751045333342501,0.1061183002136368,-0.4309047800291265
-0.2529840999297475,0.15898294069123367,0.4191024404408019,-0.005261595274361519,-0.1359206239265127,0.10606568426089319,-0.43226398626839163
0.28525315007711916,-0.2073612146944381,-0.5453327699353321,-0.002409063773590327,-0.13799423607345707,0.10604159362315728,-0.4336439286291262
-0.3230515311588617,-0.04395212101319907,0.6845047271944462,-0.005639579085178944,-0.13843375728358906,0.10598519783230549,-0.4350282662019621
-0.09737360025781644,0.20540779707637136,0.039974838762309756,-0.006613315087757109,-0.13637967931282535,0.10591906468142792,-0.43639206299509037
-0.08778462527956056,-0.02326663482108799,0.8694271499364918,-0.007491161340552714,-0.13661234566103622,0.10584415306802239,-0.4377581864517007
-0.04910880647129016,0.11980906026703286,-0.27761473488230687,-0.007982249405265616,-0.1354142550583659,0.10576433057396974,-0.43911232900228436
0.04778332681931792,0.07540158775310901,0.28568064452716846,-0.0075044161370724375,-0.1346602391808348,0.10568928641259902,-0.4404589313940927
-0.01207139872275882,0.3446452161043717,1.1992172637504839,-0.007625130124300026,-0.13121378701979108,0.10561303511135602,-0.4417710692642906
-0.06255619076365303,0.19281011936522466,0.2393255101287552,-0.008250692031936556,-0.12928568582613884,0.10553052819103664,-0.443063926122552
-0.10170693041727323,0.14748167684138247,0.8618854718957499,-0.009267761336109289,-0.127810869057725,0.10543785057767555,-0.4443420348131293
0.05756124657517358,0.20958343120164802,0.6002677272646362,-0.008692148870357554,-0.12571503474570853,0.10535092908897196,-0.4455991851605864
-0.061602175156725426,-0.11869921157549404,-0.007813334226168813,-0.009308170621924808,-0.12690202686146346,0.10525784738275272,-0.446868205429201
0.07315076985281145,-0.10394034607766846,-0.04723353372872456,-0.008576662923396693,-0.12794143032224015,0.10517208075351875,-0.44814761973242345
-0.035549890447791256,0.08433299865720606,-0.24068034235312483,-0.008932161827874605,-0.1270981003356681,0.10508275913524,-0.44941860073578016
0.05045653054862287,0.18375146143892576,0.609164893273639,-0.008427596522388376,-0.12526058572127885,0.10499848317001612,-0.4506712065929929
-0.28949430341795984,0.003889239200427244,0.2753094341022044,-0.011322539556567975,-0.12522169332927457,0.10488525777445043,-0.4519234235262857
0.5011879917098345,-0.10659420910658429,-0.15801660139028015,-0.00631065963946963,-0.1262876354203404,0.10482215117805574,-0.4531862998804891
-0.5221363399724728,0.6670789174120699,0.9097189179383232,-0.011532023039194358,-0.11961684624621971,0.1047068309476638,-0.45438246834295126
0.19015004652634468,-0.8159918747203785,-0.2104027480538952,-0.009630522573930912,-0.1277767649934235,0.10461052572192449,-0.4556602359928855
0.14304465756472112,0.1147103913054093,-0.12619748974612027,-0.008200075998283702,-0.1266296610803694,0.10452852496194165,-0.4569265326036892
-0.3095544008193485,0.05731920347600518,-1.2740063008668956,-0.011295620006477186,-0.12605646904560935,0.10441556876187688,-0.4581870972941453
0.19649812210122838,0.11640453712672617,-0.1467772594569621,-0.009330638785464902,-0.1248924236743421,0.10432226237402223,-0.45943602153088875
-0.2272438444693065,-0.08285773669947359,-1.177907714108676,-0.011603077230157967,-0.12572100104133682,0.10420623160172066,-0.4606932315413021
-0.09198507919273671,0.26015335127489125,0.15166660590963665,-0.012522928022085334,-0.1231194675285879,0.1040810023214998,-0.46192442621658797
-0.3061976904935684,0.1690235527855344,1.122873280572031,-0.015584904927021019,-0.12142923200073256,0.10392515327222959,-0.4631387185365953
-0.20940151779806213,0.11559457426718546,0.36599376602865696,-0.01767892010500164,-0.1202732862580607,0.10374836407117957,-0.4643414513991759
-0.4062804160722668,0.22429895867246508,1.9600731076201716,-0.021741724265724308,-0.11803029667133605,0.10353094682852233,-0.4655217543658892
-0.49242310604251166,0.504603620547799,0.6697483865032126,-0.026665955326149425,-0.11298426046585806,0.10326428727526084,-0.4666515969705478
-0.3649769907880675,0.10045233354695962,-1.8254882412285358,-0.0303157252340301,-0.11197973713038847,0.10296113002292054,-0.4677713943418517
-0.2525847629769742,0.6547085488578622,-0.06039107668439704,-0.032841572863799844,-0.10543265164180986,0.10263271429428254,-0.46882572085826985
-0.16249615381240556,0.5646512039887083,-0.7538939405342491,-0.0344665344019239,-0.09978613960192277,0.1022880489502633,-0.46982358225428905
-0.03549094360106813,-0.14960810502174415,-0.44730643322975566,-0.034821443837934576,-0.10128222065214021,0.10193983451188396,-0.47083640446081043
0.01044175554290075,-0.8362094540169375,0.850881719958617,-0.034717026282505566,-0.10964431519230958,0.1015926642490589,-0.4719328476127335
0.2542149507637751,-0.7477344295445182,-0.54531889635938,-0.032174876774867814,-0.11712165948775476,0.10127091548131022,-0.4731040642076111
0.0011075318151216934,-0.00027760266422524897,-1.0723699228704056,-0.032163801456716594,-0.11712443551439701,0.10094927746674305,-0.47427530856275507
-0.020557532678660256,-0.0385109438834211,0.6731354770532992,-0.0323693767835032,-0.11750954495323122,0.10062558369890802,-0.4754504040122874
-0.3802818335987794,0.3592672934309911,0.12391418786126529,-0.03617219511949099,-0.11391687201892131,0.10026386174771311,-0.4765895727324766
0.22104966081489286,0.13303992250553143,0.8347627720742816,-0.033961698511342064,-0.112586472793866,0.09992424476259969,-0.4777154374604153
0.021340325748134572,0.09905107605706871,-0.6860770456963757,-0.03374829525386072,-0.1115959620332953,0.09958676181006108,-0.47883139708074823
0.15133282060431832,-0.15749664818188758,0.15295252023327977,-0.03223496704781754,-0.11317092851511418,0.09926441213958291,-0.4799631063658994
-0.02124291029977875,0.19402698163424123,0.43931358838922635,-0.03244739615081533,-0.11123065869877176,0.09893993817807475,-0.48107541295288714
-0.14091882769353783,0.43804428455939576,-0.15352621043582795,-0.033856584427750705,-0.1068502158531778,0.09860137233379725,-0.4821439151114189
0.19835653766543068,-0.1256129305592432,0.394407881991119,-0.0318730190510964,-0.10810634515877024,0.09828264214328629,-0.4832249785630066
0.03266828294962996,0.33323204413824675,0.0897860308276189,-0.0315463362216001,-0.10477402471738777,0.0979671787810703,-0.48427271881018047
-0.26704354256040286,0.13888048922560464,-0.21493432547664706,-0.03421677164720413,-0.10338521982513173,0.09762501106459825,-0.4853065710084318
0.19516594298472573,0.2826665581780728,1.9112023303439083,-0.032265112217356874,-0.100558554243351,0.09730235994242468,-0.4863121565508653
0.0751360562005646,0.0884446381170367,1.3103383612037534,-0.03151375165535123,-0.09967410786218063,0.09698722242587117,-0.4873088976294871
0.2888037866041658,0.34272114540016785,0.851045459737362,-0.028625713789309573,-0.09624689640817895,0.09670096528797807,-0.4882713665935689
0.08037364036780346,-0.4792086884657054,-0.3504228451623111,-0.02782197738563154,-0.101038983292836,0.09642274551412176,-0.48928175642649724
0.13040413350887312,0.2455892464026856,0.7595428009687647,-0.02651793605054281,-0.09858309082880914,0.09615756615361634,-0.4902675873347853
-0.0023455685800869803,-0.09436856024109258,-0.4561711039431149,-0.026541391736343678,-0.09952677643122007,0.0958921522362529,-0.4912628550990975
-0.10509226000299078,-0.06671879134203099,-0.881095613118365,-0.027592314336373585,-0.10019396434464038,0.09561622909288917,-0.4922647947425439
0.05569553951787595,-0.03950016502021823,0.13770209385348348,-0.027035358941194826,-0.10058896599484256,0.09534587550347721,-0.49327068440249233
0.2464942429404746,0.21300335141527427,0.962071814436377,-0.02457041651179008,-0.09845893248068982,0.09510017133835931,-0.4942552737272992
0.0038338001480735535,-0.36546887429617764,-0.3939336883331361,-0.024532078510309346,-0.1021136212236516,0.09485485055325622,-0.49527640993953576
-0.30333436482026394,-0.025511735191882223,0.3393473269167318,-0.027565422158511984,-0.10236873857557043,0.0945791963316711,-0.49630009732529146
0.24424758617386133,0.10099713249713893,0.5325028012129087,-0.02512294629677337,-0.10135876725059903,0.09432796686870336,-0.49731368499779743
-0.2415196847378653,-0.0416131769130999,-0.4369944244649735,-0.027538143144152025,-0.10177489901973003,0.09405258543726183,-0.49833143398799473
0.38108750484937826,0.06456102050812541,0.28909397129301945,-0.02372726809565824,-0.10112928881464878,0.09381531275630525,-0.49934272687614123
-0.39113458044855426,-0.06295138572365915,-0.38556055995898453,-0.027638613900143785,-0.10175880267188536,0.09353892661730381,-0.50036031490286
0.3358679292821241,0.24577568431830318,0.6922075633827425,-0.024279934607322542,-0.09930104582870233,0.09329612727123059,-0.5013533253611471
-0.4589314909727017,-0.09766207623102162,-0.3219311845595784,-0.02886924951704956,-0.10027766659101255,0.09300743477606009,-0.5023561020270572
0.41225403563750673,0.08869431164110779,-0.7038649355994819,-0.024746709160674493,-0.09939072347460147,0.09275996768445334,-0.5033500092618032
0.39614648736559094,0.08092214824750132,-0.6762715020082716,-0.020785244287018584,-0.09858150199212645,0.09255211524158316,-0.5043358242817244
-0.0854616823879759,-0.028468264570077086,1.3338074559348134,-0.021639861110898342,-0.09886618463782722,0.09233571663047417,-0.5053244861281027
-0.7864623221926603,-0.09323662263218131,-1.181716273296896,-0.029504484332824946,-0.09979855086414903,0.09204067178714592,-0.5063224716367442
-0.14187192334013884,-0.38044999754329756,-0.8836028112628672,-0.030923203566226333,-0.103603050839582,0.09173143975148366,-0.50735850214514
0.42987542348827346,0.38640963482413976,0.9998967130096591,-0.0266244493313436,-0.09973895449134061,0.09146519525817023,-0.5083558916900534
-0.25754155946129553,0.06366502401159684,-0.3333721712689707,-0.029199864925956553,-0.09910230425122464,0.09117319660891067,-0.5093469147325655
-0.29168965654529644,-0.07807202950789657,-0.18108635199072293,-0.03211676149140952,-0.0998830245463036,0.09085202899399658,-0.5103457449780285
0.4147635701701992,0.2898266865613794,0.0676853094909283,-0.027969125789707526,-0.0969847576806898,0.0905723377360995,-0.5113155925548354
0.42415319130089274,0.18917544344548712,-0.4601534016466317,-0.023727593876698597,-0.09509300324623493,0.09033506179733251,-0.5122665225872978
0.4940154630030365,0.5501516596353093,0.4520925670723738,-0.01878743924666823,-0.08959148664988184,0.09014718740486583,-0.5131624374537966
0.2424133096986954,-0.23556415789120322,0.7017330910061483,-0.016363306149681275,-0.09194712822879388,0.08998355434336901,-0.5140819087360846
-0.07954591878074313,0.38256874543068586,2.3466145702767673,-0.017158765337488707,-0.08812144077448701,0.08981196668999412,-0.5149631231438295
0.36962096142677964,0.28600441470054166,2.035164155078783,-0.01346255572322091,-0.0852613966274816,0.08967734113276192,-0.5158157371101043
0.0502945601084001,-0.3963348472266728,-3.277822032527841,-0.012959610122136908,-0.08922474509974833,0.08954774503154055,-0.5167079845611018
-0.17872501123515683,-0.9721536345983063,-4.035824660717358,-0.014746860234488476,-0.0989462814457314,0.08940027642919567,-0.5176974473755591
-0.4106084753016862,-0.2383040994186313,-1.3780443438301984,-0.018852944987505338,-0.10132932243991771,0.08921174697932062,-0.5187107405999583
0.499439248815198,-0.03601775629205771,-0.9474851207219347,-0.013858552499353357,-0.10168950000283829,0.08907316145432709,-0.5197276355999866
-0.25522506466614786,-0.1493687634058137,-0.8203562326712744,-0.016410803146014834,-0.10318318763689642,0.08890905342286694,-0.5207594674763556
-0.10765330035089649,-0.1878232312657359,-0.17813537288032463,-0.0174873361495238,-0.10506141994955379,0.0887341800613717,-0.5218100816758512
0.08166960965444423,0.09049173766384373,0.5576719491308147,-0.016670640052979357,-0.10415650257291535,0.0885674736608419,-0.5228516467015804
-0.18756777875785458,-0.22255029922026404,-0.1995502847289547,-0.018546317840557904,-0.106382005565118,0.08838201048243632,-0.5239154667572316
-0.09124550765386436,-0.10468404248416878,0.28300309939861085,-0.019458772917096547,-0.10742884598995968,0.08818742275326535,-0.5249897552171311
-0.14305476262906844,-0.07705309867704283,0.024464886669534596,-0.02088932054338723,-0.10819937697673011,0.08797852954783149,-0.5260717489868983
-0.2774104008193485,-0.3975204452002747,-0.6446421163303886,-0.023663424551580714,-0.11217458142873286,0.08774189530231569,-0.5271934948011857
0.23169375611664,0.3246115002700847,0.4544901930371258,-0.021346486990414314,-0.10892846642603202,0.08752843043241154,-0.528282779465446
-0.326006662651957,-0.1683076648416877,-0.45941699912584094,-0.024606553616933886,-0.1106115430744489,0.0872823648962422,-0.5293888948961905
0.10555924708177312,0.1708956558999008,0.3284393609138315,-0.023550961146116156,-0.10890258651544989,0.08704685528478104,-0.5304779207613449
0.0571109397528649,0.027784841416037227,0.04872132268693122,-0.022979851748587507,-0.10862473810128952,0.08681705676729516,-0.5315641681423579
-0.3378099976881972,-0.01994285584496836,1.8549975695290768,-0.02635795172546948,-0.1088241666597392,0.08655347725004046,-0.5326524098089552
1.169652834886763,0.4289613487724117,2.419146245039871,-0.01466142337660185,-0.10453455317201507,0.08640686301627444,-0.5336977553406754
0.6510527637186847,0.3097395604028382,1.1934123571570605,-0.008150895739415003,-0.10143715756798669,0.0863253540588803,-0.5347121269163553
0.10711316056311894,-0.3465767203631648,-0.7244414298208892,-0.0070797641337838136,-0.10490292477161833,0.08625455641754246,-0.5357611561640715
0.06345369056388189,-0.5420590722056917,-1.141049069366171,-0.006445227228144995,-0.11032351549367525,0.086190104145261,-0.5368643913190082
0.7491079936385748,-0.4886561953185321,-1.1860842772276186,0.0010458527082407533,-0.11521007744686057,0.08620056267234341,-0.5380164920934768
-0.2304416768092775,-0.23040079143358513,-0.4516970940247496,-0.0012585640598520216,-0.11751408536119642,0.0861879770317449,-0.5391916329470887
-0.5745332390462501,0.7281100485023269,1.383613558908797,-0.0070038964503145226,-0.11023298487617315,0.08611793806724176,-0.5402939627958504
0.3225128042100252,-0.48837003621576264,-0.9890268863128413,-0.0037787684082142706,-0.11511668523833078,0.08608015038315961,-0.5414451296482337
0.017041775831296256,0.19238918846723127,0.9563003207063095,-0.003608350649901308,-0.11319279335365846,0.0860440668766606,-0.5425770575817702
-0.40255656620883506,-0.12347776963454644,-0.019058754596964423,-0.007633916311989658,-0.11442757105000392,0.08596772771354069,-0.5437213332922702
-0.15732896276029606,0.24466135037155717,0.18601242148909716,-0.009207205939592619,-0.11198095754628835,0.08587565565414476,-0.5448411428677331
-0.11252393997857633,0.12380365900053408,0.3093162915554746,-0.010332445339378382,-0.11074292095628302,0.08577233120075098,-0.545948572077296
-0.3243857212679637,-0.828280849515526,-0.26473496611142183,-0.01357630255205802,-0.11902572945143827,0.0856365681752304,-0.5471388293718104
0.03742231969945832,0.7303587084855422,-0.3955754945130395,-0.013202079355063435,-0.11172214236658284,0.08550454738167976,-0.5482560507954762
-0.07265613970086215,-0.6758487565453574,0.19518648957485354,-0.013928640752072056,-0.11848062993203642,0.08536526097415904,-0.5494408570947966
0.1844986094133517,-0.4049673230640117,0.7281442834620896,-0.01208365465793854,-0.12253030316267655,0.08524442442757965,-0.5506661601264233
0.43153476992605483,0.034342746303501925,0.14373549992962528,-0.007768306958677991,-0.12218687569964153,0.08516674135799288,-0.5518880288834197
-0.17390629014871448,0.20869657210040438,0.3453105037718477,-0.009507369860165135,-0.12009990997863748,0.08507166765939123,-0.553089027983206
-0.03926519987328909,0.13745404827038987,0.2239946440449832,-0.009900021858898026,-0.11872536949593358,0.08497266744080224,-0.5542762816781653
0.12947512551009388,-0.19119155773556118,-0.0029198702511936286,-0.008605270603797087,-0.12063728507328919,0.08488661473476428,-0.5554826545288982
-0.135330020857496,0.07552104561837185,-0.1995744106586099,-0.009958570812372046,-0.11988207461710547,0.08478702902664055,-0.5566814752750693
0.007005614000213624,-0.392475898377966,-0.2838108399498295,-0.00988851467236991,-0.12380683360088512,0.08468814387991686,-0.5579195436110781
-0.017974837972014948,0.33448697828946367,-0.0016902685055622294,-0.01006826305209006,-0.12046196381799049,0.08458746124939595,-0.559124163249258
0.10259187616852065,0.21091237490501255,1.0597139223542842,-0.009042344290404854,-0.11835284006894035,0.0844970378064919,-0.5603076916499473
0.1699480084581369,-0.1950275231280995,-0.3374770785093776,-0.007342864205823484,-0.12030311530022135,0.08442360916443366,-0.5615107228029496
-0.10465275942467385,-0.11691258162813765,-0.21976541398812946,-0.008389391800070223,-0.12147224111650273,0.08433971524643295,-0.5627254452141146
-0.11202684557711148,0.06863996967421986,-0.6898805253637301,-0.009509660255841337,-0.12078584141976054,0.08424461864387454,-0.5639333036283122
-0.2813862576042725,0.027782498448157465,-1.3347793537760295,-0.012323522831884062,-0.12050801643527896,0.08412138341555571,-0.565138383792665
-0.09725622935066759,-0.09985536931715878,0.30102679702583285,-0.013296085125390737,-0.12150657012845055,0.0839884225643018,-0.5663534494939495
-0.14549440529939728,0.22039535825131606,-0.24560271030917882,-0.01475102917838471,-0.11930261654593739,0.08384091227251796,-0.5675464756594089
-0.19956791113292138,-0.14899869291523618,-1.0974271574351413,-0.016746708289713925,-0.12079260347508976,0.08367344518962082,-0.5687544016941598
-0.2300981081146868,-0.0025172825665674982,-0.34397589000247286,-0.019047689370860793,-0.12081777630075544,0.08348296829591222,-0.5699625794571673
0.2190491646159152,0.1929138960341802,1.6122673485235073,-0.01685719772470164,-0.11888863734041363,0.0833143963186652,-0.5711514658305714
-0.13828597421371788,0.20462480496528573,0.7873911413304033,-0.018240057466838818,-0.11684238929076078,0.08313199574399682,-0.572319889723479
0.25420542696122683,0.10307087919127184,1.1622775919171136,-0.01569800319722655,-0.11581168049884806,0.08297501571202456,-0.5734780065284675
-0.09101036627292287,0.10131812687266345,1.1774299318637058,-0.016608106859955778,-0.11479849923012142,0.08280893464342501,-0.5746259915207687
0.09189037127495231,0.764079845880827,1.2606725743112528,-0.015689203147206253,-0.10715770077131315,0.08265204261195294,-0.5756975685284818
0.08267286168160526,0.06085490709697107,0.16802217620337276,-0.014862474530390201,-0.10654915170034343,0.08250341786664904,-0.5767630600454852
0.11433473308467232,0.12835825756313418,0.6781651908611889,-0.013719127199543478,-0.10526556912471209,0.0823662265946536,-0.5778157157367323
0.24286785503782712,0.2559478106630045,0.2102349350162207,-0.011290448649165208,-0.10270609101808205,0.08225332210816196,-0.5788427766469131
-0.014585945783108267,-0.26586730292210276,-0.880583044481758,-0.01143630810699629,-0.10536476404730308,0.08213895902709199,-0.5798964242873861
-0.08431523237500574,-0.126260881107805,-0.8586835252874344,-0.012279460430746347,-0.10662737285838113,0.08201616442278453,-0.5809626980159699
0.10903820207071031,-0.4025607887968261,-0.8853061004610053,-0.011189078410039244,-0.11065298074634938,0.08190427363868413,-0.5820692278234334
-0.1364684065628443,-0.06992915679560542,-0.14451501719862617,-0.012553762475667687,-0.11135227231430543,0.08177873601392746,-0.5831827505465764
0.13665736344707408,0.3734711656458381,-0.8794190745481357,-0.011187188841196946,-0.10761756065784706,0.08166686412551549,-0.5842589261531549
0.047084996778881526,0.8997393902586406,-0.6674840349875942,-0.010716338873408131,-0.09862016675526065,0.08155970073678141,-0.5852451278207075
0.36924442489515535,-1.3547016613321126,0.3400841505376973,-0.007023894624456578,-0.11216718336858178,0.08148946179053684,-0.5863667996543933
-0.03611917122905319,-1.5232080577920193,-0.4039393359534905,-0.007385086336747109,-0.12739926394650197,0.08141561092716937,-0.5876407922938583
-0.22579365202862595,0.9221865669794767,1.2884415408787364,-0.009643022857033369,-0.1181773982767072,0.08131918069859903,-0.5888225662766254
-0.15931061711903563,-0.19613391718318457,-0.15879195567730234,-0.011236129028223725,-0.12013873744853905,0.0812068194083168,-0.5900239536511108
0.30643166202951094,-0.19776457437705047,-0.5064219509103838,-0.008171812407928615,-0.12211638319230955,0.08112510128423751,-0.5912451174830339
0.12488122167244983,-0.11727498558327613,-0.07506707217993516,-0.006923000191204117,-0.12328913304814232,0.08105587128232547,-0.5924780088135153
0.23491687839328607,0.03126041863126572,-0.8238715231023422,-0.004573831407271257,-0.12297652886182966,0.08101013296825275,-0.5937077741021336
-0.3928660259356985,-0.013927450006866588,0.3289720382801247,-0.008502491666628243,-0.12311580336189833,0.08092510805158647,-0.5949389321357526
0.4407367227390555,-0.4293198811779965,-1.5177575665783474,-0.004095124439237688,-0.1274090021736783,0.08088415680719409,-0.5962130221574893
0.33162135772188905,0.012925070984969858,0.22433355192626836,-0.0007789108620187978,-0.12727975146382858,0.0808763676985739,-0.5974858196721275
-0.03433354617984285,-0.11461033844205389,-0.15651558981478578,-0.0011222463238172262,-0.12842585484824912,0.08086514523533572,-0.59877007822061
-0.11720328408477915,0.05923833881437397,1.0718723979657894,-0.0022942791646650175,-0.12783347146010537,0.08084220244368907,-0.600048412935211
-0.17613741645374228,-0.01316065290608074,0.26219377506199726,-0.004055653329202441,-0.12796507798916618,0.08080164591039705,-0.6013280637151027
-0.16929706759588006,0.14291757242084382,-0.18953826437952276,-0.005748624005161241,-0.12653590226495773,0.08074415967034544,-0.6025934227377523
0.1455207038666972,-0.13995000202334634,-0.9339705793257346,-0.00429341696649427,-0.12793540228519118,0.0807012255006805,-0.6038727767606042
0.009161603831601434,-0.11797747458609906,0.5432115892254218,-0.004201800928178255,-0.12911517703105216,0.08065920749139871,-0.6051639285309147
0.07283786371105515,-0.02824372845349815,-0.15294720008715967,-0.0034734222910677037,-0.12939761431558713,0.08062447326848804,-0.6064579046740706
-0.062236280242557424,0.3010934687937743,0.4082140209031514,-0.004095785093493278,-0.12638667962764938,0.08058351541755311,-0.6077217714703471
-0.11399963888755628,-0.2751859734584573,-0.6321426763853214,-0.00523578148236884,-0.12913853936223396,0.08053115760272943,-0.6090131568639695
0.16267077654236672,-0.03091691423819335,-0.3726412747648135,-0.0036090737169451733,-0.1294477085046159,0.08049506686555997,-0.6103076339490157
0.18414241130241857,0.054322491331349636,0.7560439848857552,-0.0017676496039209877,-0.1289044835913024,0.08047739036952077,-0.6115966787849287
0.2465769795544976,0.2565931550560769,0.32168241501316813,0.0006981201916239882,-0.12633855204074165,0.08048437157143701,-0.6128600643053361
0.39236457831546506,0.23524605469138624,1.5566415813090408,0.004621765974778639,-0.12398609149382779,0.0805305892311848,-0.6140999252202745
0.07166910256662852,0.12596114541237505,0.5207233229371786,0.005338457000444924,-0.12272648003970404,0.08058397380118924,-0.6153271900206715
0.15997795576568247,-0.08857263671931032,-0.26503418290855385,0.006938236558101749,-0.12361220640689714,0.08065335616677026,-0.6165633120847405
-0.030868280535530642,0.1302152202121004,0.2035532667534593,0.006629553752746443,-0.12231005420477614,0.08071965170429772,-0.6177864126267882
