0.0020657495232776243,-0.013871493754970654,0.014908487510368454,2.0657495232776244e-05,-0.00013871493754970653,2.0657495232776244e-07,-1.3871493754970653e-06
0.0037528407203478984,0.007772739439505593,0.028185526014985328,5.8185902436255226e-05,-6.09875431546506e-05,7.884339766903146e-07,-1.9970248070435714e-06
0.012837593698146015,-0.009695693342977051,-0.011481847327502924,0.00018656183941771537,-0.0001579444765844211,2.6540523708674684e-06,-3.5764695728877826e-06
0.002625142824567011,-0.017474756439032596,0.025076677405845186,0.00021281326766338547,-0.000332692040974747,4.7821850475013234e-06,-6.903389982635253e-06
-0.0028976230623636396,0.018618215731563276,0.05522834361168929,0.00018383703703974907,-0.00014650988365911427,6.620555417898814e-06,-8.368488819226396e-06
0.005622529088395519,0.001147539872861805,0.008372291413626633,0.00024006232792370426,-0.00013503448493049623,9.021178697135857e-06,-9.718833668531358e-06
-0.009303656137819482,0.0023890179593804655,0.03300660980837709,0.00014702576654550942,-0.00011114430533669156,1.0491436362590952e-05,-1.0830276721898274e-05
-0.00514410756072328,0.0005772452211489765,0.031783115211597456,9.558469093827663e-05,-0.0001053718531252018,1.1447283271973717e-05,-1.1883995253150292e-05
0.007920238269748976,-0.025292988431097906,0.039401115266530624,0.0001747870736357664,-0.0003583017374361809,1.3195154008331382e-05,-1.54670126275121e-05
-0.013578674689738331,0.010224585640772079,0.06062522566860577,3.9000326738383094e-05,-0.00025605588102846013,1.3585157275715212e-05,-1.80275714377967e-05
-0.00205078941316855,-0.009660706139192813,0.0041580703958505995,1.8492432606697594e-05,-0.00035266294242038826,1.3770081601782188e-05,-2.1554200862000583e-05
0.004898493992645155,0.006573248749034845,0.038961771404470755,6.747737253314914e-05,-0.00028693045493003984,1.4444855327113678e-05,-2.4423505411300982e-05
-0.003216655493888778,-0.018075152575448256,0.0029251991423208867,3.5310817594261355e-05,-0.00046768198068452237,1.4797963503056291e-05,-2.9100325218146205e-05
0.001882649903227266,-0.026471349941741083,0.06698494729521713,5.413731662653401e-05,-0.0007323954801019332,1.5339336669321633e-05,-3.642428001916554e-05
-0.005113913960357064,0.004780828674265628,0.02221460067737949,2.998177022963373e-06,-0.0006845871933592769,1.5369318439551266e-05,-4.327015195275831e-05
0.014320080454840919,-0.0018508237740444168,0.05985860681761048,0.00014619898157137258,-0.0007030954310997211,1.683130825526499e-05,-5.030110626375552e-05
0.006765655759639872,-0.0012536929584496938,0.02034145857010786,0.0002138555391677713,-0.000715632360684218,1.8969863646942703e-05,-5.74574298705977e-05
0.0038194475228198643,-4.8361297505181453e-05,0.014965618362584827,0.00025205001439596996,-0.0007161159736592698,2.1490363790902404e-05,-6.461858960719039e-05
0.008535679765133126,0.0011481404191347893,0.021544023770383586,0.0003374068120473012,-0.0007046345694679219,2.4864431911375417e-05,-7.166493530186961e-05
-0.0039467271563591935,-0.004234455335805322,0.03115676937502194,0.00029793954048370927,-0.0007469791228259751,2.784382731621251e-05,-7.913472653012937e-05
-0.008203510395849566,-0.011426530507850793,0.061102567839964234,0.0002159044365252136,-0.0008612444279044831,3.0002871681464648e-05,-8.77471708091742e-05
0.009830940837842377,0.0011330729284809399,-0.006026416794201551,0.0003142138449036374,-0.0008499136986196736,3.314501013050102e-05,-9.624630779537094e-05
-0.0074918283694514545,-0.01144160637265586,0.031137482508462086,0.00023929556120912284,-0.0009643297623462322,3.553796574259225e-05,-0.00010588960541883326
-0.0033649999937743385,-0.018658704704844768,0.04067542421289444,0.00020564556127137946,-0.0011509168093946798,3.759442135530604e-05,-0.00011739877351278006
0.2387999227375906,-0.12244059135472651,0.18843901281745673,0.0025936447886472855,-0.002375322722941945,6.35308692417789e-05,-0.0001411520007421995
0.1147053449760891,0.2866565022532692,1.6847463000014051,0.0037406982384081766,0.000491242299590747,0.00010093785162586065,-0.00013623957774629205
0.0933551724942092,-0.29418116815796147,0.0048542554572685095,0.004674249963350269,-0.0024505693819888677,0.00014768035125936333,-0.00016074527156618074
0.14271217093473715,-0.18689491575542844,0.8207253933103227,0.00610137167269764,-0.004319518539543152,0.00020869406798633975,-0.00020394045696161227
-0.08121868950930039,0.07073145419040205,0.6400451301471282,0.005289184777604636,-0.0036122039976391315,0.0002615859157623861,-0.00024006249693800358
0.29129755806527813,-0.08244352827698179,-0.2076849133166701,0.008202160358257417,-0.00443663928040895,0.00034360751934496027,-0.0002844288897420931
0.1855737386466468,0.02001453307038984,-0.06476688614950696,0.010057897744723885,-0.004236493949705051,0.0004441864967921991,-0.0003267938292391436
0.1355696934677348,-0.221222950021088,-0.6553420907760424,0.011413594679401232,-0.006448723449915931,0.0005583224435862115,-0.0003912810637383029
0.06829020499897763,0.402740669028275,0.32219115942613935,0.01209649672939101,-0.0024213167596331808,0.0006792874108801216,-0.0004154942313346347
0.05863679212341498,-0.9335129936313725,-0.8177383637660487,0.01268286465062516,-0.011756446695946906,0.0008061160573863732,-0.0005330586982941037
0.16602429579015796,0.4213411369187152,0.643681122004914,0.01434310760852674,-0.007543035326759754,0.0009495471334716406,-0.0006084890515617012
0.06718462802178989,0.3835694919656367,0.4605318779307562,0.01501495388874464,-0.0037073404071033865,0.0010996966723590869,-0.0006455624556327351
0.014556543755367362,-0.5067353206810408,0.23309366814361782,0.015160519326298314,-0.008774693613913795,0.00125130186562207,-0.0007333093917718731
0.14723363836435494,0.08924797300935376,0.0004256382237292006,0.016632855709941864,-0.007882213883820257,0.0014176304227214885,-0.0008121315306100756
-0.0013015660668650477,-0.07766416809387353,-0.1537614519357281,0.016619840049273214,-0.008658855564758993,0.0015838288232142205,-0.0008987200862576656
-0.14986148501094074,0.3120571924615549,0.9398619639244986,0.015121225199163807,-0.005538283640143444,0.0017350410752058586,-0.0009541029226591
0.20580358128950943,-0.4403608566419776,-1.0677201152209956,0.0171792610120589,-0.00994189220656322,0.0019068336853264476,-0.0010535218447247322
0.4837847009232929,0.017270862653055608,0.4104287055312744,0.02201710802129183,-0.009769183580032665,0.002127004765539366,-0.001151213680525059
-0.22239696403131157,0.13905138489002822,0.9159783451192798,0.019793138380978716,-0.008378669731132382,0.002324936149349153,-0.0012350003778363828
-0.35849804211172664,1.282873859573785,0.012176542699199598,0.016208157959861448,0.004450068864605467,0.0024870177289477674,-0.001190499689190328
0.05230959570012971,0.5615047753531396,0.3907060218233322,0.016731253916862747,0.010065116618136864,0.002654330268116395,-0.0010898485230089595
0.33038488864588383,-0.6875997380091861,0.38499957610730184,0.020035102803321585,0.003189119238045003,0.002854681296149611,-0.0010579573306285096
-0.19185233958330666,0.8255817533831998,-0.22551358772881622,0.01811657940748852,0.011444936771877,0.003035847090224496,-0.0009435079629097396
-0.0939081437307088,-0.17151480607357905,-0.6871539468163261,0.01717749797018143,0.00972978871114121,0.0032076220699263107,-0.0008462100757983275
0.2098780951462272,-0.7070749087240712,-0.6255335721646132,0.019276278921643703,0.0026590396239004974,0.0034003848591427476,-0.0008196196795593225
-0.06220842475306326,-0.3175154007725948,-0.38773682802484033,0.01865419467411307,-0.0005161143838254508,0.003586926805883878,-0.000824780823397577
0.11032834242172887,-0.3064645292810254,0.816704460862013,0.01975747809833036,-0.003580759676635705,0.0037845015868671816,-0.000860588420163934
-0.12986854710600446,-0.052916817200457794,0.851797857257832,0.018458792627270314,-0.004109927848640283,0.003969089513139885,-0.0009016876986503369
-0.030753719084336637,0.5388939808769054,0.5599193216600611,0.018151255436426948,0.0012790119601287708,0.004150602067504155,-0.0008888975790490492
0.07939053243317311,-0.43516849289131004,-0.7471954422493018,0.01894516076075868,-0.00307267296878433,0.004340053675111742,-0.0009196243087368925
-0.3354136020537424,-0.01189822012713819,0.32127957444712085,0.015591024740221258,-0.003191655170055712,0.0044959639225139545,-0.0009515408604374495
-0.17823214152120243,-0.27578457555858704,-0.3115754539804372,0.013808703325009233,-0.005949500925641582,0.004634050955764047,-0.0010110358696938653
-0.01691207377114521,-0.07587854125020221,-0.25616149895793106,0.01363958258729778,-0.006708286338143604,0.0047704467816370244,-0.0010781187330753013
0.2276775030961776,-0.03990831379922182,-0.785503622659769,0.015916357618259557,-0.007107369476135822,0.00492961035781962,-0.0011491924278366596
0.0024213710140840727,0.25261331533940645,0.4014569545463046,0.015940571328400398,-0.004581236322741758,0.005089016071103625,-0.0011950047910640773
-0.22602686668485544,-0.10422662942293433,-0.002577613534874484,0.013680302661551843,-0.005623502616971101,0.005225819097719143,-0.0012512398172337884
-0.07141486371850157,0.1661700770819867,0.36659449570751557,0.012966154024366827,-0.003961801846151233,0.005355480637962811,-0.0012908578356953008
0.34309944857264063,-0.08381740049793243,0.9396532501684918,0.016397148510093232,-0.004799975851130558,0.0055194521230637434,-0.0013388575942066064
0.14746793515233084,0.4093240660283513,1.8913243950284895,0.017871827861616542,-0.0007067351908470448,0.005698170401679909,-0.0013459249461150768
0.2654361705074846,0.20462535005673305,1.6987451987150695,0.02052618956669139,0.0013395183097202855,0.005903432297346823,-0.001332529763017874
0.39325450601675443,0.36348337547826354,1.2471424358311138,0.024458734626858932,0.004974352064502921,0.006148019643615412,-0.0012827862423728448
0.42911516248429094,0.22648920134840925,1.5399930524726038,0.028749886251701842,0.007239244077987013,0.0064355185061324306,-0.0012103938015929747
0.11218572198379492,-0.021473721694239747,-0.3834639891448529,0.029871743471539793,0.007024506861044616,0.006734235940847828,-0.0011401487329825285
-0.44159857401681546,-0.25933435462626075,-0.9060959880217893,0.02545575773137164,0.004431163314782008,0.006988793518161545,-0.0010958370998347085
-0.01563479439371331,-0.04056877233893341,-0.5951746014527796,0.025299409787434505,0.004025475591392674,0.00724178761603589,-0.0010555823439207818
-0.03190265741652552,-0.11436551397622648,-0.34676598933406527,0.02498038321326925,0.0028818204516304095,0.007491591448168583,-0.0010267641394044777
-0.11601688271903565,0.306837518809308,0.18285812673215882,0.023820214386078894,0.00595019563972349,0.007729793592029371,-0.0009672621830072428
0.30846369355928893,-0.051476183853391345,0.5354521752497458,0.026904851321671783,0.005435433801189576,0.007998842105246089,-0.000912907844995347
-0.11437883533672084,-0.21097088283256277,-0.29175458454578335,0.025761062968304577,0.0033257249728639486,0.008256452734929134,-0.0008796505952667075
0.30857202277573814,0.3954124169980621,1.0510766951551391,0.02884678319606196,0.00727984914284457,0.008544920566889753,-0.0008068521038382618
0.2330857393058366,0.030204041162249156,0.06332885867081796,0.031177640589120325,0.007581889554467061,0.008856696972780957,-0.0007310332082935912
0.1364656295507439,-0.37463971995471124,0.38782474914766163,0.032542296884627765,0.003835492354919949,0.009182119941627235,-0.0006926782847443918
0.12996777271088733,0.3350363927667353,-0.2458527118487528,0.03384197461173664,0.007185856282587302,0.009520539687744602,-0.0006208197219185188
-0.13483634363610286,0.17624434668448918,1.1021661403920355,0.03249361117537561,0.008948299749432193,0.00984547579949836,-0.0005313367244241968
-0.052779424774425904,0.07442509071439685,0.9449636954328544,0.03196581692763135,0.009692550656576161,0.010165133968774673,-0.00043441121785843523
-0.0042986233461814296,-0.0012566454449073115,-0.03114933461216062,0.031922830694169534,0.009679984202127088,0.010484362275716369,-0.00033761137583716437
0.17665253643103684,0.08212784256302738,-0.9860796105990388,0.033689356058479905,0.010501262627757363,0.010821255836301167,-0.00023259874955959076
0.013142707094041339,0.17711681959209583,-0.32461996742821353,0.03382078312942032,0.01227243082367832,0.011159463667595371,-0.00010987444132280755
0.4110486573923553,0.10198872608480963,0.018607565438193974,0.03793126970334387,0.013292318084526418,0.01153877636462881,2.3048739522456632e-05
0.17310817932109562,0.13677442864985118,0.18391136646054823,0.03966235149655483,0.01466006237102493,0.011935399879594358,0.00016964936323270592
0.10467321709327843,-0.1743989756074159,0.386483657541651,0.040709083667487614,0.01291607261495077,0.012342490716269234,0.0002988100893822136
-0.3455195169755398,-0.1975404789262532,-0.785744844870802,0.037253888497732215,0.010940667825688238,0.012715029601246557,0.000408216767639096
0.7861730247929808,-0.11678084170034335,0.3402861007429932,0.04511561874566202,0.009772859408684805,0.013166185788703178,0.0005059453617259441
0.3065644097445335,0.40839017410495154,0.5034363607750366,0.04818126284310736,0.01385676114973432,0.013647998417134252,0.0006445129732232873
-0.3160109867794614,-0.2448532585279927,-0.2779236390052332,0.04502115297531274,0.011408228564454394,0.01409820994688738,0.0007585952588678313
-0.20524964166616316,-0.12550964958620586,-0.44739795635016355,0.04296865655865111,0.010153132068592335,0.014527896512473892,0.0008601265795537546
0.5139641848631724,0.8363097804099794,2.4467420034270546,0.04810829840728284,0.01851622987269213,0.01500897949654672,0.001045288878280676
-0.5382905567191882,0.5894902843117114,3.9526995081497227,0.042725392840090956,0.024411132715809244,0.01543623342494763,0.0012894002054387684
0.8037853506158237,1.183471633074968,4.280880937944489,0.050763246346249194,0.03624584904655892,0.01594386588841012,0.0016518586959043575
0.29842311615790035,-0.4870479489743191,-2.870231582937484,0.0537474775078282,0.03137536955681573,0.016481340663488404,0.001965612391472515
-0.42348135027988104,-1.0540578643966125,-3.4686250363043873,0.04951266400502939,0.020834790912849607,0.016976467303538696,0.002173960300601011
-0.15419246442652018,-0.22833447243811708,-1.6124088974594946,0.04797073936076419,0.018551446188468435,0.01745617469714634,0.0023594747624856955
0.2558223912933242,-0.21416811582256814,-1.8225164172885935,0.05052896327369743,0.016409765030242753,0.01796146432988331,0.002523572412788123
-0.06013778785980012,0.04060355442386509,0.5721067000563365,0.04992758539509943,0.016815800574481402,0.018460740183834305,0.0026917304185329373
-0.0660469825435569,0.3463250291411917,-0.023897129445455467,0.04926711556966386,0.02027905086589332,0.018953411339530945,0.0028945209271918704
0.29819409867411306,0.10549963922740518,0.6602648352817886,0.05224905655640499,0.02133404725816737,0.019475901905094996,0.003107861399773544
-0.04734588905763334,-0.2969064943989014,0.043155536763439584,0.051775597665828656,0.01836498231417836,0.019993657881753283,0.0032915112229153277
-0.1364126974500954,0.046729624072144635,0.5113167229875955,0.0504114706913277,0.018832278554899804,0.02049777258866656,0.003479834008464326
-0.22166106754851606,-0.31054687954882126,-0.2612269356986029,0.04819486001584254,0.01572680975941159,0.020979721188824987,0.0036371021060584417
-0.24875262390160988,-0.24727365739882512,-0.03850591998486149,0.04570733377682644,0.01325407318542334,0.02143679452659325,0.003769642837912675
0.321090838114107,0.34214817597875946,0.31011465479197375,0.04891824215796751,0.016675554945210933,0.021925976948172925,0.003936398387364784
-0.19260007472330815,-0.1671637340784619,-0.7772256162692913,0.04699224141073443,0.015003917604426313,0.02239589936228027,0.004086437563409047
0.09952764451068895,0.1107979078777447,-0.39298695068906697,0.04798751785584132,0.01611189668320376,0.02287577454083868,0.004247556530241084
-0.4225838338749066,0.1744597325149615,1.2818809189500582,0.043761679517092256,0.017856494008353378,0.023313391336009605,0.004426121470324618
0.6488916172763868,0.38999716863306627,2.426155554732464,0.050250595689856126,0.021756465694684042,0.023815897292908166,0.004643686127271458
0.3116581212086366,0.21822925501133747,1.4019982940809037,0.053367176901942495,0.023938758244797416,0.02434956906192759,0.0048830737097194325
0.2817641144763562,-0.10562045006839096,-2.2835338603526054,0.05618481804670606,0.022882553744113507,0.02491141724239465,0.005111899247160568
-0.8792200657754178,-0.8055551076773023,-3.5147911050981615,0.04739261738895188,0.014827002667340484,0.02538534341628417,0.005260169273833972
0.48858180832544446,0.0012856595341115256,-0.34471140808129996,0.05227843547220633,0.014839859262681599,0.025908127771006234,0.005408567866460788
0.8762854524362249,-0.23443668592404063,-1.5452402121707176,0.061041289996568576,0.012495492403441192,0.02651854067097192,0.0055335227904952
0.07123296188918897,0.5880068482851606,1.890659916896193,0.06175361961546046,0.0183755608862928,0.027136076867126525,0.005717278399358127
0.04159170020001526,0.15503418343126577,0.13957774379174545,0.062169536617460615,0.019925902720605456,0.027757772233301132,0.005916537426564182
0.34588192301225307,0.5246368263304798,1.1545971784877103,0.06562835584758314,0.025172270983910255,0.028414055791776964,0.0061682601364032846
0.08257892231949339,-0.008922287242420108,0.6480104696573135,0.06645414507077807,0.025083048111486053,0.029078597242484745,0.006419090617518145
0.036434580859205014,-0.05614122371300835,-0.2580805852476988,0.06681849087937013,0.02452163587435597,0.029746782151278447,0.006664306976261704
-0.6586510549933928,-0.2692669808443122,0.14579735270911817,0.0602319803294362,0.021828966065912846,0.03034910195457281,0.006882596636920832
0.12320309148711378,0.6023421157178303,0.5907598491339292,0.06146401124430734,0.02785238722309115,0.03096374206701588,0.007161120509151744
-0.4970023173600672,0.07003695173522544,0.05384356884400826,0.056493988070706665,0.028552756740443403,0.031528681947722945,0.007446648076556178
-0.19890429008303961,0.370151846078706,0.2679760287509286,0.054504945169876265,0.03225427520123046,0.032073731399421705,0.0077691908285684825
-0.06824372099476617,-0.24509471222449078,0.20467582089863431,0.0538225079599286,0.029803328078985555,0.032611956479020994,0.008067224109358338
-0.3520316780619822,-0.16246431892625318,-0.3552992912948492,0.05030219117930878,0.028178684889723023,0.03311497839081408,0.008349010958255567
0.2941703895965209,0.11196612470234225,0.32533378098713767,0.05324389507527399,0.029298346136746447,0.033647417341566815,0.008641994419623033
-0.2568642634224766,-0.18037879070469215,-1.0167278244939033,0.05067525244104922,0.027494558229699526,0.03415416986597731,0.008916940001920028
0.0732176106051423,-0.5014984531018846,0.0938593367848031,0.05140742854710065,0.02247957369868068,0.03466824415144831,0.009141735738906835
0.19374913895487908,0.14463130675162889,0.3594437768794085,0.053344919936649436,0.023925886766196967,0.03520169335081481,0.009380994606568804
0.01481457767312123,0.06173032488850231,-0.24426408751061252,0.053493065713380646,0.02454319001508199,0.035736624007948616,0.009626426506719623
-0.24245955453714813,-0.3164446985463035,-0.09817705302827356,0.05106847016800917,0.021378743029618955,0.03624730870962871,0.009840213937015813
0.21286452802026398,-0.08061410342613873,-0.47043126862604623,0.053197115448211804,0.020572601995357567,0.03677927986411083,0.010045939956969388
-0.1100766725717861,-0.20124262119526973,-0.03465116299699314,0.05209634872249394,0.01856017578340487,0.03730024335133577,0.010231541714803437
0.09960398686210424,-0.3204859227593194,-0.9624717262746311,0.05309238859111498,0.015355316555811675,0.03783116723724692,0.010385094880361554
-0.13204388242301063,-0.21055772374505233,-0.7734739319235209,0.05177194976688487,0.013249739318361152,0.03834888673491577,0.010517592273545165
0.06878291852304876,0.08287137926250095,0.19546331426248645,0.05245977895211536,0.01407845311098616,0.038873484524436924,0.010658376804655027
-0.19073709524669263,0.1438252253111772,-0.34253721523778047,0.050552407999648434,0.015516705364097933,0.039379008604433406,0.010813543858296007
-0.24209950192404064,-0.052089589233722464,0.887605012469551,0.04813141298040803,0.014995809471760707,0.03986032273423749,0.010963501953013615
0.15333606539113454,0.18932957764809646,0.660033441931671,0.04966477363431938,0.016889105248241672,0.04035697047058068,0.011132393005496032
-0.0962097301440757,0.22324889710792709,1.5103148607765629,0.04870267633287862,0.019121594219320942,0.04084399723390946,0.01132360894768924
-0.013787575069687964,-0.046040503755733604,0.5888977896176398,0.04856480058218174,0.018661189181763606,0.04132964523973128,0.011510220839506877
0.23031036853907075,0.3651102182462501,1.5090705121506383,0.05086790426757245,0.022312291364226106,0.041838324282407004,0.011733343753149139
-0.12811290630337993,0.09606682183212022,0.6391513533988263,0.04958677520453865,0.02327295958254731,0.04233419203445239,0.011966073348974612
0.0025161520501716566,0.039171391530754524,0.32616014940706595,0.04961193672504036,0.023664673497854855,0.0428303114017028,0.01220272008395316
0.11945393493870453,-0.13549244713865874,0.08039173729140268,0.05080647607442741,0.02230974902646827,0.043338376162447075,0.012425817574217844
-0.1930764586525063,0.03991808169631492,-0.1530497519647199,0.048875711487902346,0.022708929843431418,0.0438271332773261,0.012652906872652157
0.14113433250336463,0.1988019772635691,0.2921905820491646,0.050287054812935994,0.02469694961606711,0.044330003825455454,0.012899876368812829
0.22126801628149842,0.08357439583685052,-0.2719527268270082,0.05249973497575098,0.025532693574435616,0.04485500117521296,0.013155203304557184
0.15003462805230794,0.0007056903451285326,-0.3667333406181126,0.054000081256274056,0.0255397504778869,0.0453950019877757,0.013410600809336053
0.09760774353563748,0.14207083285523764,-0.37186067908458087,0.05497615869163043,0.026960458806439276,0.045944763574692,0.013680205397400445
-0.47456227541606777,0.2420352998667582,0.29844406799713274,0.050230535937469754,0.02938081180510686,0.0464470689340667,0.013974013515451513
-0.1005091796840162,-0.23746823693037314,-0.33747537938213157,0.04922544414062959,0.027006129435803126,0.046939323375473,0.014244074809809545
0.24476043302369724,0.2945838398652323,-0.16140598489063804,0.05167304847086657,0.02995196783445545,0.04745605386018167,0.014543594488154099
-0.04381972658567179,-0.0032168326670023854,-0.5337659803739677,0.05123485120500985,0.029919799507785425,0.047968402372231767,0.014842792483231953
-0.3926013793574732,1.0921053030955674,-0.5734340356116261,0.047308837411435115,0.0408408525387411,0.04844149074634612,0.015251201008619365
-0.09140470558010226,0.20425766261033032,0.7545615260149846,0.04639479035563409,0.0428834291648444,0.04890543864990246,0.01568003530026781
0.06332025272309454,1.4093468392396122,-0.38502027251099347,0.047027992882865036,0.05697689755724052,0.04937571857873111,0.016249804275840215
0.009293879005233837,-0.9485524619826353,0.26821802258017935,0.04712093167291737,0.04749137293741417,0.04984692789546028,0.016724718005214356
0.0872000529153582,-0.5362859148368354,0.3231523959440309,0.04799293220207095,0.042128513789045814,0.050326857217480994,0.017146003143104813
0.010346761037735568,0.22171533580480657,-0.08829996178847949,0.04809639981244831,0.04434566714709388,0.050807821215605474,0.017589459814575752
0.16683221954387734,0.14558407939525447,1.0163265037764873,0.049764722007887084,0.04580150794104642,0.05130546843568434,0.018047474893986216
0.20422204507222097,-0.1381190505109026,-0.05838403392092755,0.05180694245860929,0.04442031743593739,0.051823537860270434,0.01849167806834559
-0.043259074769085235,0.2901697834861982,0.8374635402913259,0.05137435171091844,0.04732201527079937,0.05233728137737962,0.018964898221053586
-0.2770801619072557,-0.17504577590649273,0.042840107609553424,0.04860355009184589,0.045571557511734445,0.05282331687829808,0.01942061379617093
0.16287380133070878,0.013327239770626375,-0.3199850374274506,0.05023228810515298,0.045704829909440706,0.05332563975934961,0.019877662095265338
-0.18047696554500653,-0.41916398376488906,0.32176793700148115,0.04842751844970291,0.041513190071791814,0.05380991494384664,0.020292793995983258
0.0070109059374074845,0.061360941078324543,0.2291677081405664,0.04849762750907698,0.04212679948257506,0.05429489121893741,0.020714061990809007
0.4246568325659266,-0.501731771908629,-0.2940565119067362,0.052744195834736246,0.03710948176348877,0.05482233317728477,0.021085156808443896
-0.39180450230551617,0.5090397477739834,0.8428663344990012,0.04882615081168108,0.0421998792412286,0.05531059468540158,0.02150715560085618
0.011684431204821847,-0.1320480092047303,-0.7125605282399939,0.0489429951237293,0.040879399149181296,0.05580002463663887,0.021915949592347994
0.032244757332845035,-0.1798190869616541,-1.2401984954208896,0.04926544269705775,0.03908120827956475,0.05629267906360945,0.02230676167514364
0.00865105403537039,-0.17223405594006258,-0.52696937449314,0.049351953237411456,0.03735886772016413,0.056786198595983564,0.02268035035234528
-0.1892002446966049,-0.034583726986068535,-0.04914249529881618,0.047459950790445404,0.03701303045030344,0.05726079810388802,0.023050480656848314
0.09036269587560844,0.030790629519615448,0.7608214217775549,0.04836357774920149,0.0373209367454996,0.057744433881380036,0.02342369002430331
0.12868741284211493,0.17418256844690624,0.3017139395711009,0.04965045187762264,0.03906276242996866,0.05824093840015626,0.023814317648602996
0.21552436540791944,0.3491630080532234,0.7570049549979707,0.051805695531701834,0.042554392510500895,0.05875899535547328,0.024239861573708006
-0.10926375064609753,-0.35554304532283515,-0.9180559328451671,0.050713058025240856,0.038998962057272546,0.05926612593572569,0.02462985119428073
0.06487225450534827,-8.994972506297425e-05,0.1729220264376608,0.05136178057029434,0.03899806256002192,0.05977974374142863,0.02501983181988095
-0.18325863965502406,-0.08801814212301826,0.12256877197515824,0.0495291941737441,0.038117881138791734,0.06027503568316607,0.02540101063126887
0.053804358962508576,0.24005806048017095,0.7607397175767469,0.05006723776336919,0.04051846174359344,0.06077570806079976,0.025806195248704804
0.09680628582296483,0.025035064621469417,0.03448588328362003,0.051035300621598834,0.04076881238980814,0.06128606106701575,0.026213883372602886
-0.05455972266715496,-0.027023861485191137,-0.05683573949504825,0.05048970339492728,0.04049857377495623,0.06179095810096502,0.02661886911035245
0.3021530492440376,0.22264468714378574,0.5049892023650271,0.05351123388736766,0.04272502064639409,0.0623260704398387,0.02704611931681639
-0.30745104664365613,0.8981894457002824,0.3283864055450075,0.0504367234209311,0.05170691510339691,0.06283043767404801,0.027563188467850358
0.3055432418189975,-0.5889250990406959,0.47244682126179915,0.05349215583912107,0.04581766411298995,0.06336535923243923,0.02802136510898026
-0.1873865578666667,0.26171165956462955,-0.1945897709469444,0.051618290260454405,0.048434780708636244,0.06388154213504378,0.02850571291606662
0.07087671472965591,0.12224092412249943,0.847015287382194,0.05232705740775096,0.049657189949861236,0.0644048127091213,0.029002284815565233
-0.09254912545955599,0.3163020491152514,-0.05688903020077694,0.0514015661531554,0.05282021044101375,0.06491882837065285,0.029530486919975372
-0.2337795135208973,-0.23409618515956362,-0.08165007941112319,0.04906377101794643,0.050479248589418116,0.06540946608083231,0.03003527940586955
-0.09759971602642864,0.3718469579181811,0.4443563841884804,0.04808777385768214,0.054197718168599925,0.06589034381940913,0.03057725658755555
-0.03457896675962464,-0.043336212784496855,-0.15287012761742527,0.04774198419008589,0.053764356040754954,0.06636776366130999,0.0311149001479631
-0.08918052264274053,0.07584108970119782,-0.04783092018322981,0.046850178963658486,0.054522766937766934,0.06683626545094658,0.03166012781734077
-0.06727697189275962,0.013762271542961769,-0.30887727135435883,0.04617740924473089,0.05466038965319655,0.06729803954339389,0.032206731713872734
-0.26389254139302665,0.2701490751013657,0.8508353921323265,0.043538483830800626,0.057361880404210204,0.06773342438170189,0.032780350517914836
0.2133507168842298,-0.09075123897813385,-0.28890945949199565,0.04567199099964293,0.056454368014428866,0.06819014429169833,0.033344894198059125
0.12319576649741362,0.1747941985071793,-1.0082075874053245,0.046903948664617064,0.05820230999950066,0.0686591837783445,0.03392691729805413
-0.0638046576057374,-0.1669350360087282,0.24576927151891412,0.04626590208855969,0.05653295963941338,0.0691218427992301,0.03449224689444826
-0.0144818663766232,0.4033979029216144,0.1073961641900064,0.04612108342479346,0.06056693866862952,0.06958305363347804,0.03509791628113456
-0.16946194678556498,-0.44307608126393533,-0.6521576463112527,0.044426463956937806,0.05613617785599017,0.07002731827304742,0.03565927805969446
-0.0946974948133364,0.0826033507952697,-1.0545066018312041,0.04347948900880444,0.05696221136394287,0.07046211316313547,0.03622890017333389
0.06959837063871215,-0.1715934776353399,-0.19283179255982233,0.04417547271519156,0.05524627658758947,0.07090386789028738,0.036781362939209784
0.15459041275361257,0.02723264288041503,-0.18146221582677824,0.04572137684272769,0.055518603016393615,0.07136108165871466,0.03733654896937372
-0.08857954569912263,-0.2227990783311513,0.23781881766066976,0.04483558138573646,0.0532906122330821,0.07180943747257203,0.037869455091704536
0.20224405859171438,0.5031271113140765,-0.4538980945480737,0.046858021971653604,0.05832188334622287,0.07227801769228856,0.03845267392516676
-0.29334030515895326,-0.5862217244408637,-0.004545090455603865,0.04392461892006407,0.05245966610181423,0.0727172638814892,0.03897727058618491
-0.1960160895916991,0.4070237698324254,0.7199651594200355,0.04196445802414708,0.05652990380013849,0.07313690846173068,0.03954256962418629
-0.1696769196214542,0.0638326286345922,0.9663546524237752,0.04026768882793254,0.05716823008648441,0.07353958535001001,0.040114251925051136
0.0440716225376974,-0.12486949896134893,-0.6575260909469435,0.04070840505330951,0.05591953509687092,0.0739466694005431,0.04067344727601985
0.1629812536538949,-0.30483107631696044,-0.6498469524102838,0.04233821758984846,0.05287122433370132,0.0743700515764416,0.04120215951935686
0.19365741209137102,0.0952210313629053,0.1057349120346692,0.04427479171076217,0.05382343464733037,0.07481279949354921,0.041740393865830165
-0.016720939751155885,0.09247073699195849,1.1162871342304426,0.04410758231325061,0.05474814201724996,0.07525387531668172,0.04228787528600266
-0.05500803285255209,-0.1926463683471733,0.5823897222948353,0.04355750198472509,0.052821678333778224,0.07568945033652898,0.04281609206934044
0.2428398740796216,0.03463712839807734,0.5936409878231792,0.045985900725521306,0.053168049617759,0.0761493093437842,0.043347772565518035
-0.1896926340213932,-0.06358087528239875,-0.3608816763532153,0.04408897438530737,0.05253224086493501,0.07659019908763727,0.04387309497416739
0.11364392489826812,-0.18445307367409783,-0.5268458808851446,0.04522541363429006,0.050687710128194036,0.07704245322398016,0.044379972075449324
-0.24647557734023046,0.008423938560585934,-0.8816628227208051,0.04276065786088775,0.050771949513799895,0.07747005980258904,0.04488769157058732
-0.318415759484123,0.17660735238220795,-0.16449944420245682,0.03957650026604652,0.05253802303762198,0.0778658248052495,0.04541307180096354
0.12995805032132446,0.010091988134096256,0.35607799495524584,0.04087608076925976,0.05263894291896294,0.07827458561294211,0.04593946123015317
0.2881537114855879,0.1996675097942779,0.15677800754088708,0.04375761788411564,0.054635618016905724,0.07871216179178327,0.046485817410322226
-0.12552282200643936,0.28594149509068434,-0.8520943946136862,0.042502389664051246,0.05749503296781257,0.07913718568842378,0.04706076774000035
-0.4686450439397574,-0.14992536554866867,-1.015741252579659,0.03781593922465367,0.05599577931232588,0.0795153450806703,0.04762072553312361
0.5687682528451666,-0.1459908531446098,-0.008340638605446028,0.043503621753105334,0.054535870780879785,0.07995038129820135,0.04816608424093241
-0.3019583403706722,0.17424092371966127,-1.3247115193378798,0.040484038349398614,0.056278280018076395,0.08035522168169534,0.04872886704111318
-0.013117019696223396,0.10487396451923398,0.6495196089447168,0.04035286815243638,0.05732701966326873,0.08075875036321971,0.04930213723774587
-0.11734697308296332,-0.32529622602932784,-0.53796296738854,0.03917939842160675,0.05407405740297545,0.08115054434743578,0.04984287781177562
0.7440929352652476,0.2567341155225147,0.6106480120514541,0.04662032777425922,0.0566413985582006,0.08161674762517837,0.050409291797357626
-0.20824879846482033,0.3600039533313191,0.38601721492625357,0.04453783978961102,0.06024143809151379,0.08206212602307449,0.05101170617827276
0.12190255230652326,0.4225841516619821,0.552777981881317,0.045756865312676254,0.06446727960813362,0.08251969467620125,0.0516563789743541
-0.4055358923474785,-0.46713520612851156,-0.33193023178161246,0.04170150638920147,0.059795927546848496,0.08293670974009326,0.052254338249822584
-0.1338429276476997,-0.43845851686018167,0.3856113449392234,0.04036307711272447,0.05541134237824668,0.08334034051122051,0.05280845167360505
-0.269189696879408,-0.11710865143865112,0.5698124386326712,0.037671180143930394,0.054240255863860165,0.08371705231265981,0.05335085423224366
0.2773804520791638,0.045494312949843574,-0.49647042505848715,0.04044498466472203,0.054695198993358604,0.08412150215930704,0.05389780622217724
0.19156147808358895,0.13151151088072022,-0.7300330356451972,0.04236059944555792,0.05601031410216581,0.08454510815376262,0.0544579093631989
0.14083492310075532,0.11107083043820859,-0.9402598679882189,0.04376894867656548,0.05712102240654789,0.08498279764052828,0.05502911958726438
-0.4816481017500878,0.24338444860254824,0.5897109484121767,0.0389524676590646,0.059554866892573374,0.08537232231711893,0.05562466825619011
0.024398258991500724,0.10571334098677042,0.011179443280568309,0.03919645024897961,0.06061200030244108,0.08576428681960872,0.05623078825921452
-0.06461228706785688,-0.23096039032626844,-0.4196848226414577,0.03855032737830104,0.05830239639917839,0.08614979009339173,0.056813812223206306
0.5258896341650722,0.2346929188489814,0.16078556766601174,0.04380922371995176,0.0606493255876682,0.08658788233059124,0.057420305479082986
0.07352596838648051,-0.1415926125464561,-0.2999728700787053,0.044544483403816566,0.05923339946220364,0.0870333271646294,0.058012639473705024
-0.3854053133042192,-0.6942519980473336,-2.61618197746865,0.040690430270774375,0.05229087948173031,0.08744023146733715,0.05853554826852233
0.12523891224853895,-0.5607860392527964,-3.132950339437064,0.041942819393259764,0.046683019089202346,0.08785965966126974,0.059002378459414355
0.08032312097975128,0.06700310800592048,1.033086043124926,0.04274605060305728,0.04735305016926155,0.08828712016730031,0.05947590896110697
-0.4527137141282064,0.11266624441852445,1.43092612593869,0.038218913461775215,0.048479712613446795,0.08866930930191806,0.05996070608724144
0.41979108344255744,0.356908816796643,1.438164693201984,0.04241682429620079,0.052048800781413225,0.08909347754488008,0.06048119409505557
-0.1234711609398337,0.14549113110197603,0.9419800894330056,0.041182112686802455,0.05350371209243299,0.0895052986717481,0.0610162312159799
-0.24272390376122685,0.05462183690498204,0.24691203570904188,0.03875487364919018,0.054049930461482806,0.08989284740824,0.061556730520594724
-0.5938206408818494,-0.16964046825714507,0.052518810421789706,0.03281666724037169,0.05235352577891136,0.09022101408064372,0.06208026577838384
-0.08619795503764402,-0.02072449954424356,0.4418903533713601,0.03195468768999525,0.05214628078346892,0.09054056095754368,0.06260172858621853
0.007644593511985964,-0.1770611535703365,-0.5701332837568931,0.03203113362511511,0.050375669247765556,0.09086087229379483,0.06310548527869618
-0.1334234436834058,-0.21072139772689408,0.17453402662076797,0.03069689918828105,0.04826845527049661,0.09116784128567765,0.06358816983140114
0.12888622954769208,-0.07914509008059818,-0.23099111286195118,0.03198576148375797,0.04747700436969063,0.09148769890051522,0.06406293987509805
0.010719855793209722,-0.32793561792678727,-0.5282992303808332,0.03209296004169007,0.04419764819042275,0.09180862850093212,0.06450491635700227
-0.14110269706556805,-0.04609988127309075,-0.058975792120363316,0.03068193307103439,0.043736649377691846,0.09211544783164247,0.06494228285077919
0.38483395243164725,0.14858753632056154,-0.7217365762143587,0.03453027259535087,0.04522252474089746,0.09246075055759598,0.06539450809818816
-0.12942259843125048,0.2601444927926756,-0.7539225773679396,0.033236046611038364,0.04782396966882422,0.09279311102370637,0.0658727477948764
0.1466524519326772,0.32993051425906766,0.48573331537944653,0.03470257113036514,0.0511232748114149,0.09314013673501002,0.06638398054299055
0.029520410269443794,-0.169298463734371,-1.9052990939285566,0.03499777523305957,0.04943029017407119,0.09349011448734063,0.06687828344473126
-1.025470526603983,-0.8036260244454413,-2.526045895240833,0.02474306996701974,0.04139402992961678,0.09373754518701083,0.06729222374402744
0.4655595630885482,0.09007852790673683,0.4863439094375834,0.029398665597905223,0.042294815208684146,0.09403153184298989,0.06771517189611427
0.4930302304266118,0.11639885244782176,1.624919017749174,0.03432896790217134,0.04345880373316236,0.0943748215220116,0.0681497599334459
0.017778333345662603,-0.13547826132649732,-0.302718213531822,0.034506751235627964,0.04210402111989739,0.09471988903436787,0.06857080014464487
-0.03082089652539867,-0.36384739440042724,-0.3551186644420221,0.03419854227037398,0.038465547175893115,0.09506187445707161,0.0689554556164038
-0.634578240186038,0.3425031269393149,1.1235086588997028,0.0278527598685136,0.041890578445286264,0.09534040205575674,0.06937436140085666
0.4130779570825971,-0.11248818479334709,-0.9945178348395206,0.03198353943933957,0.040765696597352796,0.09566023745015013,0.06978201836683019
0.0055312962998092545,-0.053809422763897184,-0.5425870827711603,0.03203885240233766,0.04022760236971382,0.0959806259741735,0.07018429439052733
0.10009601011685361,-0.02664516442255286,-1.2223806224675056,0.0330398125035062,0.039961150725488295,0.09631102409920857,0.07058390589778221
0.2520471241414206,0.287613192803357,0.39822601799026547,0.0355602837449204,0.042837282653521866,0.09666662693665777,0.07101227872431744
-0.14742866727385368,-0.0758183358881819,0.654011343352286,0.034085997072181864,0.04207909929464005,0.09700748690737959,0.07143306971726383
0.287415524074281,0.5755979987116503,0.619343278470925,0.036960152312924675,0.04783507928175655,0.09737708843050884,0.0719114205100814
-0.42771195831528197,-0.6980470724594797,0.7325419346515918,0.032683032729771855,0.040854608557161755,0.09770391875780655,0.07231996659565301
0.24755402115828185,1.1375032151852904,0.09237800685728313,0.035158572941354674,0.05222964070901466,0.0980555044872201,0.07284226300274316
0.545415290843183,0.49823449312837415,-0.5487724892623479,0.04061272584978651,0.057211985640298404,0.09846163174571797,0.07341438285914614
0.13640223961864653,-0.03672166334374002,0.5475930077209447,0.04197674824597297,0.056844769006861,0.0988813992281777,0.07398283054921476
-0.31587384450128947,-0.3503915031667354,-1.0130863427818417,0.03881800980096008,0.05334085397519365,0.0992695793261873,0.0745162390889667
0.12176680492268252,0.3905399093365071,0.152335203298879,0.0400356778501869,0.05724625306855872,0.09966993610468916,0.07508870161965228
0.04726677156035707,-0.2288098084021058,-0.5177980818403594,0.04050834556579047,0.05495815498453766,0.10007501956034706,0.07563828316949765
-0.24560590139913027,-0.3405273583647212,-0.1911589649348898,0.038052286551799167,0.05155288140089045,0.10045554242586505,0.07615381198350656
-0.2434160548743725,-0.1170683891177539,-0.5478793668941481,0.035618126003055445,0.05038219750971291,0.1008117236858956,0.07665763395860369
0.261358254352758,0.2503531749930266,0.46033731529399646,0.038231708546583025,0.052885729259643174,0.10119404077136143,0.07718649125120011
0.5484452047029527,0.13335109357698935,0.8020151648217293,0.04371616059361255,0.05421924019541307,0.10163120237729756,0.07772868365315425
-0.8437282464056153,-0.44202749636731525,-1.1120775396201728,0.0352788781295564,0.04979896523173992,0.10198399115859312,0.07822667330547164
0.7977332558267796,0.43017798630911724,1.5125008025542397,0.0432562106878242,0.05410074509483109,0.10241655326547136,0.07876768075641996
0.4640925350149997,0.19355795636481266,0.659411969851103,0.04789713603797419,0.05603632465847922,0.10289552462585111,0.07932804400300475
-0.21553037536876482,-0.04613279766890978,-0.4338053080492564,0.04574183228428654,0.055574996681790126,0.10335294294869397,0.07988379396982265
0.18387528731529715,-0.06185028754760054,1.0015135167374998,0.047580585157439514,0.05495649380631412,0.10382874880026836,0.08043335890788579
-0.044921051886656,-0.016910606619852015,-0.2491844540445246,0.047131374638572955,0.0547873877401156,0.1043000625466541,0.08098123278528695
0.04444026463733883,-0.1727195916202335,-0.1292167919891355,0.047575777284946344,0.053060191823913264,0.10477582031950355,0.08151183470352608
-0.24227688439142447,-0.02062700348870072,0.018848616577279254,0.0451530084410321,0.05285392178902626,0.10522735040391387,0.08204037392141633
-0.05669869143804075,0.21063083491825743,0.3739329498465263,0.04458602152665169,0.05496023013820883,0.10567321061918039,0.08258997622279841
-0.3596950863537347,-0.1598963370051423,1.280078711885131,0.040989070663114344,0.05336126676815741,0.10608310132581153,0.08312358889048
-0.18216129686109714,-0.11466095283485163,-0.29223571302980056,0.039167457694503374,0.05221465723980889,0.10647477590275656,0.08364573546287808
0.15900758012982377,-0.16748561132878617,-1.3574997104906992,0.040757533495801614,0.05053980112652103,0.10688235123771457,0.0841511334741433
-0.11247349581432824,-0.23618067768416878,-1.5107404186802167,0.03963279853765833,0.04817799434967934,0.10727867922309116,0.0846329134176401
0.25677850283067066,-0.49040619176977196,-1.1874052070955663,0.04220058356596504,0.043273932431981625,0.10770068505875081,0.08506565274195992
0.14775512786462194,0.36400758597952243,1.3901454462774407,0.043678134844611256,0.046914008291776846,0.10813746640719693,0.08553479282487768
-0.09322677972063784,-0.4352365645720913,-0.28808551000546245,0.04274586704740488,0.042561642646055935,0.10856492507767097,0.08596040925133824
-0.29217938461268034,0.03063154337633323,0.1666995009230496,0.03982407320127807,0.04286795807981927,0.10896316580968375,0.08638908883213643
0.05625222146041046,0.14467123948986035,-0.11340960418414547,0.04038659541588217,0.04431467047471787,0.10936703176384258,0.08683223553688361
-0.08326663963060961,-0.2119190676376288,0.3888574494757309,0.03955392901957608,0.04219547979834158,0.10976257105403833,0.08725419033486703
-0.07346022503077745,0.16252989994305334,0.28568789930559324,0.0388193267692683,0.04382077879777212,0.11015076432173102,0.08769239812284475
-0.12058411249243918,-0.04904695025302512,0.15246159316688776,0.037613485644343914,0.04333030929524186,0.11052689917817446,0.08812570121579717
-0.05689151344765394,-0.4230275318170749,0.2655270967542845,0.037044570509867376,0.03910003397707111,0.11089734488327313,0.08851670155556789
0.36372939739388116,-0.43959372816406506,-0.06281630348070512,0.04068186448380619,0.03470409669543046,0.11130416352811119,0.08886374252252219
-0.38916197069950414,0.9139534001551538,0.28803711789108155,0.03679024477681114,0.043843630696981994,0.11167206597587931,0.08930217882949201
0.13259411229736784,1.0572216941415733,-1.0928392407447618,0.03811618589978482,0.05441584763839773,0.11205322783487716,0.08984633730587599
-0.08067988585323874,-0.6665259226860761,0.09490645859757418,0.03730938704125243,0.04775058841153697,0.11242632170528968,0.09032384318999136
0.19839811599615476,-0.5353946353800565,0.09799639119542229,0.03929336820121398,0.042396642057736404,0.11281925538730182,0.09074780961056872
0.07879356072645151,0.04319363931895932,0.2317931325519496,0.04008130380847849,0.042828578450926,0.11322006842538661,0.09117609539507798
0.21799445529576564,0.029318273691432032,-0.6185541154956581,0.042261248361436146,0.043121761187840314,0.11364268090900097,0.09160731300695639
0.0884434995255665,0.14091701119658195,-0.30351569591528194,0.04314568335669181,0.044530931299806134,0.11407413774256789,0.09205262231995445
0.06087875338381018,0.10354952252030213,0.6845734889172508,0.04375447089052992,0.045566426525009154,0.11451168245147318,0.09250828658520455
0.2725000924545358,0.2812563991389029,-0.2712400937362934,0.04647947181507527,0.048378990516398185,0.11497647716962393,0.09299207649036853
-0.09979103520549328,0.06331824819055466,1.4400749339954542,0.04548156146302034,0.04901217299830373,0.11543129278425414,0.09348219822035157
0.17810445035794614,-0.24085949302253762,-1.353721635605524,0.0472626059665998,0.046603578068078355,0.11590391884392014,0.09394823400103236
-0.5121852229586022,0.42840066841791413,1.4769723199541018,0.04214075373701378,0.0508875847522575,0.11632532638129027,0.09445710984855493
0.4215733337088274,-0.692647950317113,-1.0751449654781104,0.04635648707410205,0.04396110524908637,0.11678889125203129,0.0948967209010458
-0.1832932906964523,-0.0343171215263905,0.5560710965101405,0.04452355416713753,0.04361793403382246,0.11723412679370267,0.09533290024138402
-0.2699654040770886,-0.024803884764354946,-0.026003509608728066,0.04182390012636665,0.04336989518617891,0.11765236579496634,0.09576659919324582
-0.1360967407246815,-0.19045301783828492,-0.20827786543080654,0.04046293271911983,0.04146536500779606,0.11805699512215753,0.09618125284332378
-0.1445625386525063,0.2878047957758144,0.5112691984831311,0.03901730733259477,0.044343412965554205,0.11844716819548348,0.09662468697297932
-0.253400919047715,-0.22737373956560622,0.07785819406717172,0.03648329814211762,0.04206967556989814,0.11881200117690466,0.09704538372867831
0.3090622599436637,-0.13823097104191656,0.1245655045913186,0.03957392074155426,0.04068736585947898,0.11920774038432021,0.0974522573872731
-0.3166282418767377,0.19578446372729078,1.0232830009154197,0.03640763832278689,0.042645210496751886,0.11957181676754808,0.09787870949224062
0.20137547248657972,-0.28498250399377434,-0.47013506293443175,0.038421393047652685,0.039795385456814145,0.1199560306980246,0.09827666334680876
0.13162950817438007,0.2238582302581521,-0.16487802402697702,0.03973768812939649,0.04203396775939566,0.12035340757931856,0.09869700302440272
0.20132903183654535,-0.3512953923007859,-0.8773288609110844,0.04175097844776194,0.038521013836387806,0.12077091736379618,0.0990822131627666
-0.06422757018680096,0.382721783815793,0.6983528795939884,0.04110870274589393,0.04234823167454574,0.12118200439125512,0.09950569547951205
-0.022996784682871748,-0.2777919756470894,-0.12404190509205724,0.04087873489906521,0.03957031191807484,0.12159079174024577,0.09990139859869279
0.11494165156035707,-0.01697256816101323,0.2667250872753801,0.042028151414668785,0.03940058623646471,0.12201107325439246,0.10029540446105743
0.1366272064058595,-0.05872849369698637,-0.24830535120176989,0.04339442347872738,0.03881330129949485,0.12244501748917974,0.10068353747405238
-0.02514348159902342,-0.14644815298133823,0.5075794158631578,0.04314298866273714,0.03734881976968146,0.12287644737580711,0.10105702567174919
-0.03455811273047992,0.8037906746619059,1.3989058647896861,0.04279740753543235,0.04538672651630052,0.12330442145116143,0.10151089293691219
0.13923143703682,-0.4413349702118258,0.4690014023558721,0.04418972190580055,0.04097337681418226,0.12374631867021943,0.10192062670505402
0.043584754171175695,-0.24929199891404596,-0.6269407262532692,0.0446255694475123,0.0384804568250418,0.12419257436469455,0.10230543127330444
0.3727145147205006,-0.16093632284477,0.6850980218233315,0.04835271459471731,0.0368710935965941,0.12467610151064172,0.10267414220927037
-0.24370504444025334,0.04398773555455863,0.6495582460821246,0.045915664150314776,0.037310970952139685,0.12513525815214488,0.10304725191879177
0.14294336330522625,-0.07741658810760665,-0.33710529932109584,0.04734509778336704,0.03653680507106362,0.12560870912997854,0.1034126199695024
-0.08207900434564738,0.1134876565372396,-0.5108998317083682,0.046524307739910564,0.037671681636436014,0.12607395220737766,0.10378933678586677
0.056140572491157406,0.14334489596044858,-0.3842733723934994,0.04708571346482214,0.0391051305960405,0.1265448093420259,0.10418038809182717
-0.2931767950712139,-0.13460018790618755,0.34511071842819924,0.044153945514110005,0.03775912871697862,0.126986348797167,0.10455797937899695
-0.06734907333473718,-0.14108617737746243,0.23032300963137353,0.04348045478076263,0.03634826694320399,0.1274211533449746,0.10492146204842899
0.11427050401477075,-0.08034424819763489,-0.28367176765709934,0.044623159820910335,0.03554482446122764,0.12786738494318373,0.10527691029304127
-0.25626186885468843,-0.43031901175298704,0.5946744585731595,0.04206054113236345,0.031241634343697772,0.12828799035450736,0.10558932663647826
0.11253596966213474,0.09283376183059433,1.123563076526926,0.043185900828984804,0.03216997196200372,0.1287198493627972,0.1059110263560983
-0.11985976635678648,1.139616246219089,-0.7289070400947268,0.04198730316541694,0.04356613442419461,0.12913972239445137,0.10634668770034024
-0.1569383557883879,-0.5597565767304798,0.5828911353657141,0.04041791960753306,0.037968568656889815,0.1295439015905267,0.10672637338690914
-0.014110044492133985,0.20407293182525368,-0.6437829172779117,0.04027681916261172,0.040009297975142355,0.12994666978215283,0.10712646636666057
-0.10005869939714658,-0.21099017568065923,1.0349132709573823,0.039276232168640256,0.03789939621833576,0.13033943210383922,0.10750546032884392
-0.025456430807843156,0.24256846652274358,-0.641761305058488,0.039021667860561826,0.040325080883563194,0.13072964878244483,0.10790871113767955
-0.045845043768856356,0.20469960844080262,-0.7173602950333101,0.03856321742287326,0.04237207696797122,0.13111528095667357,0.10833243190735926
-0.43158228763549256,0.5585225887719234,-0.21800556300920007,0.03424739454651834,0.047957302855690456,0.13145775490213876,0.10881200493591617
0.37819437863443967,-0.03275716310417338,-0.30907338560170866,0.03802933833286273,0.047629731224648725,0.13183804828546739,0.10928830224816266
0.05693638841852444,-0.00506325824112308,-0.21717688810876484,0.038598702217047975,0.04757909864223749,0.13222403530763788,0.10976409323458504
-0.05531714909272909,-0.26320419046970334,0.09368016344536545,0.038045530726120685,0.04494705673754046,0.1326044906148991,0.11021356380196044
0.04974209409640649,-0.25774405545787754,-0.6803371855498285,0.03854295166708475,0.042369616182961686,0.13298992013156993,0.11063725996379006
-0.059135659165209443,0.0666555239058213,-0.2924848009614398,0.03795159507543265,0.043036171422019896,0.13336943608232427,0.11106762167801026
0.04584117759072251,0.02232695025204851,0.47571995157689834,0.03841000685133988,0.04325944092454038,0.13375353615083765,0.11150021608725567
-0.09104844885011065,-0.02391442728361947,0.020626735994384963,0.03749952236283877,0.04302029665170418,0.13412853137446604,0.11193041905377271
-0.0481688814983139,-0.15684069236945147,0.03661771488505473,0.037017833547855636,0.041451889728009665,0.1344987097099446,0.11234493795105281
0.20233474347154956,-0.11193302402734419,-0.6425174239201643,0.03904118098257113,0.04033255948773622,0.1348891215197703,0.11274826354593018
-0.36137132584713516,-0.2556397532804151,-1.6985989635920953,0.03542746772409978,0.03777616195493207,0.1352433961970113,0.1131260251654795
-0.009234513163836125,-0.10594014286155493,-0.23415959978344314,0.03533512259246142,0.036716760526316526,0.13559674742293593,0.11349319277074266
-0.25019730973971166,0.1410178120510872,-0.1523527258992587,0.0328331494950643,0.038126938646827396,0.13592507891788658,0.11387446215721093
0.21661922107893491,0.5535357871056382,2.0343373910519884,0.03499934170585365,0.04366229651788378,0.13627507233494512,0.11431108512238977
0.09509412241715116,0.02983865600927746,0.015339210781904169,0.03595028293002516,0.043960683077976556,0.13663457516424538,0.11475069195316953
0.38689170748772417,0.1297486354095979,1.464208085758633,0.039819200004902404,0.04525816943207254,0.1370327671642944,0.11520327364749025
-0.21763690746306555,-0.11040004891480891,-0.32143728153517964,0.03764283093027175,0.04415416894292445,0.13740919547359712,0.11564481533691949
-0.05424293331184864,-0.27643317390756084,-1.2205264860945748,0.03710040159715326,0.04138983720384884,0.13778019948956866,0.11605871370895798
-0.0418530296573129,-0.17813900612545971,-0.5004284772016161,0.036681871300580135,0.03960844714259424,0.13814701820257447,0.11645479818038393
-0.09025816704039066,-0.12303830417383081,0.16637912384209977,0.03577928963017623,0.03837806410085593,0.13850481109887622,0.1168385788213925
-0.089206815084947,-0.00931196162099644,-0.9009493662776826,0.03488722147932676,0.038284944484645964,0.13885368331366948,0.11722142826623895
-0.4108597518057832,-0.2674508122748456,-0.1278390299749446,0.03077862396126893,0.03561043636189751,0.13916146955328218,0.11757753262985793
0.6541736430641336,-0.12738190164083316,0.28143866596157857,0.037320360391910265,0.03433661734548918,0.13953467315720128,0.11792089880331282
-0.31236403196142526,0.3064710169034562,-0.10519525210968148,0.03419672007229601,0.03740132751452374,0.13987664035792424,0.11829491207845805
0.0751559502648661,-0.0657124197700771,0.00239138169515525,0.03494827957494467,0.036744203316822974,0.1402261231536737,0.11866235411162628
0.08075908646994735,-0.2608789333216145,0.47486593290595874,0.03575587043964414,0.03413541398360683,0.14058368185807013,0.11900370825146234
-0.03459247067661556,0.17476684852930494,-0.39994502336473536,0.035409945732877986,0.03588308246889988,0.1409377813153989,0.11936253907615134
-0.24247301897599757,-0.31029546420129706,0.20207252099476616,0.03298521554311801,0.03278012782688691,0.1412676334708301,0.11969034035442021
-0.01663972364373236,0.21652865092497137,0.289307090223423,0.03281881830668068,0.034945414336136627,0.14159582165389692,0.12003979449778157
0.16903282206771955,0.07332252005749597,-0.5552339747708548,0.03450914652735788,0.03567863953671158,0.1419409131191705,0.12039658089314868
0.2817535427085985,-0.16815897622998402,0.2953200526038304,0.037326681954443865,0.033997049774411744,0.14231417993871495,0.1207365513908928
0.3989516277135577,0.058765228155458885,0.098154704524179,0.04131619823157944,0.03458470205596633,0.14272734192103076,0.12108239841145246
0.2607050705578393,-0.08916362133260093,-0.5665408398780486,0.043923248937157836,0.03369306584264032,0.14316657441040234,0.12141932906987887
-0.3939973515616389,-0.5056533671844358,-0.3824914391486684,0.039983275421541446,0.028636532170795963,0.14356640716461774,0.12170569439158684
-0.4899027801478905,-0.06480893797866791,-0.329127716801831,0.03508424762006254,0.027988442791009285,0.14391724964081837,0.12198557881949693
0.5457587422996567,-0.32834565883927674,-0.553807147408376,0.04054183504305911,0.02470498620261652,0.14432266799124896,0.1222326286815231
-0.02419525372689404,0.11636075723762873,0.7460953201463658,0.04029988250579017,0.025868593774992805,0.14472566681630686,0.12249131461927303
0.12374617792336917,0.25868349470615704,-0.2869306655040503,0.04153734428502386,0.028455428722054376,0.14514104025915708,0.12277586890649357
-0.346089184164065,-0.09803022767119864,-0.0883607210407874,0.038076452443383216,0.02747512644534239,0.14552180478359092,0.12305062017094699
0.1120105802000153,0.0001148897897001324,-0.4990171276632022,0.039196558245383366,0.027476275343239393,0.14591377036604475,0.12332538292437939
0.20652124963772034,-0.47806972656491953,-3.329442880692881,0.04126177074176057,0.0226955780775902,0.14632638807346235,0.12355233870515529
-0.0103603627648127,-0.9506365782685894,-4.35487677591223,0.041158167114112444,0.013189212294904305,0.14673796974460349,0.12368423082810434
0.08347214996273744,0.88060312520589,4.207445395580867,0.04199288861373982,0.021995243546963205,0.14715789863074089,0.12390418326357397
0.11334172690330356,0.19786613535924313,2.070252624255619,0.04312630588277286,0.023973904900555638,0.14758916168956862,0.12414392231257952
-0.04549250755461967,0.39281231841257347,1.8039291665124286,0.04267138080722666,0.027902028084681372,0.1480158754976409,0.12442294259342633
-0.08543758091084155,0.18313786243027388,0.6052280962934619,0.041817004998118246,0.02973340670898411,0.14843404554762207,0.12472027666051617
0.10474212439472042,0.03895494843317308,0.2706207256731824,0.04286442624206545,0.030122956193315842,0.14886268981004272,0.12502150622244934
-0.05030672813293661,-0.12286312351006336,0.7109328154694747,0.04236135896073608,0.028894324958215208,0.14928630339965007,0.1253104494720315
0.31876452402850386,0.31216493429111164,0.4621926850597712,0.04554900420102112,0.03201597430112632,0.14974179344166028,0.12563060921504274
0.37085363117430387,0.20983712867884335,0.38480687731734303,0.04925754051276416,0.034114345587914756,0.15023436884678792,0.1259717526709219
0.2067219170307164,-0.17893913414254983,0.07804412654294696,0.051324759683071326,0.032324954246489256,0.15074761644361864,0.1262950022133868
-0.24379773552745865,-0.19802367163854434,-0.1144011323996025,0.04888678232779674,0.030344717530103812,0.15123648426689662,0.12659844938868783
0.39156595053952853,0.3574483220869459,-0.12155096954921649,0.05280244183319202,0.03391920075097327,0.15176450868522853,0.12693764139619756
0.36977817841165794,0.11979328234329746,-0.6505000943344471,0.0565002236173086,0.03511713357440625,0.15232951092140162,0.12728881273194162
-0.16714876097645537,-0.2654290846117648,0.0299971444295733,0.05482873600754405,0.0324628427282886,0.15287779828147707,0.12761344115922452
-0.5137745076583812,0.3836487718496681,2.198859456684094,0.049690990930960244,0.03629933044678528,0.15337470819078666,0.12797643446369236
0.4380695789762417,0.608405689075578,3.2969133608025034,0.05407168672072266,0.04238338733754106,0.15391542505799388,0.12840026833706777
0.2360804542154269,-0.29713839019809263,-3.23943417528661,0.05643249126287693,0.03941200343556013,0.15447974997062267,0.12879438837142337
-0.685054595867735,-0.6138761320215458,-2.9136355898833903,0.04958194530419958,0.03327324211534467,0.15497556942366467,0.12912712079257682
0.4190956436805982,-0.07176011394265662,0.013574659882384828,0.05377290174100556,0.03255564097591811,0.15551329844107473,0.129452677202336
0.5203003476097965,-0.19261006939241632,-0.9270037505059583,0.058975905217103525,0.030629540281993942,0.15610305749324577,0.12975897260515593
0.32058513149626916,0.5701316877633021,0.6323688842815598,0.062181756532066215,0.036330857159626966,0.15672487505856644,0.1301222811767522
-0.343282989342977,0.1132845522662394,0.6035361947446708,0.05874892663863644,0.03746370268228936,0.1573123643249528,0.1304969182035751
0.03278189572912185,0.4941532978952926,0.2610349005720914,0.05907674559592766,0.04240523566124228,0.1579031317809121,0.1309209705601875
0.7545065763181202,-0.23810053619031055,0.455503641562403,0.06662181135910886,0.04002423029933918,0.15856934989450316,0.1313212128631809
0.1537620465004654,0.2643381708212101,0.36794890699919247,0.0681594318241135,0.04266761200755128,0.1592509442127443,0.13174788898325643
-0.07148634188436716,0.01578608676231019,0.1543641417043112,0.06744456840526983,0.04282547287517438,0.159925389896797,0.13217614371200817
-0.2701211513266499,0.06469768324052794,-0.17779550638602246,0.06474335689200333,0.04347244970757966,0.16057282346571702,0.13261086820908397
-0.15407842164632643,-0.3367713547513848,0.5066118173829568,0.06320257267554007,0.04010473616006581,0.16120484919247244,0.13301191557068462
0.07917441114225987,0.5335122458650798,-0.2405344738385282,0.06399431678696267,0.045439858618716605,0.16184479236034208,0.1334663141568718
-0.04377786300743115,-0.5360514457806059,0.3009050073303124,0.06355653815688836,0.040079344160910545,0.16248035774191097,0.1338671075984809
-0.5149551026747845,-0.5074909035970399,0.36104475428690136,0.05840698713014052,0.03500443512494015,0.16306442761321238,0.1342171519497303
-0.004280701466269944,0.378860675034226,0.3882868108856646,0.058364180115477816,0.03879304187528241,0.16364806941436716,0.13460508236848312
0.15799517276276798,0.15186136109205764,0.24935922229330948,0.05994413184310549,0.04031165548620298,0.16424751073279822,0.13500819892334515
-0.3809460789775235,0.09668110649832912,-0.36177178163436313,0.05613467105333026,0.04127846655118628,0.1648088574433315,0.135420983588857
0.029799848517708106,-0.2182538588179141,0.14448467100926243,0.05643266953850734,0.039095927963007135,0.1653731841387166,0.13581194286848708
0.2535959796354315,0.16528633854837868,-0.2363473013291824,0.058968629334861654,0.04074879134849092,0.16596287043206523,0.136219430781972
0.386849237381674,-0.23855157395638976,0.5959934830944076,0.06283712170867839,0.03836327560892702,0.166591241649152,0.13660306353806126
-0.06727707357888152,0.09596454892146179,-0.6464692373206373,0.062164350972889575,0.03932292109814164,0.16721288515888091,0.13699629274904268
0.05662780812402534,-0.14520199254798205,-0.3742283626735021,0.06273062905412982,0.037870901172661814,0.16784019144942222,0.1373750017607693
-0.015417723234790582,-0.02127546486048679,0.8395029715082325,0.06257645182178191,0.03765814652405695,0.16846595596764005,0.1377515832260099
0.12262439457096207,0.2614945662740215,0.5945740369480746,0.06380269576749154,0.040273092186797164,0.16910398292531498,0.13815431414787785
-0.030219187441702912,0.24886458228378727,-0.040671858307896394,0.0635005038930745,0.042761738009635036,0.16973898796424572,0.1385819315279742
0.04772538912959488,-0.3707044897662624,-0.5681954226200959,0.06397775778437045,0.03905469311197241,0.17037876554208942,0.13897247845909394
-0.36573262686796376,0.023764500715159825,0.6229855186418256,0.06032043151569082,0.03929233811912401,0.1709819698572463,0.13936540184028517
0.49852926038007167,0.283384650790692,1.357210689533715,0.06530572411949154,0.04212618462703093,0.17163502709844122,0.13978666368655548
-0.09270383072544443,-0.020388286943343274,-0.16211956426044005,0.06437868581223709,0.0419223017575975,0.17227881395656358,0.14020588670413145
0.3812979874175326,0.14888395674934002,1.220427084632517,0.06819166568641241,0.0434111413250909,0.1729607306134277,0.14063999811738237
0.1076701894347753,-0.07577226848603039,0.4828082195741524,0.06926836758076016,0.042653418640230596,0.1736534142892353,0.1410665323037847
0.1877207418174716,0.08616631168029296,1.3101960273226827,0.07114557499893487,0.04351508175703352,0.17436487003922466,0.14150168312135503
-0.14028345863724728,-0.04933889709059283,-0.5641563565454786,0.0697427404125624,0.043021692786127594,0.17506229744335028,0.1419319000492163
-0.20043794529628445,-0.30456161108464186,-0.23192094511647096,0.06773836095959955,0.03997607667528118,0.17573968105294627,0.1423316608159691
-0.0890411971037156,0.12651652527608145,0.34311038492701634,0.06684794898856239,0.041241241928041995,0.1764081605428319,0.1427440732352495
-0.0012193809505150035,-0.2597141271691768,0.05932355358498634,0.06683575517905724,0.038644100656350225,0.17707651809462246,0.14313051424181303
-0.005698916612375064,-0.14473549789321744,0.3888595394246132,0.06677876601293349,0.03719674567741805,0.1777443057547518,0.1435024816985872
-0.11286978457605862,-0.051809595898863234,-0.5966363849150523,0.0656500681671729,0.036678649718429414,0.17840080643642353,0.1438692681957715
0.06280089145354391,-0.5765164665969635,-0.9856846593088885,0.06627807708170834,0.030913485052459777,0.1790635872072406,0.1441784030462961
0.043090722316441586,-0.1613474811082933,-0.24301491058835686,0.06670898430487275,0.029300010241376843,0.17973067705028933,0.14447140314870985
-0.04022041590283057,-0.13656847053989474,1.0158439134049302,0.06630678014584444,0.027934325535977897,0.18039374485174778,0.14475074640406962
-0.11460241081852446,-0.07712331157445643,-0.7465577829344308,0.0651607560376592,0.027163092420233334,0.18104535241212438,0.14502237732827195
-0.22565955248633557,0.263039465579736,1.2335664018462207,0.06290416051279583,0.029793487076030696,0.18167439401725233,0.14532031219903224
0.15734028422992297,0.34486583867502857,0.3257619333942473,0.06447756335509507,0.03324214546278098,0.18231916965080328,0.14565273365366005
-0.38766736295707643,0.9417504392701305,-0.7017901435600509,0.0606008897255243,0.04265964985548228,0.1829251785480585,0.14607933015221486
0.24105124031750974,-0.5288576371592585,0.1068451282916304,0.06301140212869939,0.0373710734838897,0.1835552925693455,0.14645304088705374
0.22227801787454035,-1.3714073535184559,0.593791593343893,0.0652341823074448,0.02365699994870514,0.18420763439241994,0.14668961088654078
-0.018062788619699413,-0.22465850956026553,0.40291994029742956,0.0650535544212478,0.021410414853102484,0.18485816993663243,0.1469037150350718
0.2662951861540856,-0.11805228608883804,-0.6170336304296624,0.06771650628278865,0.020229891992214102,0.18553533499946032,0.14710601395499392
-0.33787214039813845,0.5548268515322805,1.2803112477087366,0.06433778487880726,0.025778160507536906,0.18617871284824838,0.1473637955600693
0.24640034903804076,-0.5601395105154804,-1.2302335904388193,0.06680178836918767,0.020176765402382103,0.18684673073194027,0.14756556321409312
-0.5201815875027391,0.053601115202075215,0.8232884829326627,0.06159997249416028,0.020712776554402856,0.1874627304568819,0.14777269097963713
-0.061835808520515775,0.17388627243408863,0.1904144726969108,0.06098161440895512,0.022451639278743742,0.18807254660097145,0.14799720737242458
0.06986581710243381,-0.22312400676328684,-1.1356819486718246,0.06168027257997946,0.020220399211110875,0.18868934932677123,0.14819941136453568
0.39758458700553906,-0.09442009040714126,-0.9841850318609585,0.06565611845003486,0.01927619830703946,0.1893459105112716,0.14839217334760607
-0.36321164606686507,0.5541856666997482,1.089849979513116,0.0620240019893662,0.024818054974036944,0.18996615053116525,0.14864035389734645
0.24613778590078586,-0.00807998460718702,0.5293105906918745,0.06448537984837406,0.024737255127965072,0.190611004329649,0.1488877264486261
-0.0738695631127184,0.5221941312820325,0.6726717121445336,0.06374668421724687,0.029959196440785398,0.19124847117182148,0.14918731841303395
-0.022105558461768537,-0.487464169412253,-1.1515223160602428,0.06352562863262919,0.02508455474666287,0.19188372745814777,0.14943816396050058
0.011917280460944523,0.5925833219252004,1.141863526692486,0.06364480143723864,0.031010387965914873,0.19252017547252015,0.14974826784015974
-0.14252690810394447,-0.2748695153068132,-0.792307004425237,0.06221953235619919,0.02826169281284674,0.19314237079608215,0.15003088476828821
0.499084947521294,0.05611621615271228,-0.026899897895902154,0.06721038183141213,0.02882285497437386,0.19381447461439627,0.15031911331803197
-0.3671515310870832,-0.03424740253043414,-0.04064050668204761,0.0635388665205413,0.02848038094906952,0.19444986327960168,0.15060391712752266
0.15587510564748605,-0.08242418159505611,0.593445003973328,0.06509761757701617,0.02765613913311896,0.19510083945537185,0.15088047851885386
0.20000389059598692,0.09081639171691461,-0.29700248327470713,0.06709765648297604,0.028564303050288106,0.1957718160202016,0.15116612154935674
0.18348769092252992,-0.06963541352913713,-0.24554677060819396,0.06893253339220135,0.027867948914996735,0.19646114135412363,0.15144480103850672
0.020199489479026472,-0.04105961543651487,-0.20880784990933088,0.06913452828699161,0.027457352760631586,0.19715248663699353,0.15171937456611304
0.39955345044644847,-0.35401758900178537,-0.762478674964645,0.07313006279145609,0.023917176870613732,0.1978837872649081,0.15195854633481917
-0.22920905252143134,0.2487405371781186,0.1890328167024037,0.07083797226624178,0.02640458224239492,0.1985921669875705,0.15222259215724313
0.10980852177016864,0.1344016051265431,-0.004608693330402517,0.07193605748394347,0.02774859829366035,0.19931152756240994,0.15250007814017974
-0.04756793326607158,-0.34530556112050054,-0.6276215902068815,0.07146037815128276,0.024295542682455342,0.20002613134392278,0.1527430335670043
-0.0791221262438697,-0.35871229847916386,0.15864962196371454,0.07066915688884406,0.020708419697663703,0.20073282291281122,0.15295011776398093
-0.0104479097305562,0.4579593316665599,-0.18779385055020845,0.07056467779153851,0.025288013014329303,0.2014384696907266,0.15320299789412423
-0.17756642042560467,-0.2456745229027543,-0.1939866944839857,0.06878901358728245,0.02283126778530176,0.20212635982659943,0.15343131057197723
-0.286074541045121,-0.12841291457743192,-0.5531549254445413,0.06592826817683124,0.021547138639527442,0.20278564250836775,0.1536467819583725
0.32451097785012595,-0.0417564142035859,0.8218716100433672,0.0691733779553325,0.021129574497491584,0.2034773762879211,0.15385807770334742
-0.04528130667570001,-0.36614693811905097,-1.4954319905364757,0.0687205648885755,0.017468105116301074,0.20416458193680684,0.15403275875451042
0.09792522555288015,0.16715633915263597,0.5852462984022595,0.06969981714410431,0.019139668507827435,0.20486158010824787,0.1542241554395887
-0.3115660937848784,0.43367331934337383,0.6833968979414371,0.06658415620625553,0.023476401701261175,0.20552742167031043,0.1544589194566013
-0.13205768422052339,-0.04974017864090946,-0.09498339221191732,0.06526357936405029,0.02297899991485208,0.20618005746395093,0.15468870945574983
-0.2784716623146716,0.14747087675239182,0.6951203686975208,0.06247886274090358,0.024453708682375997,0.20680484609135996,0.1549332465425736
0.3311743150958725,-0.26739116798095686,-0.907420029855923,0.06579060589186231,0.02177979700256643,0.2074627521502786,0.15515104451259926
-0.1217957720209354,-0.08115317086796371,0.9229446136963764,0.06457264817165295,0.020968265293886793,0.20810847863199514,0.15536072716553812
0.33285626456409556,-0.22096706586758227,-0.6045933993226211,0.0679012108172939,0.01875859463521097,0.20878749074016809,0.1555483131118902
0.11919715475101852,-0.4535903664550546,1.1911129220751053,0.06909318236480409,0.014222690970660423,0.20947842256381613,0.15569054002159682
-0.20782318940706496,0.5521427309005569,-0.10986594212875558,0.06701495047073344,0.019744118279665993,0.21014857206852347,0.15588798120439348
0.02389830780816358,-0.23139991124180975,0.29305962394738727,0.06725393354881508,0.017430119167247897,0.2108211114040116,0.15606228239606595
0.09503750238815901,-0.21731127572185857,-0.15599233299775708,0.06820430857269667,0.015257006410029311,0.21150315448973858,0.15621485246016625
0.038963350817242705,0.6635140366272678,-1.3789327404136418,0.0685939420808691,0.02189214677630199,0.21218909391054727,0.1564337739279293
-0.18938508853272298,0.5492344647465934,0.17768385114812013,0.06670009119554186,0.027384491423767924,0.2128560948225027,0.15670761884216697
0.3155784621562219,-0.4002869248375983,0.2473671289569254,0.06985587581710408,0.023381622175391942,0.21355465358067374,0.1569414350639209
0.24804205472813004,-0.24457373055667966,0.00746321269843734,0.07233629636438538,0.020935884869825144,0.2142780165443176,0.15715079391261913
-0.17517894871735715,0.0949088244627756,0.5440541213243624,0.07058450687721181,0.0218849731144529,0.21498386161308972,0.15736964364376366
0.013861460492988467,0.28823836147353327,0.791084843424004,0.07072312148214169,0.024767356729188235,0.21569109282791113,0.15761731721105554
0.047674069938323016,-0.5948101163535822,-0.30197232429401016,0.07119986218152492,0.018819255565652414,0.2164030914497264,0.15780550976671207
-0.0552159714014191,-0.2980240368418708,-1.1145566711987187,0.07064770246751073,0.015839015197233706,0.2171095684744015,0.1579638999186844
-0.08368863703657588,-0.04433980456293586,-1.2301185774533914,0.06981081609714497,0.015395617151604347,0.21780767663537295,0.15811785609020043
0.0007916834272983727,-0.014992236320012228,0.18749050022418562,0.06981873293141795,0.015245694788404224,0.21850586396468713,0.15827031303808448
0.24506389192657363,-0.14125999126012057,-0.1867997275441822,0.07226937185068369,0.01383309487580302,0.21922855768319396,0.1584086439868425
-0.35054753561596097,0.07069406480152587,-0.5381912634990154,0.06876389649452408,0.014540035523818278,0.21991619664813922,0.1585540443420807
-0.008569072004150474,-0.38336353983721677,-0.8736436457924455,0.06867820577448258,0.01070640012544611,0.22060297870588405,0.15866110834333516
-0.24340342545803012,-0.15775055646039524,-1.4313530703625228,0.06624417151990228,0.009128894560842158,0.22126542042108308,0.15875239728894358
0.22091613683997868,0.17938415811960023,0.22226981450815658,0.06845333288830206,0.01092273614203816,0.2219499537499661,0.15886162465036396
-0.1485226065734646,0.2729019750296483,0.769489811956848,0.06696810682256742,0.013651755892334642,0.22261963481819178,0.15899814220928732
0.13455908295426872,0.278498483692195,1.0176711974638295,0.06831369765211011,0.01643674072925659,0.2233027717947129,0.15916250961657988
0.4532148415687496,0.10411852994534217,0.9017340610451224,0.0728458460677976,0.01747792602871001,0.22403123025539087,0.159337288876867
-0.18796421758437482,0.14143826382800026,-0.29282214646536825,0.07096620389195386,0.018892308666990015,0.2247408922943104,0.1595262119635369
-0.2694602034972458,-0.0442334576277104,-0.4443676273717547,0.0682716018569814,0.01844997409071291,0.22542360831288022,0.159710711704444
0.45998677720009157,0.1893531969416037,0.6498209539725652,0.07287146962898232,0.020343506060128948,0.22615232300917004,0.15991414676504528
-0.4284791657494774,0.005012778307286151,-1.1961542905959865,0.06858667797148754,0.02039363384320181,0.22683818978888493,0.1601180831034773
0.2687426036256657,0.21872921576513313,1.0066711959501335,0.0712741040077442,0.022580926000853138,0.22755093082896236,0.16034389236348584
-0.12301347768661022,0.09802539762825971,0.9980869408681167,0.07004396923087809,0.023561179977135735,0.22825137052127115,0.1605795041632572
0.41571157500279254,-0.339485204218082,0.8422983373554896,0.07420108498090602,0.020166327934954917,0.22899338137108022,0.16078116744260676
-0.5212550376469368,0.08054972299943539,-0.716038751088853,0.06898853460443666,0.02097182516494927,0.22968326671712458,0.16099088569425626
0.42471918051435126,0.17877028737572287,1.0244398061645241,0.07323572640958018,0.022759528038706497,0.23041562398122037,0.16121848097464334
0.09703158518361184,-0.5955363335138781,-1.6840281988770576,0.07420604226141629,0.016804164703567714,0.23115768440383452,0.16138652262167902
-0.15587025074528119,0.10091334210983442,0.6075247216203867,0.07264733975396348,0.01781329812466606,0.23188415780137417,0.16156465560292568
0.23457949647376217,0.5696927356918898,0.6357063424336922,0.0749931347187011,0.02351022548158496,0.23263408914856118,0.16179975785774153
-0.48392964403436334,0.062522450805951,-0.5484831850676435,0.07015383827835747,0.024135449989644467,0.23333562753134476,0.162041112357638
-0.16724203945055316,0.1720556064144045,-0.2981560022676117,0.06848141788385194,0.025856006053788513,0.2340204417101833,0.16229967241817586
-0.2771910500250554,0.07947356860254823,0.5527790848766629,0.06570950738360139,0.026650741739813993,0.2346775367840193,0.162566179835574
0.06881710898616007,0.17348389626257724,-0.15467388390032788,0.06639767847346299,0.028385580702439767,0.23534151356875394,0.1628500356425984
0.013035644767040512,-0.07442297918413066,0.4178746562568409,0.06652803492113339,0.02764135091059846,0.23600679391796528,0.16312644915170438
0.009535141890714869,0.26582280255692375,0.3960966531745182,0.06662338634004054,0.030299578936167696,0.23667302778136567,0.16342944494106607
0.8576466638316625,-0.13958246454004736,0.7228116351047836,0.07519985297835717,0.028903754290767223,0.23742502631114926,0.16371848248397375
0.17606025783791868,-0.21637181857682156,-0.39900497943095986,0.07696045555673636,0.026740036104999008,0.23819463086671663,0.16398588284502374
-0.8510627084671093,0.2568950613255207,1.0179094552253314,0.06844982847206527,0.029308986718254215,0.23887912915143727,0.1642789727122063
0.2427372907272145,0.316183879074815,-0.2595736330053859,0.07087720137933741,0.03247082550900236,0.23958790116523065,0.1646036809672963
-0.05970793310737775,0.23856336241654078,0.9715203157914403,0.07028012204826363,0.03485645913316777,0.2402907023857133,0.16495224555862797
0.19850372600607308,-0.3700929099508965,-2.552290365523888,0.07226515930832436,0.031155530033658802,0.24101335397879653,0.16526380085896455
-0.30655359483927674,-0.7148310637313192,-2.600412600152712,0.0691996233599316,0.02400721939634561,0.24170535021239584,0.16550387305292802
0.43510300480366226,-0.23535303699140922,-1.40805452718407,0.07355065340796822,0.021653689026431517,0.24244085674647553,0.16572040994319234
0.1600477621638514,-0.17646843234351114,0.03210013186529466,0.07515113102960673,0.019889004702996406,0.2431923680567716,0.1659192999902223
-0.37016844347893496,-0.076393406198703,-1.5065735881804834,0.07144944659481738,0.019125070641009375,0.2439068625227198,0.16611055069663241
0.08959675891978333,0.28250195005368123,0.388663559163685,0.0723454141840152,0.021950090141546186,0.24463031666455995,0.16633005159804787
-0.3766923104324712,0.006714500940993338,0.10340604981448223,0.0685784910796905,0.02201723515095612,0.24531610157535685,0.16655022394955743
0.29678200981777675,0.09156755666999312,0.424103897840727,0.07154631117786826,0.02293291071765605,0.24603156468713552,0.166779553056734
-0.5524113256518196,0.1177192479372549,0.2460438587410092,0.06602219792135007,0.0241101031970286,0.24669178666634903,0.16702065408870428
0.15826896444049746,-0.15489716492304878,-0.12779070514088575,0.06760488756575504,0.02256113154779811,0.2473678355420066,0.16724626540418228
0.04263557284211491,-0.06619530383508052,0.12776083186376735,0.06803124329417619,0.021899178509447306,0.24804814797494834,0.16746525718927674
0.2825287103716793,-0.08951665580883501,0.0631753317676361,0.07085653039789298,0.021004011951358956,0.24875671327892726,0.16767529730879033
-0.04068810028522166,-0.12205521530833907,-1.4200117013596998,0.07044964939504077,0.019783459798275567,0.24946120977287767,0.16787313190677308
0.04671553468235294,0.04212637348543525,0.39550968977480777,0.07091680474186429,0.02020472353312992,0.25017037782029633,0.16807517914210438
-0.14490104457453273,-0.3354991369502099,-0.6140042489266484,0.06946779429611896,0.01684973216362782,0.2508650557632575,0.16824367646374067
0.27480771663093007,0.11986014395922787,0.4189296725015949,0.07221587146242826,0.0180483336032201,0.2515872144778818,0.16842415979977288
0.057811411853330275,0.10315472615194934,-0.18851387442752662,0.07279398558096156,0.019079880864739593,0.2523151543336914,0.16861495860842027
0.5336557693661097,0.10045578985226214,1.107535764586741,0.07813054327462265,0.020084438763262213,0.25309645976643763,0.1688158029960529
-0.4553453485708706,-0.6255410997609216,-2.5083194632335086,0.07357708978891395,0.013829027765652997,0.25383223066432675,0.16895409327370942
0.09278331127806513,-0.20220901499400323,1.3056416171784853,0.0745049229016946,0.011806937615712963,0.2545772798933437,0.16907216264986655
-0.3801245723505303,-0.4164466721848173,-2.430347219662897,0.07070367717818929,0.0076424708938647905,0.25528431666512563,0.1691485873588052
-0.05997482568081179,0.3675391503771725,0.3800671711328604,0.07010392892138118,0.011317862397636515,0.25598535595433947,0.16926176598278156
-0.8318512080719007,-0.1528747523740292,0.24890003169286698,0.06178541684066217,0.009789114873896224,0.25660321012274606,0.1693596571315205
-0.8796043065261616,0.2048744954111238,1.5103601864681782,0.052989373775400556,0.011837859828007462,0.2571331038605001,0.16947803572980058
0.12259136931117721,-0.2918521360621348,-0.040794136467658365,0.05421528746851233,0.008919338467386115,0.2576752567351852,0.16956722911447444
0.28217453043118945,0.3304492390931258,0.8579242630684675,0.05703703277282422,0.012223830858317374,0.25824562706291343,0.16968946742305763
0.3867540328527963,0.4058216143674067,0.47254296249930655,0.06090457310135219,0.016282047001991443,0.25885467279392693,0.16985228789307755
-0.4435772687112536,-0.2420666305093767,0.03540355387795893,0.05646880041423965,0.013861380696897675,0.2594193607980693,0.16999090170004652
-0.05099492425409324,-0.09721313661451136,0.2736068092254827,0.055958851171698715,0.012889249330752561,0.2599789493097863,0.17011979419335405
-0.22044109368416878,0.5821163171918518,0.9665647981596411,0.05375444023485702,0.018710412502671078,0.26051649371213487,0.17030689831838075
0.16684546266587322,0.2110761728781262,-0.36582445450840023,0.055422894861515755,0.02082117423145234,0.26107072266075004,0.17051511006069528
0.5641360408546274,0.386903200292485,-0.7321329820677184,0.061064255270062026,0.02469020623437719,0.26168136521345065,0.17076201212303904
0.027408671845700762,-0.29150289029117266,0.33291608801696937,0.061338341988519035,0.021775177331465466,0.26229474863333585,0.1709797638963537
-0.1338052463598383,0.14207098000103757,1.3069447583274902,0.060000289524920654,0.023195887131475842,0.26289475152858505,0.17121172276766844
-0.05191490252524606,-0.1405331944889296,-1.1222285995911792,0.05948114049966819,0.021790555186586548,0.2634895629335817,0.17142962831953432
0.2651464260716869,0.0625951049419089,0.039381427637019316,0.06213260476038506,0.022416506236005638,0.26411088898118557,0.17165379338189438
0.19223616191360343,0.02833155762215609,-0.2535165938782027,0.0640549663795211,0.022699821812227197,0.2647514386449808,0.17188079160001665
0.32725364157485315,0.10824431633734644,0.20953047307533448,0.06732750279526963,0.02378226497560066,0.26542471367293347,0.17211861424977265
-0.4160811499350271,-0.40663372215811405,-0.8421629132617369,0.06316669129591936,0.01971592775401952,0.26605638058589265,0.17231577352731284
0.6480174982499123,0.0014801551776607743,0.7284974792125134,0.06964686627841848,0.01973072930579613,0.2667528492486768,0.1725130808203708
-0.12591692750731673,-0.21491900622311744,0.2278172626076454,0.06838769700334532,0.017581539243564957,0.2674367262187103,0.17268889621280648
0.41683867354860765,-0.02396257027896546,-0.6369730192264892,0.07255608373883139,0.017341913540775303,0.2681622870560986,0.17286231534821422
-0.6229284332492867,-0.06800819033542385,0.01775113142278309,0.06632679940633852,0.016661831637421066,0.26882555505016204,0.17302893366458844
0.5696956781293661,0.3895635646535134,1.1584704016753202,0.07202375618763218,0.020557467283956198,0.26954579261203837,0.173234508337428
-0.09788786099934388,0.02155505448947888,0.8286452169160295,0.07104487757763875,0.020773017828850986,0.27025624138781473,0.17344223851571652
0.23741862324266425,-0.07186100212759595,0.36425752730894995,0.0734190638100654,0.020054407807575027,0.2709904320259154,0.17364278259379226
-0.11657079095127797,0.17754602893672086,0.08278608776672121,0.07225335590055261,0.021829868096942234,0.2717129655849209,0.1738610812747617
0.06708717802407874,-0.0525707583921874,-0.21264385956523957,0.0729242276807934,0.02130416051302036,0.27244220786172885,0.17407412287989188
-0.27677654389550627,-0.21268838296531628,-0.7657152186130768,0.07015646224183834,0.0191772766833672,0.27314377248414723,0.17426589564672554
0.06894070786919967,0.04646549137969022,0.7717660282809506,0.07084586932053034,0.0196419315971641,0.2738522311773525,0.17446231496269718
-0.004273916011169616,0.2839674689855497,0.5802037027571844,0.07080313016041864,0.022481606287019597,0.2745602624789567,0.17468713102556738
0.062287163595147625,0.07982396522114898,1.3885689046432,0.07142600179637013,0.023279845939231086,0.2752745224969204,0.17491992948495969
0.12541293787759217,0.20582117167266342,1.1144479732325017,0.07268013117514605,0.02533805765595772,0.2760013238086719,0.17517331006151926
0.024735310203829994,0.4405966542453345,1.4197554711862688,0.07292748427718435,0.029744024198411066,0.2767305986514437,0.17547075030350337
0.11912456043042646,-0.5486979095022814,-0.39492631797677474,0.07411872988148861,0.024257045103388254,0.2774717859502586,0.17571332075453724
-0.15321752779723816,-0.06167437115483332,0.012310282679362131,0.07258655460351623,0.02364030139183992,0.2781976514962938,0.17594972376845563
-0.13247054423120472,0.2733309833946441,0.45961884541988307,0.07126184916120419,0.02637361122578636,0.2789102699879058,0.1762134598807135
0.1174026770276646,0.0736290881630884,-0.0972044480019521,0.07243587593148083,0.027109902107417243,0.2796346287472206,0.17648455890178766
0.17704766716728468,-0.23951550814728015,0.261250040891006,0.07420635260315368,0.024714747025944443,0.2803766922732521,0.1767317063720471
-0.018454795797543312,0.05726594763665216,0.37187030428613765,0.07402180464517825,0.025287406502310966,0.2811169103197039,0.17698458043707022
-0.0250184124542916,0.31017473650366983,-0.034415741680140256,0.07377162052063534,0.028389153867347663,0.2818546265249103,0.1772684719757437
-0.19780235825424586,0.19431812771752496,-0.3788286141177678,0.07179359693809288,0.030332335144522913,0.2825725624942912,0.17757179532718892
0.14013522209213397,-0.5717427511899291,-0.7480715112567025,0.07319494915901423,0.024614907632623622,0.28330451198588136,0.17781794440351514
-0.2528179010695354,0.7936215671987182,-0.6904314819349654,0.07066677014831887,0.0325511233046108,0.28401117968736456,0.17814345563656125
0.31916915344484625,-1.1006916522656902,0.1128690440618295,0.07385846168276734,0.0215442067819539,0.28474976430419224,0.1783588977043808
-0.01570908268546578,-0.3514247250847945,-0.7326447503747303,0.07370137085591269,0.018029959531105956,0.28548677801275135,0.17853919729969187
0.25157809869852754,-0.4738236975300527,0.8680976748453813,0.07621715184289797,0.013291722555805428,0.28624894953118035,0.17867211452524992
-0.18875359139684142,0.30306809561864656,-0.46764748183730703,0.07432961592892956,0.016322403511991893,0.28699224569046966,0.17883533856036984
0.10808976671103991,-0.1247104558851301,-0.050147965279742766,0.07541051359603997,0.015075298953140592,0.2877463508264301,0.17898609154990125
0.09341361808816664,-0.3198432347666438,-0.897126495665033,0.07634464977692164,0.011876866605474153,0.2885097973241993,0.17910486021595598
-0.31024490275107963,0.23811757943035022,0.2899798814952628,0.07324220074941085,0.014258042399777656,0.2892422193316934,0.17924744063995376
0.20166154665152974,-0.227988031409659,-0.7185578381354685,0.07525881621592614,0.011978162085681065,0.2899948074938527,0.1793672222608106
0.40973242265976967,-0.3115128845476769,-1.1062878751782705,0.07935614044252384,0.008863033240204297,0.2907883688982779,0.17945585259321264
-0.08638801118474099,-0.03246512355278861,-0.25388505653174587,0.07849226033067644,0.008538382004676411,0.2915732915015847,0.17954123641325942
0.05819694581228352,0.2613325019236744,1.289353649014909,0.07907422978879927,0.011151707023913155,0.2923640337994727,0.17965275348349855
0.05288747912730603,-0.5744570313272603,-1.7784346831068587,0.07960310458007233,0.0054071367106405515,0.2931600648452734,0.17970682485060496
-0.14122613683973453,0.323696805065507,1.44983771328591,0.07819084321167499,0.008644104761295622,0.29394197327739013,0.17979326589821792
0.10757143546208896,-0.0043767315668269136,0.17512868586544605,0.07926655756629589,0.008600337445627352,0.29473463885305307,0.1798792692726742
-0.38071547279761964,-0.15817845345589382,-0.30243149336092023,0.07545940283831969,0.007018552911068414,0.29548923288143625,0.17994945480178487
0.5262206368476081,0.08761026178939497,0.5945534126099351,0.08072160920679577,0.007894655528962364,0.2962964489735042,0.18002840135707449
-0.11230047986865034,-0.3382194620284123,0.14089981650403657,0.07959860440810927,0.004512460908678241,0.2970924350175853,0.18007352596616127
0.1261705688717174,-0.21353999287147332,-0.981257393902617,0.08086031009682644,0.002377060979963508,0.29790103811855356,0.1800972965759609
0.032445930763836124,-0.6272077012044251,-1.5341064766583963,0.0811847694044648,-0.0038950160320807437,0.2987128858125982,0.1800583464156401
-0.1631709793330587,0.44232756617941554,0.4964800263338983,0.07955305961113421,0.0005282596297134113,0.2995084164087095,0.18006362901193726
-0.22948415415567258,0.07387616151320668,0.3392320176179456,0.07725821806957749,0.0012670212448454782,0.30028099858940527,0.18007629922438573
-0.006600988555611509,-0.15005596462397194,-0.7293499082781403,0.07719220818402137,-0.00023353840139424113,0.3010529206712455,0.18007396384037178
0.49192167703682005,0.09166388871851681,0.11831053761489417,0.08211142495438957,0.000683100485790927,0.3018740349207894,0.18008079484522968
-0.3699960340610667,-0.18385880562191198,-1.2008594199100933,0.0784114646137789,-0.0011554875704281927,0.3026581495669272,0.1800692399695254
0.27587808987270923,-0.07973575006991687,0.3904342028563676,0.081170245512506,-0.0019528450711273613,0.3034698520220523,0.18004971151881413
0.043424395156908525,0.04496920461994352,0.02700126431665513,0.08160448946407509,-0.0015031530249279262,0.30428589691669305,0.18003467998856484