-1.926422119140625e-05,-0.00019588470458984376,-6.976887378841263e-08,-7.094320136702948e-07,-1.926422119140625e-05,-0.00019588470458984376
0.36032791137695314,0.11290664672851562,0.0013047262308269894,0.0004061999732108142,0.3603086471557617,0.11271076202392578
0.0005192756652832031,0.24249305725097656,0.004989973043017659,0.002436319574920097,0.3608279228210449,0.35520381927490235
-0.0008417129516601563,0.3037078857421875,0.009308611503878949,0.007365914558039078,0.3599862098693848,0.6589117050170898
0.01426839828491211,-0.33009796142578124,0.012836704489785977,0.013268762449042551,0.3742546081542969,0.3288137435913086
-0.10420455932617187,-0.0828460693359375,0.015327304426170802,0.016427169254604586,0.270050048828125,0.2459676742553711
-0.28697891235351564,-0.04912986755371094,0.015447884452781096,0.016859827004536778,-0.016928863525390636,0.19683780670166018
-0.14672393798828126,-0.13607330322265626,0.01233756702391495,0.015829074727669253,-0.1636528015136719,0.06076450347900392
-0.21985015869140626,0.3900196075439453,0.0066565871633163425,0.014985802101164814,-0.3835029602050781,0.45078411102294924
0.276605224609375,-0.0705230712890625,0.0006820770514577895,0.01613956185700705,-0.10689773559570315,0.38026103973388675
-0.23582534790039061,0.35179824829101564,-0.0039763137540581835,0.019047462751803808,-0.34272308349609376,0.7320592880249024
-3.6716461181640625e-05,-0.32962799072265625,-0.008525154845646622,0.02230495137075342,-0.3427597999572754,0.40243129730224614
-0.014486408233642578,-0.1129608154296875,-0.013116674969955815,0.02318631326549025,-0.35724620819091796,0.28947048187255864
-0.08491659164428711,-0.0007419586181640625,-0.01718319783172878,0.0215735685703468,-0.44216279983520507,0.2887285232543946
0.45133399963378906,0.00029296875,-0.01937164673012281,0.019497456592131996,0.009171199798583995,0.2890214920043946
0.0006734848022460938,0.009697723388671874,-0.017959069948809858,0.017511476432240377,0.00984468460083009,0.29871921539306645
0.12587966918945312,0.0010610580444335937,-0.014420956090409661,0.015670314305525,0.13572435379028322,0.2997802734375
-0.020684814453125,0.011161136627197265,-0.010410682168369611,0.013985145381791143,0.11503953933715821,0.3109414100646973
-0.03982868194580078,-0.13353271484375,-0.006740716074106755,0.01197282792325758,0.07521085739135744,0.17740869522094727
-0.12491836547851562,-0.2669525146484375,-0.004386458839653673,0.008221084756753452,-0.04970750808715818,-0.08954381942749023
-0.05786056518554687,-0.19785003662109374,-0.0036106008638507074,0.0018273008540679002,-0.10756807327270505,-0.287393856048584
-0.16668777465820311,-0.2217254638671875,-0.004383970663026733,-0.006754864960518005,-0.2742558479309082,-0.5091193199157715
-0.24923171997070312,0.11258392333984375,-0.0072874828034993604,-0.01575668556434669,-0.5234875679016113,-0.3965353965759278
-0.34395751953125,0.0967254638671875,-0.013267348573617742,-0.022701805775680695,-0.8674450874328613,-0.2998099327087403
-0.35651702880859376,-0.3267951965332031,-0.022766620255969275,-0.028262445500436075,-1.2239621162414551,-0.6266051292419434
-0.24782333374023438,-0.20694046020507811,-0.0351150464609449,-0.035274540601312604,-1.4717854499816896,-0.8335455894470216
-0.18063392639160156,-0.18622817993164062,-0.048684684301710475,-0.0439908775081553,-1.652419376373291,-1.0197737693786622
-0.3034637451171875,0.029245948791503905,-0.06264463775868606,-0.052643222282067845,-1.9558831214904786,-0.9905278205871583
-0.18922500610351561,-0.33759918212890627,-0.07696174827016664,-0.060809475476966426,-2.145108127593994,-1.3281270027160645
-0.34145069122314453,-0.3491619110107422,-0.09153914683145542,-0.07036916975961925,-2.4865588188171386,-1.6772889137268068
-0.34702301025390625,-0.22214775085449218,-0.10683234572770882,-0.08190928311718965,-2.833581829071045,-1.899436664581299
-0.3987640380859375,-0.40757293701171876,-0.12328231595098652,-0.09473360634378644,-3.2323458671569822,-2.307009601593018
-0.2196197509765625,-0.23757972717285156,-0.14020856435145823,-0.10871469988811586,-3.4519656181335447,-2.5445893287658694
-0.36329078674316406,-0.4327362060546875,-0.15669845133124516,-0.1236087030946958,-3.815256404876709,-2.9773255348205567
-0.3630247116088867,-0.34570999145507814,-0.17297503433729552,-0.13953395890108336,-4.1782811164855955,-3.323035526275635
-0.3261474609375,-0.40103740692138673,-0.1892220945697946,-0.15636866606803068,-4.504428577423096,-3.724072933197022
-0.31220245361328125,-0.21642017364501953,-0.20489048883831554,-0.1731378199376277,-4.816631031036377,-3.9404931068420415
-0.3807373046875,-0.5319076538085937,-0.2198610958397065,-0.18961488746191604,-5.197368335723877,-4.472400760650635
-0.14990730285644532,-0.22442874908447266,-0.233640578742553,-0.2061117017574733,-5.347275638580323,-4.696829509735108
-0.2864524841308594,-0.14639759063720703,-0.2452940038724642,-0.22101887269807385,-5.633728122711182,-4.843227100372315
-0.14197521209716796,-0.043693923950195314,-0.25462851536962333,-0.23232850864322235,-5.77570333480835,-4.88692102432251
-0.25930442810058596,-0.09569091796875,-0.26175939929246567,-0.23962430730827494,-6.035007762908936,-4.9826119422912605
-0.3168519973754883,-0.2920982360839844,-0.26747716988987597,-0.24417010070105297,-6.351859760284425,-5.274710178375245
-0.3225799560546875,-0.4216602325439453,-0.27279158799434355,-0.24842798482193465,-6.674439716339112,-5.69637041091919
-0.37408981323242185,-0.08244094848632813,-0.2781277992230676,-0.2528043989003735,-7.048529529571534,-5.778811359405518
-0.2821552276611328,-0.6251747131347656,-0.2834658426733503,-0.25719439688193857,-7.3306847572326665,-6.403986072540284
-0.2955165863037109,-0.1439067840576172,-0.28829711655763895,-0.26249184467265607,-7.626201343536377,-6.547892856597901
-0.42008209228515625,0.03172359466552734,-0.2928491028910661,-0.266315783340012,-8.046283435821532,-6.516169261932374
-0.4850971221923828,-0.23087615966796876,-0.29828745893088704,-0.2667866297758527,-8.531380558013915,-6.747045421600343
-0.24676284790039063,-0.22495765686035157,-0.30444797666981455,-0.2656881010210605,-8.778143405914305,-6.972003078460695
-0.406146240234375,-0.23992691040039063,-0.3102101871462597,-0.2642540309183773,-9.18428964614868,-7.211929988861085
-0.28017425537109375,-0.28088531494140623,-0.3153905370533717,-0.26279515783879925,-9.464463901519773,-7.492815303802491
-0.5514732360839844,-0.3583221435546875,-0.3206560512295639,-0.2619679964495441,-10.015937137603757,-7.8511374473571784
-0.2540885925292969,-0.543487548828125,-0.3263484374393084,-0.26306152684038153,-10.270025730133053,-8.394624996185303
-0.29061126708984375,-0.052800750732421874,-0.33127649610935783,-0.26559174394746754,-10.560636997222897,-8.447425746917725
-0.2310699462890625,-0.428857421875,-0.3344651571750248,-0.2677664192572585,-10.79170694351196,-8.876283168792725
-0.4048774719238281,-0.22681427001953125,-0.33648190281894985,-0.26982700530692744,-11.196584415435789,-9.103097438812256
-0.27258148193359377,-0.37622222900390623,-0.33805250369642137,-0.2722018204168867,-11.469165897369383,-9.479319667816162
-0.1523468017578125,-0.13773956298828124,-0.3384626033981602,-0.27429207090951324,-11.621512699127194,-9.617059230804443
-0.227423095703125,0.098651123046875,-0.33681707685453066,-0.2740713679786721,-11.84893579483032,-9.518408107757569
-0.0154937744140625,-0.0247650146484375,-0.3328152686566523,-0.26979017663326177,-11.864429569244383,-9.543173122406007
-0.037847900390625,0.086798095703125,-0.3257165787318066,-0.2618054093949136,-11.902277469635008,-9.456375026702881
-0.10035858154296876,-0.0939239501953125,-0.3157488453480523,-0.2511291490390853,-12.002636051177976,-9.550298976898194
-0.14482269287109376,-0.1289764404296875,-0.30421838317854694,-0.2393862223773046,-12.14745874404907,-9.679275417327881
0.03503494262695313,-0.1047943115234375,-0.29144374819527524,-0.22774125445344334,-12.112423801422116,-9.78406972885132
-0.21669921875,-0.02200927734375,-0.2775825388602481,-0.21599896123726547,-12.329123020172116,-9.80607900619507
-0.37535629272460935,-0.13783416748046876,-0.26475909319379315,-0.20407755529561541,-12.704479312896725,-9.943913173675538
-0.10254669189453125,-0.5410652160644531,-0.2540630962280852,-0.19417841674287112,-12.807026004791256,-10.484978389739991
-0.099114990234375,-0.15463638305664062,-0.2438892281413253,-0.18805639702253368,-12.90614099502563,-10.639614772796632
-0.42007293701171877,-0.1378662109375,-0.23444938372510904,-0.18378579379577772,-13.32621393203735,-10.777480983734131
0.0435546875,-0.04500579833984375,-0.2263940776954178,-0.1792697240994911,-13.28265924453735,-10.822486782073975
-0.1056304931640625,0.052166748046875,-0.2179590622891808,-0.17352829152655094,-13.388289737701411,-10.7703200340271
-0.2413360595703125,-0.4463958740234375,-0.20922133008363614,-0.16760965036061887,-13.629625797271723,-11.216715908050537
-0.24481658935546874,-0.327667236328125,-0.20189262132517927,-0.16445773988273737,-13.874442386627193,-11.544383144378662
-0.16306915283203124,0.09360809326171875,-0.19607032004131586,-0.16308766176816442,-14.037511539459224,-11.450775051116944
-0.2597930908203125,-0.2446300506591797,-0.19136428384738227,-0.16097269233340009,-14.297304630279537,-11.695405101776123
0.080853271484375,-0.04137725830078125,-0.1868317701451344,-0.1584528922481689,-14.216451358795162,-11.736782360076903
-0.20681838989257811,0.0320953369140625,-0.1814349207430403,-0.1551173417557154,-14.42326974868774,-11.70468702316284
-0.11779632568359374,-0.318804931640625,-0.17592023611028543,-0.15114972465195234,-14.541066074371335,-12.023491954803465
-0.15693092346191406,0.32314605712890626,-0.17092556076914298,-0.14666109242387718,-14.697996997833249,-11.70034589767456
-0.24889373779296875,0.0720123291015625,-0.16673270071793841,-0.13933179281691818,-14.946890735626218,-11.628333568572996
-0.50660400390625,-0.28891754150390625,-0.16501304413593978,-0.13053179993083586,-15.453494739532468,-11.917251110076903
0.02115325927734375,0.19025115966796874,-0.16567720062626515,-0.12241652873723405,-15.432341480255124,-11.726999950408933
-0.02284088134765625,-0.10086212158203126,-0.16559736005160217,-0.11388275746635358,-15.45518236160278,-11.827862071990964
0.11961212158203124,0.05978240966796875,-0.16278719281391174,-0.10491369143842134,-15.335570240020749,-11.768079662322995
-0.2433349609375,0.04058685302734375,-0.15817392900556607,-0.09567037015305804,-15.578905200958248,-11.72749280929565
-0.321685791015625,0.296966552734375,-0.15451477674669112,-0.08496006429852974,-15.900590991973873,-11.430526256561276
0.05889892578125,0.134393310546875,-0.1522110439185868,-0.07197804060719389,-15.841692066192623,-11.296132946014401
-0.28386077880859373,-0.2570472717285156,-0.14984383188584857,-0.058948967960861576,-16.125552845001216,-11.553180217742916
-0.14612884521484376,-0.5712547302246094,-0.14806332452074947,-0.05063134949131486,-16.27168169021606,-12.124434947967526
-0.7155838012695312,0.02049560546875,-0.1491058978388291,-0.04792902962690641,-16.98726549148559,-12.103939342498776
-0.25930328369140626,0.011761474609375,-0.15447024409263396,-0.0468502115687481,-17.246568775176996,-12.0921778678894
-0.1441192626953125,-0.5926071166992187,-0.16171520675045603,-0.04725515175891731,-17.39068803787231,-12.68478498458862
-0.25615615844726564,-0.19674949645996093,-0.16834857072432236,-0.05187202399709036,-17.646844196319574,-12.88153448104858
-0.040899658203125,-0.18993759155273438,-0.1739885933564153,-0.059244984652555815,-17.687743854522697,-13.071472072601315
-0.0135009765625,-0.020760345458984374,-0.17746265506059855,-0.06672276446809661,-17.701244831085198,-13.0922324180603
-0.03381500244140625,-0.0781402587890625,-0.17816860808482973,-0.0731376974249332,-17.735059833526606,-13.170372676849363
-0.14019775390625,0.25269012451171874,-0.17698012137514452,-0.07717465827130045,-17.875257587432856,-12.917682552337643
-0.23922376632690429,-0.11473541259765625,-0.1754256422618783,-0.0783045276334322,-18.11448135375976,-13.0324179649353
-0.2146465301513672,0.0926626205444336,-0.17460083521681882,-0.07769636988358991,-18.329127883911127,-12.939755344390866
-0.20682411193847655,-0.20293903350830078,-0.17455113351975737,-0.07654099201734085,-18.535951995849604,-13.142694377899167
-0.05705108642578125,-0.2941234588623047,-0.17446295407793372,-0.07666449057050266,-18.593003082275384,-13.436817836761472
-0.07335357666015625,-0.03220062255859375,-0.17328969092984817,-0.07863930775370506,-18.66635665893554,-13.469018459320067
-0.16182327270507812,-0.05063018798828125,-0.17112107607454685,-0.080635191064096,-18.82817993164062,-13.519648647308347
0.1100616455078125,0.00288543701171875,-0.1678657671334,-0.08161087112335598,-18.718118286132807,-13.516763210296629
0.04501800537109375,-0.01767425537109375,-0.16233447185891003,-0.08147189490513257,-18.673100280761712,-13.534437465667724
0.10631866455078125,0.1111663818359375,-0.15424233559864278,-0.07989024722608914,-18.566781616210932,-13.423271083831786
0.15426216125488282,0.17844924926757813,-0.14374144715950332,-0.076021278400224,-18.412519454956048,-13.244821834564208
0.15006103515625,0.09478836059570313,-0.1308220506129712,-0.06964247407660769,-18.2624584197998,-13.150033473968504
0.43534698486328127,0.14083938598632811,-0.11488866256931195,-0.061450416440829374,-17.82711143493652,-13.009194087982175
0.2804130554199219,0.30653915405273435,-0.09517274556299576,-0.05122832951005463,-17.5466983795166,-12.702654933929441
0.32273178100585936,0.32989044189453126,-0.07251154670237307,-0.038003247226126115,-17.22396659851074,-12.37276449203491
0.6417724609375,0.1737457275390625,-0.04681202621852795,-0.02225195326144274,-16.58219413757324,-12.199018764495849
0.28577728271484376,0.5048973083496093,-0.017766289278367504,-0.004461062276077826,-16.296416854858396,-11.69412145614624
0.3452449798583984,0.401751708984375,0.012452295525649883,0.016239194328414492,-15.951171874999998,-11.292369747161866
0.37127227783203126,0.28842620849609374,0.042450706227577364,0.03911701516667822,-15.579899597167968,-11.003943538665771
-0.02472686767578125,0.022929000854492187,0.07079992789526407,0.06133046352223464,-15.604626464843749,-10.981014537811278
0.31639404296875,0.6822006225585937,0.09581911966569107,0.08272006160149335,-15.288232421875,-10.298813915252685
0.3584136962890625,0.6392658233642579,0.11887688693993916,0.10676838329166728,-14.929818725585937,-9.659548091888427
0.3076194763183594,0.14322967529296876,0.14131438846990307,0.13297435271639713,-14.622199249267577,-9.516318416595459
0.23971290588378907,0.496728515625,0.1624458938174632,0.15813882068476354,-14.382486343383789,-9.019589900970459
0.6232868194580078,0.05064735412597656,0.1828912669184022,0.18121528357640324,-13.759199523925782,-8.968942546844483
0.23963394165039062,0.18624382019042968,0.20360899677104408,0.20074962417043618,-13.51956558227539,-8.782698726654052
0.534063720703125,0.14098358154296875,0.22393118299108325,0.2162382686923059,-12.985501861572265,-8.641715145111084
0.34034385681152346,0.5604141235351563,0.24366942698557595,0.2297978456618007,-12.645158004760741,-8.081301021575927
0.2581878662109375,0.21732025146484374,0.26199846748527905,0.2431776015727973,-12.386970138549804,-7.863980770111083
0.07152175903320312,0.2651763916015625,0.27690949838264434,0.25542019580459524,-12.315448379516601,-7.598804378509521
0.541162109375,0.1550201416015625,0.28879427690057763,0.26523853584263707,-11.774286270141602,-7.443784236907958
0.4182891845703125,0.5507522583007812,0.3002540846844262,0.273693732830458,-11.355997085571289,-6.893031978607177
0.5568889617919922,0.3315147399902344,0.31250493849705047,0.28255871540805666,-10.799108123779297,-6.5615172386169425
0.44928665161132814,0.27713661193847655,0.3254097873711623,0.29128659688408387,-10.349821472167969,-6.284380626678466
0.558251953125,0.3350547790527344,0.33879239917418996,0.2987951335708928,-9.79156951904297,-5.949325847625731
0.1579559326171875,0.053424072265625,0.35133094434460627,0.3043766883839664,-9.633613586425781,-5.895901775360106
0.33500003814697266,0.196044921875,0.3611175555353313,0.3069504858747571,-9.298613548278809,-5.699856853485106
0.1367338180541992,0.1112030029296875,0.36757311506374907,0.3066747656797242,-9.161879730224609,-5.588653850555419
0.22410545349121094,0.2825103759765625,0.37066797473127305,0.3045398830680627,-8.937774276733398,-5.306143474578857
0.03943166732788086,0.1103485107421875,0.3701504614876796,0.3011895268922992,-8.898342609405518,-5.195794963836669
0.35584869384765627,0.27071380615234375,0.36674096765566405,0.29682431612577154,-8.542493915557861,-4.925081157684326
0.27194976806640625,0.15369110107421874,0.36227899170802635,0.29178697496907346,-8.270544147491455,-4.771390056610107
0.3316375732421875,0.2525909423828125,0.35775495800753165,0.28635125098138253,-7.938906574249267,-4.518799114227295
0.18680343627929688,0.2432220458984375,0.3528484512680809,0.2809193713689271,-7.7521031379699705,-4.275577068328857
0.25693359375,0.18539009094238282,0.34711389741984483,0.275650272835249,-7.49516954421997,-4.090186977386475
0.13380012512207032,0.11860504150390624,0.3403066775025656,0.2698990804382234,-7.3613694190979,-3.971581935882569
-0.022048187255859376,0.08589401245117187,0.33149771129300937,0.26301593764385156,-7.38341760635376,-3.885687923431397
-0.05139236450195313,0.13718795776367188,0.3194594415217905,0.25499181924681336,-7.434809970855713,-3.748499965667725
-0.07778472900390625,-0.3312644958496094,0.30401948495949066,0.24468522636178403,-7.512594699859619,-4.0797644615173345
0.07547988891601562,0.09126510620117187,0.286213003945476,0.2309399633027581,-7.437114810943603,-3.9884993553161627
0.06656570434570312,-0.009486770629882813,0.2676655518868699,0.21551409102662306,-7.3705491065979,-3.9979861259460456
0.019214630126953125,-0.031649017333984376,0.24908548077114379,0.19962493456710215,-7.351334476470947,-4.02963514328003
0.31809844970703127,0.06113700866699219,0.2314544626263244,0.18338872797374545,-7.033236026763915,-3.9684981346130384
0.054013824462890624,-0.06257858276367187,0.21591039303797127,0.16724094665405478,-6.979222202301025,-4.031076717376711
0.10716171264648437,0.1883941650390625,0.20170074708361582,0.1517499896909288,-6.87206048965454,-3.842682552337648
0.1082366943359375,0.23028335571289063,0.18824653964306595,0.13855486483702625,-6.7638237953186024,-3.6123991966247573
0.003415679931640625,0.05435867309570312,0.17544032175904314,0.12804814146390334,-6.760408115386962,-3.558040523529054
0.27244110107421876,-0.0348114013671875,0.1635810699879205,0.11849878386005322,-6.487967014312743,-3.5928519248962414
0.30730438232421875,0.269488525390625,0.15438168676316524,0.10970829726737656,-6.1806626319885245,-3.323363399505616
0.5475486755371094,0.37334518432617186,0.14963930573797715,0.10393781390309201,-5.633113956451415,-2.9500182151794445
0.0385894775390625,0.17687530517578126,0.14872009896226002,0.10192201481399371,-5.594524478912352,-2.773142910003663
0.168414306640625,0.16006317138671874,0.14866859607555377,0.10197091572411635,-5.426110172271727,-2.6130797386169444
0.21826248168945311,0.14420623779296876,0.14862187953401856,0.10285688069366618,-5.207847690582274,-2.4688735008239755
0.16672515869140625,0.14114456176757811,0.14922444764453632,0.10424395146668589,-5.041122531890868,-2.3277289390563976
0.09526519775390625,0.17523880004882814,0.1499102811675261,0.10607431758773143,-4.945857334136962,-2.1524901390075692
0.35303421020507814,0.45112762451171873,0.15088518254196676,0.10948433641301114,-4.5928231239318835,-1.7013625144958504
0.18471717834472656,0.22224884033203124,0.1530866817209738,0.11546032681124349,-4.408105945587157,-1.4791136741638191
0.09197216033935547,0.26165924072265623,0.15566165654423927,0.12298199024283915,-4.316133785247802,-1.217454433441163
0.24161720275878906,0.24738922119140624,0.1577725855355649,0.13109355480856533,-4.074516582489013,-0.9700652122497567
0.3002716064453125,0.2266002655029297,0.16042491144117102,0.13954554177621237,-3.7742449760437,-0.7434649467468271
0.27211990356445315,0.2641258239746094,0.1643569267118389,0.14809372471500049,-3.502125072479247,-0.4793391227722177
0.6341178894042969,0.28749771118164064,0.17062286838963867,0.1568797717694537,-2.8680071830749503,-0.19184141159057705
0.24217529296875,0.15860748291015625,0.17985259251943267,0.1655760705682102,-2.6258318901062,-0.0332339286804208
0.444329833984375,0.22492828369140624,0.190634030716541,0.17346249251137405,-2.181502056121825,0.19169435501098545
0.4152496337890625,0.23937149047851564,0.20249781596589833,0.18062254695131777,-1.7662524223327625,0.4310658454895011
0.17313156127929688,0.40572967529296877,0.21474048127047163,0.18801808066937145,-1.5931208610534655,0.8367955207824699
0.21700592041015626,0.11630401611328126,0.22542281250345872,0.1957127101081102,-1.3761149406433093,0.9530995368957511
0.20745010375976564,0.0094329833984375,0.23405042391435846,0.20166529540690636,-1.1686648368835437,0.9625325202941886
-0.02222747802734375,0.1191558837890625,0.24009073940272138,0.20464830799647638,-1.1908923149108874,1.081688404083251
0.06231880187988281,0.02169189453125,0.24248546729244225,0.2051567611438811,-1.1285735130310046,1.1033802986145012
0.2554901123046875,0.346038818359375,0.24227366967962766,0.20445228831193094,-0.8730834007263171,1.4494191169738762
0.21465911865234374,0.0238433837890625,0.24144033776906573,0.20357207134972677,-0.6584242820739733,1.4732625007629387
0.02910308837890625,-0.08134307861328124,0.23983056740937006,0.20101742698115616,-0.629321193695067,1.3919194221496576
-0.4191619873046875,-0.03875732421875,0.23447869744596192,0.19532343020166848,-1.0484831809997546,1.3531620979309076
0.26365814208984373,-0.0051910400390625,0.2246255269502622,0.18713279116187903,-0.7848250389099108,1.3479710578918451
0.16373291015625,0.1709575653076172,0.21410723380146834,0.17800598354526934,-0.6210921287536608,1.5189286231994623
0.21880874633789063,0.26132049560546877,0.20513311725086167,0.1699523907763668,-0.4022833824157702,1.7802491188049312
0.03202896118164063,0.07801132202148438,0.1969423425976578,0.16354254218902745,-0.3702544212341296,1.8582604408264156
0.11711578369140625,0.02383880615234375,0.18868073563577795,0.15740495905440277,-0.25313863754272337,1.8820992469787594
0.05168609619140625,0.2181488037109375,0.18018240516111445,0.15123167532875875,-0.20145254135131713,2.100248050689697
0.022428131103515624,0.18425216674804687,0.17133727045211078,0.146206433823397,-0.1790244102478015,2.284500217437744
0.0509857177734375,0.34331512451171875,0.16198446957639084,0.1432493901499477,-0.128038692474364,2.6278153419494625
0.0420806884765625,0.3379783630371094,0.1524107901212994,0.14307670150798313,-0.0859580039978015,2.965793704986572
0.0007476806640625,0.16656875610351562,0.1426801155774658,0.14515415377017535,-0.085210323333739,3.1323624610900875
-0.034680938720703124,-0.03553915023803711,0.13249902090587115,0.1470924066996183,-0.11989126205444212,3.0968233108520504
-0.11766815185546875,0.017678165435791017,0.12138146289946695,0.14699404978929437,-0.23755941390991087,3.1145014762878414
-0.19055185317993165,-0.47288818359375,0.10864759274805505,0.14306893215032168,-0.4281112670898425,2.641613292694091
0.03729400634765625,-0.26891632080078126,0.0947417565889696,0.1333750898868053,-0.39081726074218626,2.3726969718933097
-0.18014450073242189,-0.11388282775878907,0.08065513773128823,0.11925445836171417,-0.5709617614746081,2.258814144134521
0.19007568359375,-0.3381561279296875,0.0672122585962571,0.10268180034496152,-0.3808860778808581,1.9206580162048335
-0.21730499267578124,-0.3978584289550781,0.054921792962241506,0.08301720058264686,-0.5981910705566393,1.5227995872497553
-0.08493728637695312,-0.2218994140625,0.04264356251825672,0.06044153520008155,-0.6831283569335924,1.3009001731872554
-0.21458146572113038,-0.3637176513671875,0.02956730086932395,0.036300518389347655,-0.8977098226547228,0.9371825218200679
-0.25896146297454836,-0.3574851989746094,0.01539197796256513,0.010831340874715755,-1.1566712856292711,0.5796973228454585
-0.12446670532226563,-0.242279052734375,0.00019800197533078115,-0.015432020016554108,-1.2811379909515368,0.3374182701110835
0.0333465576171875,-0.370343017578125,-0.014243647195186894,-0.04158654153992994,-1.2477914333343494,-0.03292474746704149
-0.3571014404296875,-0.5945068359375,-0.027630132308644126,-0.06859327512846823,-1.6048928737640369,-0.6274315834045414
-0.26780548095703127,-0.2049346923828125,-0.041872532782880584,-0.09659882644737057,-1.8726983547210683,-0.8323662757873539
-0.18819732666015626,-0.6724197387695312,-0.057104124002739384,-0.1247179803391607,-2.0608956813812247,-1.5047860145568852
-0.22631187438964845,-0.22886695861816406,-0.07218119814044249,-0.15289373650724278,-2.2872075557708733,-1.7336529731750492
-0.3540763854980469,-0.3284341812133789,-0.08736098046255845,-0.17954957351235482,-2.64128394126892,-2.0620871543884283
-0.06603679656982422,-0.23712234497070311,-0.10242713867841523,-0.20333089851919853,-2.7073207378387445,-2.299209499359131
-0.2498870849609375,-0.4647968292236328,-0.11622210782007361,-0.2248849817458426,-2.957207822799682,-2.764006328582764
-0.24564037322998047,-0.15749015808105468,-0.12902614334437515,-0.2444676705843939,-3.2028481960296626,-2.9214964866638184
-0.3142086029052734,-0.2280803680419922,-0.14169851787766968,-0.2609705411141357,-3.517056798934936,-3.1495768547058107
-0.17924423217773439,-0.2764892578125,-0.15406957340255661,-0.27422963691002616,-3.6963010311126707,-3.4260661125183107
-0.3328502655029297,-0.4524803161621094,-0.16583620257809745,-0.285824705113182,-4.0291512966156,-3.87854642868042
-0.3668251037597656,-0.5426034927368164,-0.1776732295109181,-0.2976351915213561,-4.395976400375366,-4.4211499214172365
-0.12382659912109376,-0.27835445404052733,-0.1893200534143309,-0.3097880794062588,-4.519802999496459,-4.699504375457764
-0.40486679077148435,-0.26631789207458495,-0.20001967621008496,-0.3204203170983425,-4.924669790267943,-4.9658222675323485
-0.35263671875,-0.4931182384490967,-0.21073776936940905,-0.32940265561148163,-5.277306509017944,-5.458940505981445
-0.4759407043457031,-0.22855682373046876,-0.22240213995839836,-0.33751465159303323,-5.753247213363647,-5.687497329711914
-0.45236358642578123,0.05801544189453125,-0.23530832413930797,-0.3426477072876889,-6.205610799789428,-5.629481887817383
-0.35335464477539064,-0.38338699340820315,-0.24898437480621785,-0.34377720256339017,-6.5589654445648184,-6.012868881225587
-0.1546039581298828,-0.31362190246582033,-0.2615844641619088,-0.3434453254918053,-6.713569402694701,-6.3264907836914075
-0.4649784088134766,-0.31742095947265625,-0.2724271195887143,-0.3430018662522506,-7.178547811508178,-6.643911743164064
-0.0004505157470703125,-0.170947265625,-0.28148738004813717,-0.3417157866809732,-7.178998327255249,-6.814859008789064
-0.6471199035644531,-0.16446914672851562,-0.28902556244617156,-0.33867224706365656,-7.826118230819702,-6.97932815551758
-0.23467559814453126,-0.4611194610595703,-0.29668823257193633,-0.33469845359112954,-8.060793828964233,-7.44044761657715
-0.5202022552490234,-0.3581699371337891,-0.30473274788659493,-0.3317558697658542,-8.580996084213256,-7.7986175537109395
-0.25036773681640623,-0.28726806640625,-0.3125775749251045,-0.32979111233131797,-8.831363821029662,-8.085885620117189
-0.053938674926757815,-0.20218048095703126,-0.3185097544811786,-0.32747885759963075,-8.88530249595642,-8.28806610107422
-0.37093582153320315,-0.22365493774414064,-0.3215027638132422,-0.3241138508856443,-9.256238317489624,-8.51172103881836
-0.09258880615234374,-0.41461029052734377,-0.32256843252707695,-0.3204552140815665,-9.348827123641968,-8.926331329345704
0.17213134765625,-0.18429412841796874,-0.32017829112667356,-0.3172305580219317,-9.176695775985717,-9.110625457763673
0.246136474609375,0.20576705932617187,-0.31173606281612476,-0.3120265758917215,-8.930559301376341,-8.9048583984375
-0.11915740966796876,0.11670074462890626,-0.2981776386613979,-0.3019040102088659,-9.04971671104431,-8.788157653808595
-0.17536468505859376,0.11488037109375,-0.28311394446462196,-0.28704939453255723,-9.225081396102903,-8.673277282714844
-0.09404449462890625,0.00761871337890625,-0.2684438813980406,-0.2691726111918418,-9.31912589073181,-8.665658569335937
-0.022210693359375,0.008600616455078125,-0.25367025431508816,-0.24980467239752668,-9.341336584091184,-8.657057952880859
-0.04226837158203125,0.02400360107421875,-0.23828175521793044,-0.22979451421983782,-9.383604955673215,-8.63305435180664
-0.3150970458984375,-0.05533599853515625,-0.22347464998471195,-0.20970880064998618,-9.698702001571652,-8.688390350341797
-0.22244644165039062,-0.07366790771484374,-0.2110820721785149,-0.19043610287691654,-9.921148443222043,-8.76205825805664
-0.18413238525390624,-0.15101318359375,-0.2010686556057236,-0.1728234926946078,-10.10528082847595,-8.913071441650391
-0.3599029541015625,-0.4515071868896484,-0.1932156022054168,-0.1585707522671981,-10.465183782577512,-9.36457862854004
-0.24534873962402343,-0.34273757934570315,-0.18800446009579044,-0.14940008692842907,-10.710532522201536,-9.707316207885743
0.16945953369140626,-0.40674896240234376,-0.18338509383346538,-0.14514915918651242,-10.54107298851013,-10.114065170288086
-0.1729339599609375,0.10319900512695312,-0.17714862534011938,-0.14330138719629004,-10.714006948471068,-10.010866165161133
-0.2588157653808594,-0.2410858154296875,-0.17093750800643776,-0.14127724183122883,-10.972822713851928,-10.251951980590821
-0.11825103759765625,-0.3828590393066406,-0.1661906255586482,-0.14029513143000288,-11.091073751449583,-10.634811019897462
-0.051063919067382814,-0.2965431213378906,-0.16178788532552402,-0.142160817279193,-11.142137670516966,-10.931354141235353
0.07383880615234376,0.020484161376953126,-0.15628893667380897,-0.14512366630152396,-11.068298864364623,-10.9108699798584
-0.04083442687988281,0.15135574340820312,-0.14921918801175357,-0.1458791905656031,-11.109133291244506,-10.759514236450197
-0.0030853271484375,-0.11038894653320312,-0.1411783586642915,-0.14362767164737658,-11.112218618392943,-10.8699031829834
0.2547515869140625,-0.20709915161132814,-0.1316491199865657,-0.14066351867312324,-10.85746703147888,-11.077002334594727
0.29944839477539065,0.23917465209960936,-0.11884566060770371,-0.13717790385900872,-10.558018636703489,-10.837827682495117
-0.06783676147460938,0.09391860961914063,-0.10355919541428264,-0.13095002742271997,-10.625855398178098,-10.743909072875976
0.02269287109375,-0.054453277587890626,-0.08858608676919195,-0.12248983779697205,-10.603162527084349,-10.798362350463867
-0.2635955810546875,-0.0009426116943359375,-0.07580352226239777,-0.1136903409556041,-10.866758108139036,-10.799304962158203
-0.056101226806640626,0.1835968017578125,-0.06603436185091116,-0.10421567379910546,-10.922859334945677,-10.615708160400391
-0.16090469360351561,-0.141265869140625,-0.05884294464556822,-0.09395908792652398,-11.083764028549194,-10.756974029541016
-0.2950225830078125,-0.5914226531982422,-0.0544071302155355,-0.08651155818324052,-11.378786611557006,-11.348396682739258
-0.13795928955078124,-0.24588623046875,-0.05312471240920739,-0.08470938427439781,-11.516745901107788,-11.594282913208009
-0.5666030883789063,0.14462509155273437,-0.05540131558123896,-0.08537267740212708,-12.083348989486694,-11.449657821655274
-0.2573089599609375,-0.5405662536621094,-0.062040309877543366,-0.0864919120303609,-12.340657949447632,-11.990224075317384
0.08539810180664062,-0.020510482788085937,-0.07030614652393938,-0.08964194412127291,-12.25525984764099,-12.01073455810547
-0.25005531311035156,-0.2705963134765625,-0.07742658976724655,-0.0940668122484669,-12.505315160751342,-12.281330871582034
0.10964431762695312,-0.16385116577148437,-0.08337089628897054,-0.09903623702112893,-12.395670843124389,-12.445182037353518
-0.2058013916015625,-0.24637260437011718,-0.08799636350668662,-0.10482096767249481,-12.601472234725952,-12.691554641723636
-0.5782485961914062,0.002193450927734375,-0.09378177022238564,-0.11051536435895037,-13.179720830917358,-12.689361190795902
-0.3776641845703125,0.044219970703125,-0.10356820675075401,-0.11439784746615453,-13.55738501548767,-12.645141220092777
-0.5735336303710937,-0.30897064208984376,-0.11716781479517421,-0.11678168878821528,-14.130918645858763,-12.95411186218262
-0.22078971862792968,0.12974624633789061,-0.13317750081164334,-0.11869354896203005,-14.351708364486694,-12.824365615844728
-0.39935760498046874,-0.510174560546875,-0.1497739725038167,-0.12060152616489192,-14.751065969467163,-13.334540176391604
-0.27921905517578127,-0.2667274475097656,-0.16620206421455108,-0.1246432102330242,-15.030285024642945,-13.60126762390137
-0.11163482666015626,-0.32615814208984373,-0.181420774210527,-0.13118209635499925,-15.1419198513031,-13.927425765991213
-0.139166259765625,-0.1061981201171875,-0.19385727585493098,-0.1384690322051548,-15.281086111068726,-14.033623886108401
-0.12818145751953125,0.0472930908203125,-0.2033370995318307,-0.14434275019391454,-15.409267568588257,-13.986330795288088
-0.050561714172363284,-0.23176116943359376,-0.20994334423916527,-0.14805048512414054,-15.459829282760621,-14.218091964721681
-0.09975128173828125,-0.3224700927734375,-0.21362431601537923,-0.15168509970218438,-15.559580564498903,-14.54056205749512
0.03144149780273438,0.1047943115234375,-0.21440302317991938,-0.1553261133201158,-15.528139066696168,-14.435767745971681
0.047564697265625,-0.0645721435546875,-0.21191020567211605,-0.15676681673041062,-15.480574369430544,-14.50033988952637
0.11440277099609375,0.09592132568359375,-0.20588064963375646,-0.1554427006255373,-15.36617159843445,-14.404418563842775
0.371966552734375,-0.06270294189453125,-0.19550221000597534,-0.15184847593651132,-14.994205045700076,-14.467121505737307
0.4527801513671875,0.23366928100585938,-0.17923293913857735,-0.14590017766633082,-14.541424894332888,-14.233452224731447
0.4637420654296875,0.5555252075195313,-0.1567097841355619,-0.13532935887161146,-14.0776828289032,-13.677927017211916
0.2307861328125,0.4266975402832031,-0.12974888881722813,-0.11810367492807472,-13.846896696090699,-13.251229476928712
0.2849082946777344,0.328863525390625,-0.1009150444338736,-0.0956780133006714,-13.561988401412965,-12.922365951538087
0.2136810302734375,0.2953514099121094,-0.07164053765983072,-0.07052049046282952,-13.348307371139526,-12.627014541625977
0.28882484436035155,0.34862213134765624,-0.0424689729161626,-0.04384448816199032,-13.059482526779174,-12.27839241027832
0.18282699584960938,-0.11715927124023437,-0.013903748809187929,-0.01770611358530596,-12.876655530929565,-12.395551681518555
0.48139801025390627,0.21554698944091796,0.014325736654918216,0.005627571363190601,-12.395257520675658,-12.180004692077636
0.22440757751464843,0.2745368957519531,0.04271322536405626,0.02721183590161157,-12.17084994316101,-11.905467796325683
0.3318138122558594,0.2112894058227539,0.0704305950175027,0.048422011600391786,-11.83903613090515,-11.694178390502929
0.2453521728515625,0.4553672790527344,0.09671952768105622,0.0696512314263082,-11.593683958053587,-11.238811111450195
0.4035987854003906,0.19204559326171874,0.12176759550485336,0.09117406785025657,-11.190085172653196,-11.046765518188476
0.3494728088378906,0.3844940185546875,0.1460510436491907,0.11230454392960215,-10.840612363815305,-10.662271499633789
0.26325454711914065,-0.11534652709960938,0.16921138821580708,0.13143047497169713,-10.577357816696164,-10.777618026733398
0.11479034423828124,0.136126708984375,0.18973774623008208,0.14658838191171505,-10.462567472457883,-10.641491317749024
0.23520164489746093,0.20746307373046874,0.20681007548619068,0.15847434970643817,-10.227365827560421,-10.434028244018554
0.5250858306884766,0.4100074768066406,0.2221277939874362,0.1696099438035816,-9.702279996871944,-10.024020767211914
0.24217300415039061,0.045771026611328126,0.23726588858970213,0.18036233232428264,-9.460106992721553,-9.978249740600585
0.3347164154052734,0.20900917053222656,0.2513700945806475,0.18932459231221174,-9.12539057731628,-9.769240570068359
0.6006515502929688,0.3491233825683594,0.26501326195999625,0.19702904950350686,-8.52473902702331,-9.420117187499999
0.3321861267089844,0.346575927734375,0.2793619426690485,0.20516575351349972,-8.192552900314325,-9.073541259765625
0.3353302001953125,0.3145332336425781,0.29312332745673136,0.213919400905563,-7.857222700119013,-8.759008026123047
0.24051895141601562,0.17442398071289061,0.30490078272011595,0.22231397625791743,-7.616703748702997,-8.584584045410155
0.22671966552734374,0.43088302612304685,0.31412136974027405,0.230084235542037,-7.389984083175653,-8.153701019287109
0.5212692260742188,0.6665279388427734,0.32169125277856014,0.23942288895285851,-6.868714857101434,-7.487173080444335
0.35054931640625,0.716977310180664,0.329234793547317,0.25275767282344386,-6.518165540695184,-6.770195770263671
0.7697723388671875,0.3763404846191406,0.33799547053032697,0.2692299422712424,-5.748393201827997,-6.3938552856445305
0.0317291259765625,0.22617454528808595,0.34739353203117757,0.28526172998037896,-5.716664075851434,-6.167680740356444
-0.010439300537109375,0.26276092529296874,0.35320870975027596,0.29850362605183195,-5.727103376388544,-5.904919815063476
0.18518142700195311,0.270263671875,0.3536701973119877,0.30896637209860917,-5.541921949386591,-5.634656143188476
0.16688308715820313,0.16731338500976561,0.35084094883928485,0.3167648899853081,-5.375038862228388,-5.46734275817871
0.018087005615234374,0.20144386291503907,0.3453347855235372,0.32162506592707324,-5.356951856613154,-5.265898895263671
0.4065704345703125,0.40590667724609375,0.3379302329571135,0.3245697733560606,-4.950381422042842,-4.859992218017577
0.2937713623046875,0.1564910888671875,0.3309101636417687,0.3265695308080063,-4.656610059738155,-4.70350112915039
0.13966217041015624,0.02999114990234375,0.3243454586826206,0.3262249725920565,-4.516947889327998,-4.673509979248046
0.11448020935058593,0.001910400390625,0.31664108530858787,0.3220014994961026,-4.402467679977412,-4.671599578857421
0.28750152587890626,0.12015151977539062,0.30798030520206504,0.31435854445651457,-4.114966154098505,-4.5514480590820305
0.09407424926757812,0.23750152587890624,0.29910582844928346,0.30514335144207066,-4.020891904830927,-4.313946533203124
0.11746444702148437,0.08343467712402344,0.2894912868651826,0.29546566693440224,-3.903427457809443,-4.230511856079101
0.0264801025390625,-0.03475799560546875,0.2785358351966055,0.28442197701255895,-3.8769473552703806,-4.26526985168457
-0.008966064453125,-0.03907318115234375,0.2659138113184493,0.270964957611062,-3.8859134197235057,-4.304343032836914
0.12010116577148437,-0.10557403564453124,0.25196059019596856,0.2549823336154905,-3.765812253952021,-4.4099170684814455
-0.03704071044921875,-0.01537322998046875,0.23733243990606337,0.2369462162228651,-3.80285296440124,-4.425290298461914
-0.04098587036132813,0.03613204956054687,0.22166608193980403,0.21805128411350266,-3.843838834762568,-4.389158248901367
0.13654556274414062,-0.03330154418945312,0.20540277804873133,0.19915937745202017,-3.7072932720184273,-4.4224597930908205
0.19449462890625,0.2835960388183594,0.19035683357910202,0.18137499062788123,-3.5127986431121774,-4.138863754272461
0.1272125244140625,0.13941726684570313,0.17736704063485534,0.16629720491074163,-3.385586118698115,-3.999446487426758
0.1774261474609375,-0.03350677490234375,0.16619118169568026,0.15318085085534475,-3.2081599712371776,-4.032953262329102
0.2746368408203125,0.47287139892578123,0.15716792394691542,0.1419558036929011,-2.933523130416865,-3.5600818634033202
0.29239044189453123,0.2118408203125,0.15102778986201293,0.1345729736579344,-2.6411326885223336,-3.34824104309082
0.24874420166015626,0.28839797973632814,0.14771289361466383,0.13073419721654272,-2.392388486862177,-3.0598430633544917
0.07047348022460938,0.092034912109375,0.14591376918865226,0.1288160459020783,-2.321915006637568,-2.9678081512451167
0.24200515747070311,0.35461578369140623,0.14458156531196406,0.12833951538887717,-2.079909849166865,-2.6131923675537103
0.17177181243896483,0.04232864379882813,0.14400202164988565,0.1291365862489934,-1.9081380367279002,-2.5708637237548824
0.01081695556640625,0.03423385620117188,0.14359056725934857,0.12964800428503973,-1.897321081161494,-2.5366298675537107
0.0601806640625,0.36097869873046873,0.1420843571131496,0.12990659795432338,-1.837140417098994,-2.175651168823242
0.2583961486816406,0.11490859985351562,0.14017596297736157,0.13139601276859944,-1.5787442684173534,-2.0607425689697263
0.2580593109130859,0.6281742095947266,0.13957182059280404,0.13515414698741368,-1.3206849575042674,-1.4325683593749998
0.22080001831054688,0.24125022888183595,0.14064881811532143,0.142182434587619,-1.0998849391937204,-1.191318130493164
0.395758056640625,0.21963768005371093,0.1434801727447929,0.1508245976635908,-0.7041268825530954,-0.971680450439453
0.18819236755371094,0.06174736022949219,0.14811983237110088,0.1585629796077547,-0.5159345149993845,-0.9099330902099607
0.2656707763671875,0.36383590698242185,0.1536169290583334,0.16530476658392543,-0.250263738632197,-0.5460971832275389
0.03518199920654297,0.18277969360351562,0.15872693186531817,0.17207513673552402,-0.215081739425654,-0.3633174896240232
0.2695945739746094,0.13472061157226561,0.16289889549024453,0.17837991363373137,0.05451283454895539,-0.2285968780517576
0.23315200805664063,0.23486480712890626,0.16695630689645277,0.18356242189014255,0.287664842605596,0.006267929077148654
0.34354629516601565,0.24173355102539062,0.171843852582685,0.18830651233198253,0.6312111377716116,0.24800148010253928
0.12922515869140624,-0.13575592041015624,0.1772470065531564,0.19166013763194426,0.7604362964630179,0.11224555969238303
-0.005706691741943359,0.12660369873046876,0.1813622712710307,0.1920418740815363,0.7547296047210745,0.2388492584228518
-0.0473114013671875,-0.09266357421875,0.18243547974215837,0.1896691727004176,0.707418203353887,0.14618568420410177
0.00606689453125,0.1697296142578125,0.18034966824779156,0.18533713426754825,0.713485097885137,0.31591529846191424
-0.022914886474609375,0.307366943359375,0.1757803963688776,0.18103250332238408,0.6905702114105277,0.6232822418212892
0.2608768463134766,0.21013717651367186,0.17020940771360643,0.17840830388452988,0.9514470577240042,0.833419418334961
0.3067840576171875,0.36048736572265627,0.16599741060344264,0.17756767550219407,1.2582311153411916,1.1939067840576172
0.17088470458984376,0.3475139617919922,0.16385229602249352,0.1789223182499036,1.4291158199310354,1.5414207458496094
0.28205108642578125,0.2037628173828125,0.16305311543686296,0.18202510593298918,1.7111669063568167,1.745183563232422
0.14175338745117189,0.22972259521484376,0.1631972243087713,0.18555225002991282,1.8529202938079885,1.9749061584472658
0.28740501403808594,0.18671646118164062,0.1640428360084834,0.18889522147168789,2.1403253078460747,2.1616226196289063
-0.08564872741699218,0.011948013305664062,0.16465929504368246,0.1911851315835346,2.0546765804290823,2.1735706329345703
0.20824432373046875,0.16090087890625,0.16396470835497498,0.19167805877698058,2.262920904159551,2.33447151184082
-0.05975341796875,0.09069137573242188,0.1619896902840953,0.19085113150530256,2.203167486190801,2.425162887573242
0.4451568603515625,0.1016413688659668,0.15992313641821196,0.1890017900699782,2.6483243465423634,2.526804256439209
0.32129669189453125,0.0823822021484375,0.16004795195774998,0.1860785809071592,2.9696210384368946,2.6091864585876463