-0.01569011429983979,-0.5069922647568474,-0.30602804470111966,-0.0001569011429983979,-0.005069922647568475,-1.569011429983979e-06,-5.069922647568475e-05
-0.10562437230548564,0.12964882749614715,0.6956241834151539,-0.0012131448660532545,-0.0037734343726070034,-1.3700460090516525e-05,-8.843357020175478e-05
0.3223768741979095,0.447548943379263,0.8955380678921505,0.0020106238759258406,0.000702055061185626,6.405778668741879e-06,-8.141301958989851e-05
-0.6662780347942322,0.008438936073243293,0.20651917920061155,-0.004652156472016481,0.0007864444219180589,-4.011578605142293e-05,-7.354857537071792e-05
0.193647611678645,0.3341145524492256,-0.5414602981961985,-0.002715680355230031,0.004127589946410316,-6.727258960372324e-05,-3.227267590661476e-05
0.12506101869474331,-0.039804452186465264,0.4775903847060664,-0.0014650701682825979,0.003729545424545663,-8.192329128654922e-05,5.022778338841865e-06
-0.009879201047379292,-0.3952507814700542,0.8713813979234319,-0.0015638621787563908,-0.00022296239015487948,-9.756191307411314e-05,2.79315443729307e-06
-0.054551093965667215,-0.1619668417004654,-0.5361794746973052,-0.002109373118413063,-0.0018426308071595335,-0.00011865564425824377,-1.5633153634302265e-05
-0.08044304358648054,-0.10518869916289007,-1.3627687425267099,-0.0029138035542778684,-0.002894517798788434,-0.00014779367980102245,-4.4578331622186606e-05
-0.08881493258625164,-0.21578641336140997,1.253048676293769,-0.003801952880140385,-0.0050523819324025335,-0.0001858132086024263,-9.510215094621195e-05
-0.5885036568648814,0.04087647280323489,0.4700263835707963,-0.009686989448789199,-0.004643617204370185,-0.0002826831030903183,-0.0001415383229899138
0.1052444535738155,0.26650623977355614,-0.20105080478962234,-0.008634544913051044,-0.0019785548066346237,-0.0003690285522208287,-0.00016132387105626005
-0.28185395354299236,-0.1344264182809186,-1.706665499276537,-0.011453084448480966,-0.00332281898944381,-0.0004835593967056384,-0.00019455206095069815
-0.18827096420294503,-0.08509749537865265,-1.2495873777719984,-0.013335794090510417,-0.004173793943230336,-0.0006169173376107426,-0.00023629000038300152
-0.6270410581313802,-0.40277795787350273,-2.3249520096541985,-0.01960620467182422,-0.008201573521965363,-0.0008129793843289848,-0.00031830573560265513
0.1968868051477836,0.05601075807980468,-0.032807234056426215,-0.017637336620346385,-0.007641465941167317,-0.0009893527505324487,-0.0003947203950143283
0.010912528001220693,0.04697071828427557,-0.8398871221650701,-0.01752821134033418,-0.007171758758324561,-0.0011646348639357904,-0.00046643798259757394
0.19067499256519418,-0.3600569437100786,-0.21927972415179517,-0.015621461414682238,-0.010772328195425347,-0.0013208494780826128,-0.0005741612645518274
-0.14051570880659195,-0.2308581586822309,-0.3617761151978003,-0.017026618502748156,-0.013080909782247655,-0.0014911156631100943,-0.0007049703623743039
-0.3713910913533227,-0.29390845434714274,0.16139320152150927,-0.020740529416281385,-0.016019994325719083,-0.001698520957272908,-0.0008651703056314948
-0.20853879558464947,0.18218384383855954,2.099706946836226,-0.022825917372127878,-0.014198155887333488,-0.001926780130994187,-0.0010071518645048297
-0.21277675253589692,0.375970058606241,-0.06564233481174767,-0.024953684897486846,-0.010438455301271079,-0.0021763169799690553,-0.0011115364175175405
-0.4401829491392386,0.46833035666987105,1.1575513009553993,-0.029355514388879234,-0.005755151734572368,-0.0024698721238578477,-0.0011690879348632641
0.4459365207501335,-0.6361043067374686,-0.7537074651024329,-0.024896149181377898,-0.012116194801947054,-0.002718833615671627,-0.0012902498828827346
-0.7886292949147785,-0.3254960422436866,-0.9420930156876157,-0.03278244213052568,-0.01537115522438392,-0.0030466580369768836,-0.0014439614351265738
0.22306382283909365,0.22377428717418174,0.16861317099125753,-0.030551803902134744,-0.013133412352642104,-0.0033521760759982313,-0.0015752955586529947
0.13722803594048982,-0.07092698578225379,-0.4843883784708622,-0.029179523542729846,-0.01384268221046464,-0.0036439713114255297,-0.0017137223807576411
-0.6349749862003511,-0.22541880352849625,-1.0015671133270452,-0.03552927340473336,-0.016096870245749604,-0.003999264045472863,-0.0018746910832151372
-0.04035154341100178,-0.08579737643152517,-0.8624704781366893,-0.03593278883884338,-0.016954844010064855,-0.004358591933861297,-0.002044239523315786
-0.01124075429373619,0.11307990536293584,-0.9671308616996702,-0.03604519638178074,-0.015824044956435496,-0.004719043897679104,-0.002202479972880141
-0.005704959423819349,-0.2451949364528878,1.6954214640621375,-0.03610224597601894,-0.018275994320964373,-0.005080066357439293,-0.0023852399160897847
-0.2563826638565652,0.24673103159472037,-0.22666513215667802,-0.03866607261458459,-0.01580868400501717,-0.005466727083585139,-0.0025433267561399565
-0.41048593594018473,-0.16240619932005798,0.9879168662502797,-0.04277093197398643,-0.01743274599821775,-0.005894436403325003,-0.002717654216122134
-0.13112086340184637,0.06104216226993208,0.42634732762817035,-0.044082140608004895,-0.01682232437551843,-0.006335257809405052,-0.0028858774598773183
-0.12753227522148472,-0.5730614688523691,-0.6372698176285626,-0.045357463360219744,-0.02255293906404212,-0.00678883244300725,-0.0031114068505177393
-0.01916208046143283,0.15754346913801784,0.26455242277427427,-0.045549084164834074,-0.02097750437266194,-0.00724432328465559,-0.0033211818942443586
-0.6664656588485544,0.27464408620065617,-0.0187590929409921,-0.05221374075331962,-0.018231063510655378,-0.0077664606921887865,-0.0035034925293509125
-0.01457293314168004,-0.25869645006240943,-0.25334563013790967,-0.05235947008473642,-0.020818028011279473,-0.00829005539303615,-0.003711672809463707
0.19807697421164264,-0.06933017690760664,0.6233773865096844,-0.05037870034261999,-0.02151132978035554,-0.00879384239646235,-0.003926786107267263
-0.16826720450202187,0.17093565880155642,0.02131757900529742,-0.05206137238764021,-0.019801973192339974,-0.009314456120338753,-0.004124805839190663
0.32809875945616845,-0.08834106852887771,1.6450796331382032,-0.04878038479307853,-0.020685383877628753,-0.009802259968269538,-0.004331659677966951
0.06051146404455635,0.3116444592654307,1.0409696766996586,-0.04817527015263297,-0.017568939284974446,-0.010284012669795868,-0.004507349070816695
0.06098198726420997,0.0586796509156939,-0.010080401359394881,-0.047565450279990866,-0.016982142775817506,-0.010759667172595777,-0.00467717049857487
-0.4746497544554818,0.14335349382711532,-1.0724053779978315,-0.052311947824545686,-0.015548607837546352,-0.011282786650841233,-0.004832656576950334
-0.27743662346898607,0.3575985914512856,0.2467363741895497,-0.055086314059235544,-0.011972621923033496,-0.011833649791433589,-0.004952382796180669
-0.11810686655741211,-0.34705324348271915,1.9716487923844066,-0.05626738272480967,-0.015443154357860688,-0.012396323618681685,-0.005106814339759276
0.05381877061356529,-0.21971120756298165,-0.16954364822290274,-0.055729195018674016,-0.017640266433490506,-0.012953615568868425,-0.0052832170040941805
-0.4460804259928284,-0.12347832334538798,0.5232265826705135,-0.0601899992786023,-0.018875049666944387,-0.013555515561654448,-0.0054719675007636245
-0.43819602265415436,-0.4924882450177768,-0.5493649837291195,-0.06457195950514384,-0.023799932117122155,-0.014201235156705886,-0.005709966821934846
-0.03666463671381708,0.5829272365050736,-0.30448326382982915,-0.06493860587228201,-0.01797065975207142,-0.014850621215428706,-0.00588967341945556
0.19442269560021364,-0.10566583317677579,-1.2835694082595244,-0.06299437891627988,-0.019027318083839177,-0.015480565004591504,-0.006079946600293952
0.11612797662561987,0.11486730453589683,-0.483442195087937,-0.061833099150023677,-0.017878645038480207,-0.016098895996091742,-0.0062587330506787536
0.3113832896766613,-0.34263224373601897,-1.0568238364826106,-0.05871926625325706,-0.021304967475840396,-0.016686088658624313,-0.006471782725437157
0.6495392654941634,0.0305236472291142,1.2895959629161846,-0.05222387359831543,-0.020999731003549255,-0.017208327394607467,-0.00668178003547265
0.10355533942107266,-0.5100873809542993,-0.015286013017286179,-0.0511883202041047,-0.02610060481309225,-0.017720210596648515,-0.006942786083603572
-0.6020704637314412,-0.6698045488310064,-1.1685520718621785,-0.05720902484141911,-0.03279865030140231,-0.018292300845062708,-0.007270772586617596
0.47609581939665824,0.5147511486009003,-0.0641525386173481,-0.05244806664745253,-0.027651138815393307,-0.018816781511537234,-0.007547283974771528
0.16626675950499728,-0.0905887505308614,1.3281160775419563,-0.050785399052402556,-0.028557026320701923,-0.01932463550206126,-0.007832854237978547
-0.09937023437003133,0.0708196501588464,-0.4078809856944816,-0.05177910139610287,-0.02784882981911346,-0.01984242651602229,-0.008111342536169682
0.07143058800579843,-0.19133787252063786,0.16249858828583402,-0.051064795516044884,-0.029762208544319838,-0.02035307447118274,-0.00840896462161288
-0.3549725976873427,0.3528486197537194,0.06005983832932191,-0.05461452149291831,-0.026233722346782645,-0.020899219686111924,-0.008671301845080708
0.34902858065094994,-0.0024031349300373925,0.363013709305136,-0.05112423568640881,-0.02625775369608302,-0.021410462042976013,-0.008933879382041538
-0.6035475970128938,-0.37624670700602736,0.5676256660793788,-0.05715971165653775,-0.030020220766143295,-0.021982059159541392,-0.00923408158970297
0.5067331241651025,-0.8854702290934616,-0.2661243288851429,-0.05209238041488672,-0.03887492305707791,-0.02250298296369026,-0.009622830820273749
-0.09549191850217444,0.031245469156328667,-0.17077963944591332,-0.05304729959990847,-0.03856246836551462,-0.023033455959689347,-0.010008455503928895
-0.03457448445929659,-0.8657591513609523,1.1844991879776017,-0.053393044444501436,-0.04722005987912414,-0.02356738640413436,-0.010480656102720136
0.05571657459616998,-0.8580290620956743,-1.2535478751672837,-0.052835878698539736,-0.055800350500080885,-0.024095745191119757,-0.011038659607720944
-0.006696403897764564,-0.8911232878010225,1.045245752787245,-0.05290284273751738,-0.0647115833780911,-0.02462477361849493,-0.011685775441501855
0.3647650427673762,-0.12287939986327918,-0.111010394846844,-0.04925519230984362,-0.0659403773767239,-0.025117325541593367,-0.012345179215269094
-0.20458650246494242,-0.18792624271671626,-0.07668054997006035,-0.05130105733449304,-0.06781963980389107,-0.0256303361149383,-0.013023375613308005
-0.41788593889433134,-0.031286007166247055,-0.19974513823587278,-0.05547991672343636,-0.06813249987555353,-0.026185135282172662,-0.01370470061206354
0.20515526500587472,-0.18535328236270698,-0.661967194578285,-0.05342836407337761,-0.0699860326991806,-0.026719418922906437,-0.014404560939055348
-0.39435637920256356,-0.011473966479591069,-0.16019706664054076,-0.057371927865403245,-0.07010077236397652,-0.02729313820156047,-0.015105568662695112
-0.2621430486768903,0.05807056899000534,-0.03276326736992352,-0.05999335835217215,-0.06952006667407647,-0.027893071785082192,-0.015800769329435877
0.3842352852942702,0.5043719271039903,0.5240238245962031,-0.056151005499229446,-0.06447634740303657,-0.028454581840074485,-0.016445532803466244
-0.27804844733104456,-0.010222224076295127,0.4212099521433146,-0.05893148997253989,-0.06457856964379952,-0.029043896739799884,-0.017091318499904237
0.27801464542854964,-0.11342567041794463,-0.823120803343067,-0.0561513435182544,-0.06571282634797897,-0.029605410174982427,-0.017748446763384027
-0.10779207039658202,0.35485665029617763,-1.1082437568305166,-0.057229264222220216,-0.06216425984501719,-0.030177702817204628,-0.0183700893618342
-0.026127176657358694,0.09182157459006637,-0.19294747242676247,-0.057490535988793806,-0.06124604409911653,-0.030752608177092567,-0.018982549802825367
0.10654259296192875,-0.09012009893400474,-0.5143171211823903,-0.05642511005917452,-0.06214724508845657,-0.031316859277684315,-0.019604022253709934
-0.4447974821002518,-0.12751041135942628,-0.39843374202926457,-0.060873084880177036,-0.06342234920205084,-0.03192559012648609,-0.02023824574573044
-0.2666733149468223,0.21198400983230337,-0.008061386323154705,-0.06353981802964526,-0.0613025091037278,-0.03256098830678254,-0.02085127083676772
-0.07858227010055699,-0.0971646891529717,0.41102180664548904,-0.06432564073065082,-0.06227415599525752,-0.03320424471408905,-0.021474012396720296
-0.34056829913542386,0.5457979978142977,0.0776763249090128,-0.06773132372200506,-0.05681617601711454,-0.0338815579513091,-0.022042174156891442
0.6296081324141299,-0.5837945999243153,0.015830016853774612,-0.061435242397863764,-0.0626541220163577,-0.034495910375287736,-0.022668715377055018
-0.09779200354985888,0.057892453186236356,0.24822436994143762,-0.062413162433362354,-0.06207519748449534,-0.03512004199962136,-0.023289467351899972
-0.41823880409308006,-0.22063442722880908,-0.17305698388781318,-0.06659555047429315,-0.06428154175678343,-0.03578599750436429,-0.023932282769467808
0.3046952032251468,0.35520083090196075,0.011296048012698073,-0.06354859844204168,-0.060729533447763814,-0.03642148348878471,-0.024539578103945445
-0.256127718804303,-0.6966427207147327,-0.6049707391147928,-0.0661098756300847,-0.06769596065491114,-0.03708258224508556,-0.025216537710494556
-0.11466202427161062,0.2552952826239414,0.6734719215703374,-0.06725649587280082,-0.06514300782867173,-0.037755147203813566,-0.025867967788781275
0.06681392442145415,0.07525135027634088,0.7564056355979574,-0.06658835662858628,-0.06439049432590832,-0.03842103077009943,-0.026511872732040358
-0.25781156681223777,0.00020625657068740804,-0.351247305639549,-0.06916647229670866,-0.06438843176020145,-0.039112695493066514,-0.027155757049642373
0.578226442459144,-0.43194034910872053,-0.707745783021101,-0.06338420787211722,-0.06870783525128865,-0.039746537571787685,-0.02784283540215526
-0.1472152080299077,0.7748870782018769,-0.3319151373142274,-0.0648563599524163,-0.060958964469269884,-0.04039510117131185,-0.02845242504684796
-0.26639565201861604,0.12947414808514537,-0.33982694087568344,-0.06752031647260247,-0.05966422298841843,-0.04107030433603787,-0.029049067276732145
0.6084272780920119,-0.3063608812091249,0.5942731579417434,-0.061436043691682346,-0.06272783180050968,-0.041684664772954697,-0.029676345594737242
-0.3030633900395209,-0.5143163548339057,-1.716732699300952,-0.06446667759207755,-0.06787099534884874,-0.04232933154887547,-0.03035505554822573
0.10319596870313574,-0.1958491468137637,-0.36917810880732327,-0.06343471790504619,-0.06982948681698638,-0.04296367872792593,-0.031053350416395595
-0.5134938649918366,0.5550214058008697,-1.4874139374790247,-0.06856965655496455,-0.06427927275897768,-0.04364937529347558,-0.031696143143985375
-0.40934369214374,-0.8283507232538339,-0.04228060028821144,-0.07266309347640196,-0.07256277999151603,-0.0443760062282396,-0.03242177094390054
-0.28871721407858403,0.7891708523805601,1.3993311299689037,-0.07555026561718779,-0.06467107146771042,-0.04513150888441148,-0.03306848165857764
-0.12267434277012286,-0.07715610295017931,0.603647782163915,-0.07677700904488902,-0.06544263249721222,-0.045899278974860375,-0.033722907983549766
0.16505426973922332,0.34093129696742197,-0.2129291112090928,-0.07512646634749678,-0.062033319527537996,-0.046650543638335346,-0.034343241178825146
-0.16155587619195852,0.6623469216076906,0.6461846170399353,-0.07674202510941637,-0.05540985031146109,-0.04741796388942951,-0.034897339681939754
0.46936190839337766,-0.48484532588143747,0.15055997362191403,-0.0720484060254826,-0.060258303570275465,-0.04813844794968434,-0.03549992271764251
0.09960662684916458,-0.6125517653839934,-0.6185845788035084,-0.07105233975699095,-0.0663838212241154,-0.04884897134725425,-0.036163760929883666
-0.13580269941618986,0.5312473292677196,0.6430766357535994,-0.07241036675115285,-0.06107134793143821,-0.04957307501476578,-0.036774474409198045
0.15891858656534677,-0.5906829284815748,0.11894888905336262,-0.07082118088549938,-0.06697817721625396,-0.05028128682362078,-0.03744425618136058
-0.22855590487891975,0.3477757694966049,-1.3103389007383521,-0.07310673993428858,-0.0635004195212879,-0.051012354222963664,-0.038079260376573464
-0.3857917112602427,0.2441880178036164,0.2550321122470765,-0.07696465704689101,-0.06105853934325174,-0.05178200079343257,-0.03868984577000598
0.3309815646015106,0.007276474683146402,0.4230549977769447,-0.0736548414008759,-0.06098577459642028,-0.05251854920744133,-0.03929970351597019
-0.5419713326045624,-0.022074354693522563,1.0292420320273463,-0.07907455472692153,-0.06120651814335551,-0.05330929475471055,-0.039911768697403746
0.021027300382391062,0.03367437197772183,0.35670008259574515,-0.07886428172309762,-0.06086977442357829,-0.05409793757194153,-0.04052046644163953
0.16524536786999308,-0.5176911419613948,-0.6142117681099848,-0.07721182804439769,-0.06604668584319225,-0.0548700558523855,-0.04118093330007145
-0.16968063202624556,0.08167007976134888,-0.6292701082091694,-0.07890863436466014,-0.06522998504557875,-0.0556591421960321,-0.041833233150527234
0.10657181755336843,-0.27824274543434807,-0.4348913773813678,-0.07784291618912646,-0.06801241249992224,-0.05643757135792336,-0.04251335727552646
-0.1300116448651866,-0.06758674920637829,-0.8434515808268536,-0.07914303263777833,-0.06868827999198603,-0.057229001684301145,-0.04320024007544632
-0.6472638246164646,-0.5718261170556193,-2.681606205573936,-0.08561567088394298,-0.07440654116254222,-0.058085158393140573,-0.04394430548707174
0.5823369843070115,0.2955493968529794,3.4621529267614584,-0.07979230104087287,-0.07145104719401243,-0.0588830814035493,-0.04465881595901187
0.4399460106654459,0.6640234512056152,1.5084999663342051,-0.07539284093421841,-0.06481081268195628,-0.05963700981289149,-0.04530692408583143
0.34715921169695585,-0.19631241861661708,0.9248111995012146,-0.07192124881724886,-0.06677393686812245,-0.06035622230106397,-0.045974663454512656
-0.08657694904768447,-0.107677701473106,-0.26134626071393774,-0.0727870183077257,-0.06785071388285352,-0.061084092484141234,-0.04665317059334119
0.03840759522331577,0.5040994417938507,1.1426236753751757,-0.07240294235549255,-0.06280971946491501,-0.06180812190769616,-0.04728126778799034
0.08310804280094607,-0.09931363811764708,0.31628524806762914,-0.07157186192748309,-0.06380285584609148,-0.06252384052697099,-0.04791929634645126
-0.06542221370321206,0.511974369182269,0.8506438029772208,-0.07222608406451521,-0.05868311215426879,-0.06324610136761614,-0.048506127467993945
0.795584384957046,0.3424373252576486,1.706335113721097,-0.06427024021494475,-0.0552587389016923,-0.06388880376976559,-0.04905871485701087
0.20462908119569692,-0.7269476368786146,-0.5787859238923916,-0.06222394940298778,-0.06252821527047844,-0.06451104326379548,-0.04968399700971565
0.5744162299742123,0.12031323160387579,0.14995199588787878,-0.05647978710324566,-0.06132508295443968,-0.06507584113482794,-0.05029724783926005
-0.8422713453366905,0.2916075367293813,-1.7587810519918803,-0.06490250055661256,-0.05840900758714587,-0.06572486614039406,-0.050881337915131504
-0.7306832729112688,-0.215218885170367,2.497245744437509,-0.07220933328572525,-0.060561196438849545,-0.06644695947325131,-0.05148694987952
-0.07785620128236823,0.4025234088587778,-0.6023805866283342,-0.07298789529854893,-0.056535962350261766,-0.0671768384262368,-0.05205230950302262
-0.10789125503990236,0.3122646471100939,-0.9136868240648195,-0.07406680784894795,-0.05341331587916083,-0.06791750650472628,-0.05258644266181423
0.13123949737026017,-0.5767616001287862,0.21320518048847437,-0.07275441287524535,-0.05918093188044869,-0.06864505063347873,-0.05317825198061872
0.01965488346929121,-0.3184478756639964,-0.6324813427800091,-0.07255786404055244,-0.062365410637088656,-0.06937062927388425,-0.053801906086989607
0.4690486529298848,0.24464096009094383,0.79213989501964,-0.06786737751125359,-0.05991900103617922,-0.07004930304899679,-0.0544010960973514
0.030667063391470184,-0.15080547447989628,0.553556093118366,-0.06756070687733888,-0.06142705578097818,-0.07072491011777017,-0.055015366655161185
-0.12986695747676813,0.13595326656534681,-0.07487694442188035,-0.06885937645210656,-0.06006752311532471,-0.07141350388229123,-0.05561604188631443
0.11960468614572367,-0.5496002625717556,-0.9054099780924373,-0.06766332959064933,-0.06556352574104227,-0.07209013717819772,-0.05627167714372485
-0.39653187482475016,0.07924378429175248,-1.6003488772821832,-0.07162864833889683,-0.06477108789812475,-0.07280642366158668,-0.056919388022706095
0.3085457611743343,-0.25228259911863893,-0.6812669178528707,-0.0685431907271535,-0.06729391388931114,-0.07349185556885822,-0.057592327161599205
-0.41327305683741516,0.5881833963341725,0.4466979051943552,-0.07267592129552765,-0.06141207992596941,-0.07421861478181349,-0.0582064479608589
0.9344185658741132,0.6678202070276952,-1.3057057532354903,-0.06333173563678651,-0.054733877855692455,-0.07485193213818135,-0.05875378673941582
-0.9590999867161061,-0.3366177291468681,0.3283327613902811,-0.07292273550394757,-0.058100055147161135,-0.07558115949322082,-0.05933478729088743
0.7918749601672389,-0.7986525095603877,-1.1753127873271987,-0.06500398590227519,-0.06608658024276501,-0.07623119935224357,-0.05999565309331508
0.0707153015054551,-0.09991614154940111,-1.0475462818324246,-0.06429683288722063,-0.06708574165825902,-0.07687416768111577,-0.06066651050989767
-0.13663061466147863,0.13352091000473032,-0.1629500269823432,-0.06566313903383542,-0.06575053255821171,-0.07753079907145412,-0.06132401583547979
-0.01857442081086444,0.46626101119035634,-0.32607024654135724,-0.06584888324194406,-0.061087922446308146,-0.07818928790387356,-0.061934895059942874
-0.5271442482801558,-0.7319415535826659,-1.340523043098923,-0.07112032572474562,-0.0684073379821348,-0.07890049116112101,-0.06261896843976422
-0.20860730092683305,-0.39923545264728777,-0.7613816700677172,-0.07320639873401395,-0.07239969250860769,-0.07963255514846115,-0.0633429653648503
-0.03447983980224311,-0.34114871379934397,0.768660704651134,-0.07355119713203638,-0.07581117964660113,-0.08036806711978152,-0.06410107716131631
-0.2886238398999008,0.4721475083353934,0.9226598800535923,-0.0764374355310354,-0.07108970456324719,-0.08113244147509187,-0.06481197420694879
0.049097473206073085,-0.16836099484611278,-0.9483031175507419,-0.07594646079897466,-0.07277331451170832,-0.08189190608308161,-0.06553970735206587
-0.5251301907414359,-0.5837780310679791,-0.7190274359515961,-0.08119776270638901,-0.07861109482238811,-0.0827038837101455,-0.06632581830028975
-0.4341621509459069,-0.26289258650247965,-0.6256183191132654,-0.08553938421584809,-0.0812400206874129,-0.08355927755230398,-0.06713821850716388
1.0114181505845732,0.8473589483659113,1.1834781014009625,-0.07542520271000236,-0.07276643120375378,-0.08431352957940401,-0.06786588281920142
0.18755329920439465,0.21502304194644087,0.6037650836852395,-0.07354966971795841,-0.07061620078428937,-0.08504902627658359,-0.0685720448270443
0.10881752684458688,-0.3671657044516671,0.9866919312994908,-0.07246149444951254,-0.07428785782880605,-0.08577364122107871,-0.06931492340533237
0.038813621926604085,-0.3530888722978562,-0.06283795837778182,-0.07207335823024649,-0.07781874655178461,-0.08649437480338118,-0.07009311087085021
0.15421265213641566,0.6902496030328832,1.1663955722363952,-0.07053123170888234,-0.07091625052145578,-0.08719968712047,-0.07080227337606478
0.34608612283756773,0.11139863838803692,0.7542601804487994,-0.06707037048050667,-0.06980226413757541,-0.08787039082527508,-0.07150029601744053
-0.08425082038971546,-0.5681778325420005,1.0116981912094618,-0.06791287868440382,-0.07548404246299542,-0.08854951961211911,-0.07225513644207048
-0.1524675630035859,0.4226894021875334,-0.19090819194457737,-0.06943755431443968,-0.07125714844112009,-0.08924389515526351,-0.07296770792648168
-0.21542589732875564,0.1130178062464332,-0.6235488988645441,-0.07159181328772724,-0.07012697037865576,-0.08995981328814079,-0.07366897763026824
0.13456082929976348,-0.3730121253015946,-1.169516043138596,-0.0702462049947296,-0.0738570916316717,-0.09066227533808809,-0.07440754854658495
-0.22102133290363932,-0.028095279695429947,1.0051618276296956,-0.072456418323766,-0.074138044428626,-0.09138683952132574,-0.07514892899087121
-0.03324729872953385,0.18612665861539635,-0.38543794460804004,-0.07278889131106134,-0.07227677784247204,-0.09211472843443635,-0.07587169676929593
-0.00535895863645381,-0.33159386528175794,0.7488137664837436,-0.07284248089742587,-0.07559271649528962,-0.09284315324341061,-0.07662762393424884
-0.6233950830890366,-0.5884925406277562,-0.9128119932354917,-0.07907643172831624,-0.08147764190156719,-0.09363391756069377,-0.07744240035326451
-0.0931467422391089,0.144253459073167,1.1324906461480453,-0.08000789915070733,-0.08003510731083552,-0.09443399655220083,-0.07824275142637287
-0.04858147978088046,-0.21928557517723354,-0.9691230280108013,-0.08049371394851614,-0.08222796306260785,-0.095238933691686,-0.07906503105699894
0.2143765154522011,0.18684674290623332,0.8821755293036104,-0.07834994879399412,-0.08035949563354551,-0.09602243317962594,-0.0798686260133344
0.020046995922178963,-0.09055257479575803,0.8115527195805626,-0.07814947883477233,-0.08126502138150309,-0.09680392796797367,-0.08068127622714943
-0.013034405368734273,-0.018074839136949735,-1.2026356269701366,-0.07827982288845967,-0.08144576977287259,-0.09758672619685826,-0.08149573392487816
0.14402087345326925,0.15056556049073017,1.443179933545618,-0.07683961415392697,-0.07994011416796529,-0.09835512233839754,-0.08229513506655782
0.12018047124986647,-0.09206829078263526,0.5360932566615105,-0.07563780944142831,-0.08086079707579164,-0.09911150043281182,-0.08310374303731574
-0.36016916167299917,0.010604318113374506,0.9315905606120714,-0.0792395010581583,-0.08075475389465789,-0.0999038954433934,-0.08391129057626232
-0.298681946792401,0.6683533850486001,0.07687923371804507,-0.08222632052608231,-0.07407122004417188,-0.10072615864865422,-0.08465200277670404
-0.36510083570366986,-0.570242335967651,-0.7010268210740502,-0.08587732888311901,-0.07977364340384839,-0.10158493193748541,-0.08544973921074252
0.6306597607165637,-0.31038568430975816,-0.22619859862192596,-0.07957073127595338,-0.08287750024694597,-0.10238063925024495,-0.08627851421321198
-0.004286223884031467,-0.22709151391531246,-0.7691887118011427,-0.07961359351479369,-0.08514841538609909,-0.10317677518539288,-0.08712999836707297
-0.17432951216662856,0.5786086478425269,1.5147501791853526,-0.08135688863645997,-0.07936232890767382,-0.10399034407175747,-0.08792362165614971
0.12327256437872891,-0.21363221619653625,0.26046417172063985,-0.08012416299267268,-0.08149865106963919,-0.1047915857016842,-0.0887386081668461
-0.013236836118715206,-0.3192818777209125,0.03640181198004367,-0.08025653135385984,-0.08469146984684832,-0.1055941510152228,-0.08958552286531458
-0.2615775865085832,-0.11122621216205084,-0.8467243773722124,-0.08287230721894567,-0.08580373196846883,-0.10642287408741226,-0.09044356018499927
0.2803005984979019,-0.22227325579980167,-0.9009373211976487,-0.08006930123396666,-0.08802646452646684,-0.10722356709975192,-0.09132382483026394
-0.44409673193011373,-0.3697351895329214,-0.31386848613852053,-0.08451026855326779,-0.09172381642179606,-0.1080686697852846,-0.0922410629944819
-0.5512855313441672,0.03701140603891049,0.058778863558589065,-0.09002312386670946,-0.09135370236140695,-0.1089689010239517,-0.09315460001809597
0.1493889101481651,0.03573970264988173,0.13987042821259046,-0.08852923476522781,-0.09099630533490814,-0.10985419337160397,-0.09406456307144505
0.004667631539787878,0.0851579574084077,-0.17871945573949582,-0.08848255844982993,-0.09014472576082407,-0.11073901895610228,-0.09496601032905329
-0.049183818122224776,0.10648687868711375,0.2314769874679495,-0.08897439663105218,-0.08907985697395293,-0.11162876292241279,-0.09585680889879282
0.12316159850095369,0.5116231112224003,0.8528856900665623,-0.08774278064604264,-0.08396362586172892,-0.11250619072887322,-0.0966964451574101
-0.19844290332555128,-0.05379753206134128,0.1072857097934256,-0.08972720967929816,-0.08450160118234233,-0.1134034628256662,-0.09754146116923353
0.05954442782879378,-0.20007067726924546,-0.5763617159790625,-0.08913176540101023,-0.08650230795503479,-0.1142947804796763,-0.09840648424878387
0.07046436647531854,0.08029941125139237,-0.018407355860041937,-0.08842712173625704,-0.08569931384252086,-0.11517905169703886,-0.09926347738720907
0.006898427663996322,-0.33327706848004884,-0.24958263111753784,-0.08835813745961707,-0.08903208452732135,-0.11606263307163503,-0.10015379823248229
0.15316761429098955,-0.20751725246723127,-0.7026110788904852,-0.08682646131670717,-0.09110725705199366,-0.1169308976848021,-0.10106487080300222
0.3182800288725109,0.6237865326979477,1.1001148376792882,-0.08364366102798206,-0.08486939172501418,-0.11776733429508192,-0.10191356472025237
0.31535354415442124,0.19570642800885024,-0.3604181688180039,-0.08049012558643784,-0.08291232744492567,-0.1185722355509463,-0.10274268799470163
-0.15015540960769058,0.3794873432816053,-0.00595160984341035,-0.08199167968251475,-0.07911745401210962,-0.11939215234777145,-0.10353386253482272
-0.14449164215518429,0.31473499240955216,0.39102381314583134,-0.08343659610406659,-0.0759701040880141,-0.12022651830881212,-0.10429356357570285
0.25855877892668033,0.10265586600686658,0.9960640995027417,-0.08085100831479979,-0.07494354542794544,-0.12103502839196012,-0.1050429990299823
-0.2122936740709545,0.49858994534767687,-0.09443831685493095,-0.08297394505550933,-0.06995764597446867,-0.12186476784251521,-0.10574257548972699
-0.29738019216357675,-0.5205834027197681,-2.250710413365194,-0.08594774697714509,-0.07516348000166635,-0.12272424531228666,-0.10649421028974365
-0.43707226300206004,0.22279919921202412,-0.7138391743387186,-0.09031846960716569,-0.0729354880095461,-0.12362743000835832,-0.10722356516983911
0.10356915557427332,0.46582973761745633,-0.768801463533805,-0.08928277805142296,-0.06827719063337154,-0.12452025778887256,-0.10790633707617282
-0.49260378273350125,-0.5444694536177617,1.2339596622157942,-0.09420881587875797,-0.07372188516954915,-0.12546234594766015,-0.10864355592786831
-0.22436416367193107,0.366206212209659,-0.4299814294878744,-0.09645245751547728,-0.07005982304745256,-0.12642687052281493,-0.10934415415834284
-0.13411786325841157,0.5166931878410009,0.3739420591884041,-0.0977936361480614,-0.06489289116904255,-0.12740480688429554,-0.10999308307003326
0.2120048361968414,0.2472967180706493,1.6033553708661343,-0.09567358778609299,-0.06241992398833606,-0.12836154276215647,-0.11061728230991662
-0.24835414616067752,0.16033841687586786,0.182185325351523,-0.09815712924769976,-0.06081653981957738,-0.12934311405463347,-0.1112254477081124
0.1332102306395056,0.3145936463074693,-0.09667096247025102,-0.09682502694130471,-0.05767060335650269,-0.13031136432404652,-0.11180215374167742
-0.22414906163485165,-0.3330113488859388,-0.6112015263277314,-0.09906651755765322,-0.061000716845362075,-0.13130202949962305,-0.11241216091013104
0.8811063852317083,0.7425426841651025,1.4909238527338395,-0.09025545370533614,-0.05357529000371105,-0.13220458403667643,-0.11294791381016815
-1.1936320452741283,-0.8713654362468911,-2.6520514500631407,-0.10219177415807743,-0.06228894436617996,-0.1332265017782572,-0.11357080325382996
-0.00041080188357368847,0.1919990058374914,0.7554178554133225,-0.10219588217691317,-0.06036895430780505,-0.13424846060002635,-0.114174492796908
0.4483010305357443,0.5056586794409095,0.9690120045427957,-0.09771287187155572,-0.05531236751339595,-0.1352255893187419,-0.11472761647204197
-0.5147935428311589,-0.39362968396795606,-0.2717501219544951,-0.10286080729986731,-0.05924866435307551,-0.13625419739174058,-0.11532010311557273
0.1905158729253071,-0.15761446872114138,0.776404318170628,-0.10095564857061425,-0.06082480904028693,-0.13726375387744671,-0.1159283512059756
-0.5775523510405127,0.11145193268268863,-1.5803011473058355,-0.10673117208101937,-0.05971028971346004,-0.13833106559825692,-0.1165254541031102
-0.3771626245615321,-0.7545721918065156,-0.26558458493153175,-0.11050279832663469,-0.0672560116315252,-0.13943609358152326,-0.11719801421942545
-0.032711783722285816,-0.2627782655808347,-1.362491881124405,-0.11082991616385755,-0.06988379428733354,-0.14054439274316183,-0.11789685216229878
-0.07996072238406961,-0.14482656797802704,0.03208429819962066,-0.11162952338769824,-0.07133205996711381,-0.14166068797703882,-0.11861017276196992
0.2578102745610743,0.09326513649744411,1.4892009177769452,-0.1090514206420875,-0.07039940860213936,-0.14275120218345969,-0.11931416684799132
-0.1259144944814222,-0.3892711721376364,-0.9809886164871883,-0.11031056558690172,-0.07429212032351573,-0.1438543078393287,-0.12005708805122647
0.2218023873557641,0.8752908621585412,-0.11299983716621459,-0.10809254171334408,-0.06553921170193032,-0.14493523325646215,-0.12071248016824578
-0.32600324319890134,0.1704210851538873,-0.4322818016493155,-0.11135257414533309,-0.06383500085039144,-0.14604875899791547,-0.12135083017674969
-0.3071927426236363,0.23184681522178988,-0.11866755602178863,-0.11442450157156946,-0.061516532698173546,-0.14719300401363117,-0.12196599550373143
-0.41946796440131234,-0.019886521553978805,-0.25481633924907093,-0.11861918121558258,-0.06171539791371333,-0.14837919582578699,-0.12258314948286855
0.38439382472510875,0.13220204459235524,1.704603981666471,-0.1147752429683315,-0.06039337746778978,-0.1495269482554703,-0.12318708325754645
0.025289310288548084,0.5344405588152895,0.3973578883361876,-0.11452234986544602,-0.05504897187963688,-0.15067217175412476,-0.12373757297634282
0.23245479220813303,0.14364379275135425,1.129390503067248,-0.11219780194336469,-0.053612533952123335,-0.1517941497735584,-0.12427369831586405
-0.24849255532829792,-0.17868919204150455,0.22375853946917096,-0.11468272749664767,-0.055399425872538384,-0.15294097704852488,-0.12482769257458944
0.14597463590691995,0.21603533207537956,0.02027256867493959,-0.11322298113757846,-0.05323907255178459,-0.15407320685990067,-0.12536008330010728
-0.5602166246286717,-0.8653222712938126,-1.3140438836390924,-0.11882514738386518,-0.061892295264722716,-0.15526145833373933,-0.12597900625275452
0.2932402029718471,0.5821544788030824,-0.6455746715478423,-0.11589274535414672,-0.05607075047669189,-0.1564203857872808,-0.12653971375752143
-0.04879716322331579,-0.13389785501548793,0.39455293169317246,-0.11638071698637988,-0.05740972902684677,-0.1575841929571446,-0.1271138110477899
-0.002452570684977499,0.10500531787228197,-0.18698836660544563,-0.11640524269322965,-0.05635967584812395,-0.1587482453840769,-0.12767740780627115
-0.15555591169054708,0.21302223769832918,0.0867796397911354,-0.11796080181013512,-0.05422945347114066,-0.15992785340217824,-0.12821970234098257
0.31726391056015874,-0.6127702416058596,-1.5189188234544584,-0.11478816270453353,-0.060357155887199254,-0.16107573502922357,-0.12882327389985457
0.30189670305271993,0.8517153391433585,1.2384644327841938,-0.11176919567400632,-0.05184000249576567,-0.16219342698596362,-0.12934167392481222
-0.6394524689988555,0.4331051900138857,0.8747410559504404,-0.11816372036399488,-0.04750895059562681,-0.16337506418960357,-0.12981676343076848
0.26078597536217285,-0.2789103507139697,1.3586250340873143,-0.11555586061037315,-0.05029805410276651,-0.1645306227957073,-0.13031974397179613
0.2541907343215076,-0.4211602725450523,-0.8052776129379408,-0.11301395326715807,-0.05450965682821703,-0.16566076232837887,-0.1308648405400783
-0.5701255149132526,-0.9938733384548716,-1.1486102796839535,-0.1187152084162906,-0.06444839021276574,-0.16684791441254176,-0.13150932444220595
-0.11573767681757842,-0.1689842883045701,-0.35739325313020354,-0.11987258518446639,-0.06613823309581145,-0.16804664026438643,-0.13217070677316406
-0.7384537303706418,0.43812741493797214,-1.6848087145721822,-0.1272571224881728,-0.061756958946431725,-0.16931921148926815,-0.13278827636262838
-0.21452948750804918,-0.28662847989684903,-0.3659341444646053,-0.1294024173632533,-0.06462324374540021,-0.17061323566290068,-0.1334345088000824
-0.028242611670710325,-0.10654077466453042,-0.16629410191024502,-0.1296848434799604,-0.06568865149204552,-0.17191008409770028,-0.13409139531500286
-0.14174086028900593,0.2505655333052567,-0.5740669006651078,-0.13110225208285045,-0.06318299615899295,-0.1732211066185288,-0.13472322527659278
0.5112924858252842,0.10236190398962387,0.0740167370857112,-0.1259893272245976,-0.06215937711909671,-0.17448099989077478,-0.13534481904778375
-0.6464468795092699,-0.40674429564110787,-0.5667125368350947,-0.1324537960196903,-0.06622682007550779,-0.1758055378509717,-0.13600708724853883
0.2314730808905165,-1.026769836094301,1.168308473617336,-0.13013906521078514,-0.0764945184364508,-0.17710692850307955,-0.13677203243290334
0.4100238045770962,1.045671906876631,-0.09797954562123867,-0.1260388271650142,-0.0660377993676845,-0.1783673167747297,-0.1374324104265802
-0.02243067916441598,0.5302857398391698,0.319028180961503,-0.12626313395665834,-0.060734941969292806,-0.17962994811429628,-0.13803975984627312
0.18415496695445185,0.7040348083613336,-0.1118463612403745,-0.12442158428711382,-0.05369459388567947,-0.1808741639571674,-0.1385767057851299
0.40550760089967197,-0.4835467199334707,0.10048440840638016,-0.1203665082781171,-0.05853006108501418,-0.18207782903994857,-0.13916200639598003
-0.2940046029120318,-0.030702355743343273,0.26657380171377293,-0.12330655430723741,-0.05883708464244761,-0.18331089458302094,-0.1397503772424045
-0.021528659858701487,-0.1869233585540551,-1.0763454508382981,-0.12352184090582442,-0.06070631822798816,-0.18454611299207918,-0.14035744042468437
-0.03282573558312355,0.5043601333083085,0.11041265613965208,-0.12385009826165566,-0.055662716894905075,-0.18578461397469573,-0.14091406759363342
-0.2682765844791334,-0.2563652741838713,-0.1360689609016238,-0.12653286410644699,-0.05822636963674379,-0.1870499426157602,-0.14149633129000086
-0.017252129174334354,0.12252814615030137,-0.05201821525425972,-0.12670538539819032,-0.05700108817524078,-0.1883169964697421,-0.14206634217175326
0.4519808598788434,-0.17512906580666823,0.3534120462914788,-0.12218557679940188,-0.05875237883330746,-0.18953885223773612,-0.14265386596008633
-0.4423362676163883,0.14988844576424812,0.20028915283912532,-0.12660893947556576,-0.05725349437566498,-0.1908049416324918,-0.14322640090384298
0.49721372881300074,0.13570127399954224,0.6189399417244541,-0.12163680218743575,-0.055896481635669557,-0.19202130965436615,-0.14378536572019968
-0.30463582475074397,0.007107947880674433,0.08821708796997184,-0.1246831604349432,-0.05582540215686281,-0.19326814125871558,-0.1443436197417683
-0.24282408519172965,-0.03135082369481957,0.37183337015201134,-0.1271114012868605,-0.056138910393811005,-0.1945392552715842,-0.1449050088457064
-0.1794722686417945,-0.01983139391836425,0.8426393430214719,-0.12890612397327844,-0.056337224332994644,-0.195828316511317,-0.14546838108903634
0.07674347254077972,0.12425919207080184,0.17293020265983264,-0.12813868924787064,-0.055094632412286626,-0.1971097034037957,-0.1460193274131592
0.240058538261387,-0.44350327781551846,0.2283701677960199,-0.12573810386525677,-0.05952966519044181,-0.19836708444244824,-0.14661462406506362
0.13061028398504615,0.046964892865796894,-0.3651648099960011,-0.12443200102540632,-0.059060016261783845,-0.1996114044527023,-0.14720522422768145
-0.2383776214456398,0.05802118183504997,-0.043644735165756704,-0.1268157772398627,-0.05847980444343334,-0.20087956222510095,-0.1477900222721158
0.136727772520943,-0.1610210530989548,-0.3164169377445319,-0.12544849951465328,-0.06009001497442289,-0.20213404722024747,-0.14839092242186003
-0.28585942491554134,0.8932743441208514,0.3295538119312145,-0.1283070937638087,-0.05115727153321437,-0.20341711815788555,-0.14890249513719217
-0.47054468810620287,-0.6797023379818419,0.06831486604886068,-0.13301254064487072,-0.05795429491303279,-0.20474724356433424,-0.1494820380863225
-0.16113038796124213,0.44671937065018696,-0.2608736212266412,-0.13462384452448314,-0.05348710120653092,-0.20609348200957908,-0.1500169090983878
0.5050879443985656,-0.460561667292897,-0.4960536931393585,-0.12957296508049748,-0.05809271787945989,-0.20738921166038404,-0.1505978362771824
-0.2523610913838407,0.16779879207690548,-0.6069677552557862,-0.13209657599433589,-0.05641472995869083,-0.2087101774203274,-0.1511619835767693
0.23031401222796977,-0.28931947989379725,0.8211769497354402,-0.1297934358720562,-0.059307924757628805,-0.21000811177904796,-0.1517550628243456
0.22834371919981689,0.4675964837409019,0.9697133432961336,-0.12750999868005802,-0.05463195992021978,-0.21128321176584855,-0.1523013824235478
0.1444777779104295,0.1517650164882887,0.12844344308403324,-0.12606522090095373,-0.053114309755336896,-0.21254386397485808,-0.15283252552110116
-0.5249826058966964,-0.1457206820849928,-1.1083017239015476,-0.1313150469599207,-0.05457151657618682,-0.2138570144444573,-0.15337824068686304
0.46865823923338684,-0.1181578829333944,-1.1894422127395732,-0.1266284645675868,-0.055753095405520765,-0.21512329909013317,-0.15393577164091823
-0.1902123819613947,-0.054336823212634486,0.27563777961870883,-0.12853058838720074,-0.05629646363764711,-0.2164086049740052,-0.1544987362772947
-0.020933185928740387,0.04563621235004194,1.3630528868804772,-0.12873992024648814,-0.05584010151414669,-0.21769600417647006,-0.15505713729243617
-0.026946716555123235,0.13914124910902573,0.7414959426644109,-0.12900938741203938,-0.054448689023056426,-0.21898609805059047,-0.15560162418266674
-0.481590207916991,-0.3120895423520257,-0.6070807117889353,-0.13382528949120928,-0.057569584446576685,-0.22032435094550257,-0.1561773200271325
0.20225326271702146,-0.014510606577248808,0.891476888076786,-0.13180275686403906,-0.057714690512349176,-0.22164237851414295,-0.156754466932256
0.3429213253278401,-0.02867867510856796,0.7194660642544003,-0.12837354361076064,-0.05800147726343485,-0.22292611395025055,-0.15733448170489034
0.11148130367223621,0.12015388765636682,0.538311039354729,-0.12725873057403828,-0.05679993838687118,-0.22419870125599092,-0.15790248108875904
-0.1765024441022355,-0.13351644712046998,-0.6044737368289903,-0.12902375501506064,-0.05813510285807588,-0.22548893880614154,-0.1584838321173398
-0.006394638966048703,0.24870088617624173,-0.15634380264420367,-0.12908770140472112,-0.055648093996313465,-0.22677981582018875,-0.15904031305730293
-0.13136072421515224,-0.05260857425864044,-0.9590307019438142,-0.13040130864687263,-0.05617417973889987,-0.22808382890665746,-0.15960205485469192
0.3303214314573892,-0.33915933189349207,1.3490793259557816,-0.12709809433229874,-0.05956577305783479,-0.22935480984998044,-0.16019771258527027
0.2030779443436332,0.31066395442374306,-0.5158392631340192,-0.1250673148888624,-0.056459133513597354,-0.23060548299886907,-0.16076230392040625
-0.12712356639719236,0.1538157833151751,0.8719997009859173,-0.12633855055283433,-0.0549209756804456,-0.23186886850439742,-0.1613115136772107
-0.11578544058350503,-0.06967294228183415,-0.09146745272431375,-0.12749640495866937,-0.05561770510326394,-0.2331438325539841,-0.16186769072824334
0.33075759433829255,0.9060511700489815,1.8630130461114243,-0.12418882901528645,-0.04655719340277413,-0.23438572084413697,-0.16233326266227108
-0.40817362941695284,-0.15007456719676512,-0.9505878635460127,-0.128270565309456,-0.04805793907474178,-0.23566842649723155,-0.1628138420530185
0.04147146985519187,0.2550539108744946,0.7831084243734198,-0.12785585061090407,-0.045507399965996835,-0.23694698500334058,-0.16326891605267846
-0.3192052771166553,-0.1700755251459526,-0.9438448354846704,-0.13104790338207062,-0.04720815521745636,-0.23825746403716128,-0.16374099760485303
0.25650821726649886,-0.5514933255884643,0.767122654204809,-0.12848282120940563,-0.05272308847334101,-0.23954229224925533,-0.16426822848958644
-0.15467504429449916,0.42234831523247124,0.3669947317450536,-0.13002957165235063,-0.0484996053210163,-0.24084258796577884,-0.16475322454279662
-0.015391206149996207,0.18629202357763025,0.047744600999651485,-0.13018348371385058,-0.04663668508523999,-0.24214442280291734,-0.16521959139364903
-0.15414568428839553,-0.23109129265949493,0.38493460172597976,-0.13172494055673453,-0.048947598011834945,-0.2434616722084847,-0.16570906737376737
-0.5441434666031891,0.40049217713221946,0.9335344487451304,-0.13716637522276642,-0.04494267624051275,-0.24483333596071236,-0.16615849413617248
0.8538822780279239,-0.032522416498664844,2.283831316556224,-0.1286275524424872,-0.0452679004054994,-0.24611961148513722,-0.16661117314022747
-0.3652175857273213,-0.8526054718797591,-2.9387130677025697,-0.1322797282997604,-0.05379395512429699,-0.24744240876813484,-0.16714911269147045
-0.42195443652155346,0.2824443335066758,-0.36546232803674233,-0.13649927266497594,-0.05096951178923023,-0.24880740149478459,-0.16765880780936276
0.4357116426361487,0.1750682300505074,1.0058801096835603,-0.13214215623861444,-0.049218829488725156,-0.2501288230571707,-0.16815099610425002
-0.19582754464393076,0.6386816976754406,0.025994596293767793,-0.13410043168505376,-0.04283201251197075,-0.25146982737402124,-0.16857931622936972
-0.21262649753322657,0.2717185429764248,0.693714159153309,-0.13622669666038603,-0.040114827082206504,-0.2528320943406251,-0.1689804645001918
0.11757439710933086,-0.4720183046927596,0.4708211240178856,-0.13505095268929274,-0.0448350101291341,-0.254182603867518,-0.16942881460148315
-0.3315228675828184,0.16576428187014572,-1.4330180148605767,-0.1383661813651209,-0.043177367310432646,-0.2555662656811692,-0.16986058827458747
0.7803120829016555,-0.024860552639658216,0.34021460289787275,-0.13056306053610436,-0.04342597283682923,-0.25687189628653023,-0.17029484800295577
0.06900465142839703,-0.76739651950927,-1.5060611911541613,-0.1298730140218204,-0.051099938031921935,-0.25817062642674843,-0.170805847383275
0.9994604105555811,-0.5151719915104905,-2.2091204377857316,-0.11987840991626458,-0.05625165794702684,-0.25936941052591106,-0.17136836396274527
-0.7618016654892806,0.1979258879249256,-1.219019221959074,-0.1274964265711574,-0.05427239906777759,-0.2606443747916226,-0.17191108795342305
0.30882612297184703,-1.579504836591745,-0.4393386869167303,-0.12440816534143892,-0.07006744743369504,-0.261888456445037,-0.17261176242776
-0.09035197574181739,0.17330561896330207,0.26311196109730883,-0.1253116850988571,-0.06833439124406203,-0.26314157329602555,-0.17329510634020062
-0.1873792785998322,-0.3921174468427558,-0.8836790485067209,-0.12718547788485543,-0.07225556571248959,-0.2644134280748741,-0.17401766199732552
0.5148310755376516,-0.7263800297312887,0.6112746612117513,-0.12203716712947892,-0.07951936600980247,-0.2656337997461689,-0.17481285565742355
-0.4147590918416114,0.40456625433676663,-0.14200589914836179,-0.12618475804789503,-0.07547370346643481,-0.26689564732664783,-0.1755675926920879
0.3139702408447395,-0.11985476291508355,1.0337614549677603,-0.12304505563944763,-0.07667225109558565,-0.2681260978830423,-0.17633431520304377
-0.1371428650803388,-0.36406318729900056,0.19608737581005725,-0.12441648429025103,-0.08031288296857565,-0.26937026272594483,-0.17713744403272952
0.14776859443289847,0.4977198979531549,0.7856077017671795,-0.12293879834592204,-0.0753356839890441,-0.27059965070940406,-0.17789080087261996
-0.00568525145708401,-0.3701069462186618,-0.6493986846339809,-0.12299565086049288,-0.07903675345123072,-0.271829607218009,-0.17868116840713227
0.30995687025497826,-0.5781152703080797,0.6109825050204025,-0.1198960821579431,-0.08481790615431152,-0.2730285680395884,-0.17952934746867538
-0.21061228806347757,-0.662074887245594,-2.38114975771554,-0.12200220503857788,-0.09143865502676746,-0.2742485900899742,-0.18044373401894306
0.07449291820492866,-0.4523348927632563,-0.041268794663734905,-0.1212572758565286,-0.09596200395440002,-0.2754611628485395,-0.18140335405848707
-0.259132771005417,-0.39571023525810634,0.1652667943680805,-0.12384860356658277,-0.09991910630698109,-0.27669964888420534,-0.18240254512155687
0.11279281179461355,-0.26192303385427634,-0.216116618220613,-0.12272067544863663,-0.10253833664552385,-0.2779268556386917,-0.18342792848801212
0.15056958651346608,-0.03513099451041429,-1.0247931925824048,-0.12121497958350197,-0.10288964659062799,-0.2791390054345267,-0.1844568249539184
0.3620711800070191,0.5417708876350043,0.7124482539728717,-0.11759426778343178,-0.09747193771427795,-0.280314948112361,-0.18543154433106118
0.0530636410980392,0.01470671609918362,-0.23676684445087265,-0.11706363137245139,-0.09732487055328612,-0.2814855844260855,-0.18640479303659405
-0.0911861967229725,0.364184527015488,-0.363407094796489,-0.11797549333968112,-0.09368302528313124,-0.28266533935948235,-0.18734162328942536
0.12093018029694057,0.08407968973464558,0.5650719220097987,-0.11676619153671171,-0.09284222838578479,-0.28383300127484945,-0.1882700455732832
-0.41891529195452815,-0.29741658248630504,0.18313937684767043,-0.120955344456257,-0.09581639421064785,-0.28504255471941203,-0.18922820951538968
0.2247619810751507,0.5441927956475167,0.19106645127202346,-0.1187077246455055,-0.09037446625417268,-0.2862296319658671,-0.1901319541779314
0.041801747575493986,0.38802906963851386,-0.2607573892040568,-0.11828970716975055,-0.08649417555778754,-0.2874125290375646,-0.1909968959335093
-0.3662665677979706,0.0702047278608377,1.0960841230260485,-0.12195237284773026,-0.08579212827917916,-0.28863205276604187,-0.1918548172163011
0.5557036674900435,0.09255058752056154,1.1446420874725283,-0.11639533617282982,-0.08486662240397355,-0.2897960061277702,-0.19270348344034083
-0.6407596847705808,-0.13164830258701457,0.26689024892518703,-0.12280293302053563,-0.0861831054298437,-0.29102403545797556,-0.19356531449463926
-0.016825802332188933,0.33850145624109257,-1.0086090471456146,-0.12297119104385752,-0.08279809086743277,-0.29225374736841414,-0.1943932954033136
-0.40221849653223474,-0.5784094955129321,-0.3096105592292351,-0.12699337600917987,-0.0885821858225621,-0.29352368112850596,-0.1952791172615392
0.1741742826788739,0.12699395478385594,-0.021001637999357156,-0.12525163318239113,-0.08731224627472353,-0.2947761974603299,-0.19615223972428644
-0.014088803122606259,-0.1186471122124056,-0.290450163886289,-0.1253925212136172,-0.08849871739684759,-0.2960301226724661,-0.19703722689825492
0.13999978069977878,0.2790387624011597,1.0512875258367615,-0.1239925234066194,-0.08570832977283599,-0.2972700479065323,-0.19789431019598328
0.12561619262012666,0.5883845607928588,-0.8516157310610806,-0.12273636148041814,-0.0798244841649074,-0.29849741152133646,-0.19869255503763236
-0.4062972249796292,0.810890143690547,-0.21985397678626561,-0.12679933373021443,-0.07171558272800192,-0.2997654048586386,-0.19940971086491238
0.041838117710536325,0.19089028436652172,-0.17897652902247402,-0.12638095255310908,-0.06980667988433671,-0.3010292143841697,-0.20010777766375576
-0.2732727645966278,-0.10100626403051807,-0.8933712767694798,-0.12911368019907535,-0.07081674252464189,-0.30232035118616046,-0.2008159450890022
-0.14410133612634474,-0.1751596320567636,-0.8301118127517803,-0.1305546935603388,-0.07256833884520952,-0.3036258981217638,-0.2015416284774543
0.0208853932121767,-0.2495267066276036,0.22355320887025365,-0.13034583962821703,-0.07506360591148556,-0.304929356518046,-0.20229226453656915
-0.0952813432919814,0.40551857417807285,-0.6963783704079946,-0.13129865306113683,-0.07100842016970484,-0.30624234304865733,-0.2030023487382662
0.04486462927229724,0.0022947621081864534,0.19226664060596715,-0.13085000676841385,-0.07098547254862297,-0.30755084311634145,-0.20371220346375243
-0.24521008185305565,-0.09204777411215383,0.4033212039629526,-0.1333021075869444,-0.07190595028974452,-0.3088838641922109,-0.20443126296664987
0.11388472335332264,0.12261858877790495,0.6791351028322596,-0.1321632603534112,-0.07067976440196547,-0.31020549679574505,-0.20513806061066953
-0.21662920184695209,0.13721779749385823,1.0178961134677973,-0.1343295523718807,-0.06930758642702689,-0.31154879231946386,-0.2058311364749398
0.2999215757467003,-0.34312069242450605,-0.8578315141876535,-0.1313303366144137,-0.07273879335127195,-0.312862095685608,-0.20655852440845252
-0.33563213536339365,-0.37415490444556343,-1.6440432280138537,-0.13468665796804763,-0.07648034239572758,-0.3142089622652885,-0.20732332783240978
-0.12460746054840925,-0.06599017720057987,0.038021439818603224,-0.13593273257353172,-0.07714024416773338,-0.3155682895910238,-0.20809473027408712
