-0.00026397705078125,-0.000135040283203125,-9.560408051798324e-07,-4.890728974474865e-07,-0.00026397705078125,-0.000135040283203125
0.0622344970703125,0.114447021484375,0.00022173887529618996,0.00041262108566547846,0.061970520019531246,0.11431198120117186
0.0001922607421875,0.0001953125,0.000855490024172761,0.0015816914127979695,0.062162780761718744,0.11450729370117187
0.0003322601318359375,0.3252127647399902,0.001601651090207744,0.00413122454946099,0.06249504089355468,0.4397200584411621
0.011713790893554687,-0.03902587890625,0.002248647370866972,0.008420801164792869,0.07420883178710937,0.4006941795349121
-0.03872604370117187,-0.0150848388671875,0.00270352243065574,0.012730472127047424,0.035482788085937494,0.3856093406677246
0.000251007080078125,0.04308319091796875,0.0028079961898889354,0.016059456045033657,0.03573379516601562,0.42869253158569337
0.13300247192382814,-0.171466064453125,0.0031980383653686245,0.018250210592260768,0.16873626708984374,0.25722646713256836
0.000959014892578125,0.11468429565429687,0.004446012914392364,0.019149276937863457,0.16969528198242187,0.37191076278686525
-0.0001758575439453125,-0.15815811157226561,0.005914388323928952,0.01926145465848621,0.16951942443847656,0.21375265121459963
0.13615188598632813,-0.17450408935546874,0.00755330336566501,0.01771408751141323,0.30567131042480467,0.03924856185913089
0.000301361083984375,0.11253280639648437,0.009802602401119359,0.014732804201187277,0.30597267150878904,0.15178136825561528
-0.000299835205078125,0.3393402099609375,0.012037862394946263,0.013435598318604036,0.3056728363037109,0.4911215782165528
-0.00016632080078125,0.1532928466796875,0.013733109090362605,0.01557566370882886,0.3055065155029296,0.6444144248962402
0.000298309326171875,-0.2100238800048828,0.01495218048059041,0.01872034511282659,0.3058048248291015,0.4343905448913574
0.025236892700195312,-0.03380012512207031,0.01584911492700403,0.01999330354492587,0.3310417175292968,0.4005904197692871
0.000811004638671875,0.1382659912109375,0.01655722775913835,0.02026465267949787,0.3318527221679687,0.5388564109802246
5.4931640625e-05,0.3528925895690918,0.01700766014007597,0.02235541477304728,0.33190765380859366,0.8917490005493165
-0.000250244140625,-0.032238006591796875,0.01714079733690745,0.026722034393895682,0.33165740966796864,0.8595109939575196
0.000765228271484375,-4.8828125e-05,0.017005101068565894,0.031034949569838502,0.33242263793945304,0.8594621658325197
-0.174664306640625,0.13292083740234376,0.01601720843268293,0.03456033567324797,0.15775833129882805,0.9923830032348634
0.00040435791015625,0.02351531982421875,0.013697204821002942,0.03805884015593031,0.1581626892089843,1.0158983230590821
0.08334884643554688,0.3844443798065186,0.011228726109316405,0.04248043796606186,0.24151153564453118,1.4003427028656006
-0.01532440185546875,-0.14401664733886718,0.00954918385172493,0.047914968831569545,0.22618713378906244,1.2563260555267335
0.05891265869140625,0.0001556396484375,0.008408991138156076,0.052120261249817244,0.2850997924804687,1.256481695175171
0.000737762451171875,0.35290985107421874,0.007706521580063846,0.05564347496269144,0.28583755493164054,1.6093915462493897
9.307861328125e-05,-0.012270355224609375,0.007225828557794198,0.06029933158445082,0.28593063354492176,1.5971211910247805
0.14337234497070311,0.014215087890625,0.007241317695142518,0.06456432038853992,0.4293029785156249,1.6113362789154055
3.35693359375e-05,-0.20795745849609376,0.008188338552564747,0.06650493517550297,0.4293365478515624,1.4033788204193118
4.08172607421875e-05,0.0001190185546875,0.009382184773798133,0.0657117456914903,0.42937736511230457,1.4034978389739994
0.38297262191772463,0.17350387573242188,0.011633155881180477,0.06397183614154804,0.8123499870300293,1.5770017147064213
0.02559967041015625,0.00097808837890625,0.016215972658605613,0.06284919825669018,0.8379496574401855,1.5779798030853276
-0.00033416748046875,-0.01744232177734375,0.021388928745598886,0.06157115719461879,0.8376154899597167,1.5605374813079838
0.00049285888671875,0.0006103515625,0.025501855447592977,0.05948865193529927,0.8381083488464355,1.5611478328704838
-0.00021820068359375,0.17633819580078125,0.028577253275849434,0.05746331218699657,0.8378901481628417,1.737486028671265
-0.20968780517578126,0.12416954040527343,0.029978711091475832,0.056664474246410766,0.6282023429870605,1.8616555690765384
0.00022735595703125,0.019537353515625,0.029198880746184465,0.05678362297909133,0.6284296989440917,1.8811929225921633
0.14311370849609376,-0.00977935791015625,0.027883561549809515,0.05661656427467391,0.7715434074401855,1.8714135646820071
0.00128631591796875,-0.1401805877685547,0.02742056551795404,0.05514875032462641,0.7728297233581543,1.7312329769134525
0.11972274780273437,0.3849614143371582,0.02759694670281098,0.053464409611248744,0.8925524711608886,2.1161943912506107
-0.04324188232421875,0.23323135375976561,0.028060066013397215,0.054405201731234615,0.8493105888366699,2.349425745010376
0.06189041137695313,-0.11537742614746094,0.02838581088270894,0.057070389090003545,0.911201000213623,2.234048318862915
-0.07198219299316407,0.1677581787109375,0.02827829085806561,0.0590914077454486,0.8392188072204589,2.401806497573853
0.06287460327148438,0.1081787109375,0.027709083204921197,0.06111638837996594,0.9020934104919434,2.509985208511353
0.12457618713378907,-0.0305694580078125,0.027477041377427642,0.06320672016436248,1.0266695976257325,2.4794157505035406
-0.13269615173339844,0.08953475952148438,0.027534206982637147,0.06453567867837948,0.8939734458923341,2.568950510025025
0.00982818603515625,-0.08477020263671875,0.026708787898734057,0.06494415691361417,0.9038016319274903,2.484180307388306
0.1227142333984375,0.2940330505371094,0.025665877083678214,0.065120438282302,1.0265158653259279,2.7782133579254156
0.11572341918945313,0.10392799377441406,0.025764528424270555,0.06652380740518841,1.142239284515381,2.8821413516998295
0.3438934326171875,-0.038353347778320314,0.028002004946124485,0.06841374875157677,1.4861327171325684,2.8437880039215093
0.12143821716308593,0.4509925842285156,0.03281939075101774,0.07073682011007895,1.6075709342956543,3.294780588150025
0.09228286743164063,0.08941574096679687,0.03883628496638657,0.0751085426275647,1.699853801727295,3.384196329116822
0.13231239318847657,0.01453704833984375,0.04489834998471247,0.08001406235912717,1.8321661949157717,3.398733377456666
0.09445953369140625,0.31505508422851564,0.05095767768942828,0.08453189329538992,1.926625728607178,3.7137884616851817
0.0168060302734375,0.16991958618164063,0.05651648987738286,0.09003964961024838,1.9434317588806154,3.8837080478668224
-0.09252090454101562,0.08318061828613281,0.06048023981292605,0.0960193345291997,1.8509108543395998,3.9668886661529554
0.0974334716796875,0.24248428344726564,0.0626660344559913,0.10173051411449198,1.9483443260192872,4.209372949600221
0.14076194763183594,0.14384689331054687,0.06446857565082485,0.1076166898166094,2.0891062736511232,4.353219842910768
0.10636444091796875,0.14531402587890624,0.06680137249018225,0.11343189184303727,2.195470714569092,4.498533868789674
0.13480224609375,0.1317615509033203,0.06955505602215091,0.11870774378488289,2.330272960662842,4.630295419692994
0.09778976440429688,0.26178741455078125,0.07256856742312773,0.1238336921680359,2.428062725067139,4.892082834243776
0.1563812255859375,0.1345592498779297,0.07580304347809116,0.12919184772576522,2.5844439506530765,5.026642084121705
0.10495147705078126,0.10662307739257812,0.07927973975183826,0.1341149573005883,2.689395427703858,5.1332651615142835
0.37225341796875,0.14287071228027343,0.08371661017285062,0.13807068027937985,3.061648845672608,5.276135873794557
0.13859329223632813,0.024136734008789063,0.08979670531453829,0.14089058167981836,3.200242137908936,5.300272607803346
0.141278076171875,0.15203208923339845,0.09644971818292708,0.1424531832811508,3.341520214080811,5.452304697036745
0.10385894775390625,0.15561676025390625,0.10252367102575803,0.14344991794940146,3.445379161834717,5.607921457290651
0.10078506469726563,0.35111269950866697,0.10775240422479587,0.1451556651289793,3.5461642265319826,5.9590341567993175
0.12711715698242188,0.1748504638671875,0.11213536885656705,0.148220938796488,3.6732813835144045,6.133884620666505
0.10221710205078124,0.18173370361328126,0.11583619696430876,0.15183619888455804,3.7754984855651856,6.315618324279786
0.10661468505859376,0.14378814697265624,0.11884327296712553,0.15513358963247226,3.8821131706237795,6.459406471252442
0.15933609008789062,0.1472259521484375,0.12135860311043391,0.15787962370032455,4.04144926071167,6.606632423400879
0.2586971282958984,0.10406875610351562,0.12418347470088804,0.15985546395974295,4.300146389007568,6.710701179504395
0.12342147827148438,0.11458930969238282,0.1276472884579975,0.1608958381298662,4.423567867279052,6.825290489196777
0.17098541259765626,0.1582305908203125,0.13114809836710511,0.1612159430299731,4.594553279876709,6.9835210800170895
0.16262664794921874,-0.19900970458984374,0.13445349024061679,0.1599888156037432,4.757179927825928,6.784511375427246
0.10665283203125,0.130548095703125,0.13745639393427794,0.15624813778855928,4.863832759857178,6.915059471130371
0.15360336303710936,0.2870586395263672,0.13989688624883753,0.15211747943904647,5.017436122894287,7.202118110656738
0.15167007446289063,0.30946874618530273,0.1419615419833414,0.15012855460717014,5.169106197357177,7.51158685684204
0.5810867309570312,0.5348712921142578,0.1453928908534212,0.15150695490286517,5.750192928314208,8.046458148956297
0.1694427490234375,0.15953369140625,0.15153127670686833,0.15603893098840182,5.919635677337645,8.205991840362547
0.11581459045410156,0.20260848999023437,0.15822631859401037,0.16139900230009466,6.035450267791747,8.408600330352781
0.14443511962890626,0.085638427734375,0.16351475628106432,0.16590371469683296,6.179885387420653,8.494238758087157
0.21042633056640625,0.056942176818847653,0.16780108251431827,0.16883189566602191,6.39031171798706,8.551180934906004
0.102606201171875,0.36409149169921873,0.1713775271614883,0.17087872501666024,6.492917919158935,8.915272426605222
0.11216697692871094,0.10765285491943359,0.1738005058908493,0.1733501773478726,6.605084896087646,9.022925281524655
0.14698562622070313,0.15970916748046876,0.17502758714797467,0.17558476323411648,6.752070522308348,9.182634449005123
0.163702392578125,0.15103321075439452,0.17558308160010005,0.1770055791924809,6.915772914886474,9.333667659759518
0.114532470703125,0.119049072265625,0.17563739847468068,0.17773439084491424,7.030305385589599,9.452716732025143
0.3927947998046875,0.1506143569946289,0.1759835165466613,0.17772453622491996,7.423100185394286,9.603331089019772
-0.13412857055664062,0.10404281616210938,0.17649803974907613,0.17704056168117027,7.288971614837646,9.707373905181882
0.1746612548828125,0.15123825073242186,0.1754555135559403,0.17575004652243265,7.463632869720458,9.858612155914305
0.10734100341796875,0.111407470703125,0.17320907263517238,0.17399937400729856,7.570973873138427,9.970019626617429
0.10194625854492187,0.10452842712402344,0.17059845530336895,0.17174633203833284,7.672920131683349,10.074548053741452
0.2860565185546875,0.3802032470703125,0.16810467558006548,0.16990967937210502,7.958976650238037,10.454751300811765
0.09274520874023437,0.10362548828125,0.1663587642680856,0.1694184498115951,8.05172185897827,10.558376789093014
0.10666275024414062,-0.06966934204101563,0.16458121683994173,0.16842813469947007,8.158384609222411,10.488707447051999
-0.08129730224609374,0.15462493896484375,0.16152290143904338,0.16558974927262274,8.077087306976317,10.643332386016843
0.10487861633300781,0.25460205078125,0.1567998674595986,0.1626044236772064,8.181965923309324,10.897934436798092
0.07567291259765625,0.15610885620117188,0.1513136174918085,0.16071911204776054,8.257638835906981,11.054043292999264
0.15722808837890626,0.15375595092773436,0.1460259841437279,0.15942216573979592,8.414866924285887,11.207799243926999
0.17650146484375,0.1556865692138672,0.14153599150019203,0.15826981474442034,8.591368389129636,11.363485813140866
0.108367919921875,0.10250511169433593,0.1379670272471626,0.15706806647874447,8.699736309051511,11.465990924835202
0.32842025756835935,0.14925079345703124,0.13559407918486538,0.15563345057549968,9.02815656661987,11.615241718292234
0.09766349792480469,-0.135162353515625,0.13476822365669294,0.15314060085095846,9.125820064544675,11.480079364776609
0.11049308776855468,0.14579277038574218,0.13442149874394704,0.14892465069587046,9.23631315231323,11.625872135162352
0.1726837158203125,0.0555145263671875,0.13396335263375367,0.14400527486499592,9.408996868133542,11.681386661529539
0.36545639038085936,0.09876022338867188,0.1346136589951442,0.13908850364051367,9.774453258514402,11.78014688491821
0.1286303997039795,0.15703277587890624,0.13694636941632812,0.13444247072416435,9.903083658218382,11.937179660797117
0.13354072570800782,0.15098190307617188,0.13965429255310355,0.13064719781748685,10.03662438392639,12.088161563873289
0.10980224609375,0.022432708740234376,0.1417289936983584,0.12732079837638835,10.14642663002014,12.110594272613524
0.3704833984375,0.14103851318359376,0.1440334587060251,0.12391162946846784,10.51691002845764,12.251632785797117
0.09481201171875,0.085162353515625,0.1473007346933263,0.12067373018125145,10.611722040176389,12.336795139312741
0.094952392578125,0.41337738037109373,0.15027455082876484,0.11883963267389959,10.706674432754514,12.750172519683835
0.13486671447753906,0.13416519165039062,0.1521067867269945,0.11937113964094796,10.841541147232054,12.884337711334226
0.10557098388671875,0.08130950927734375,0.15314029203008625,0.12085021607487269,10.947112131118772,12.965647220611569
0.13350601196289064,0.063153076171875,0.15352367175113696,0.12164132596823066,11.080618143081661,13.028800296783444
0.31063079833984375,0.305572509765625,0.15409495765520997,0.12240004820222616,11.391248941421505,13.33437280654907
0.14739532470703126,0.351483154296875,0.15560824311215285,0.12497711355841105,11.538644266128536,13.685855960845945
0.1448822021484375,0.13107566833496093,0.15733824479865358,0.12945139690144783,11.683526468276973,13.816931629180907
0.03746490478515625,0.1322784423828125,0.15822619367884316,0.1340233169762585,11.72099137306213,13.94921007156372
0.09121856689453126,-0.01171722412109375,0.15780384236243578,0.13729970454551246,11.812209939956661,13.937492847442625
-0.08018646240234376,-0.29647026062011717,0.15567020187404998,0.13737409031204076,11.732023477554318,13.641022586822508
0.07658500671386718,0.09825286865234376,0.15165571708000294,0.1336122267157932,11.808608484268184,13.739275455474852
0.30291900634765623,0.0353363037109375,0.14745926858590522,0.12829319698354227,12.11152749061584,13.77461175918579
0.11907958984375,0.12130126953125,0.14471266406133418,0.12303276332888821,12.23060708045959,13.89591302871704
0.06727714538574218,0.06792411804199219,0.14252011368679382,0.1180990883487306,12.297884225845332,13.963837146759031
0.23828620910644532,0.30728778839111326,0.14040147879456122,0.11430204915531078,12.536170434951776,14.271124935150144
-0.003607177734375,0.16173477172851564,0.1385504246378632,0.1125249235010824,12.5325632572174,14.43285970687866
0.1363006591796875,0.08961105346679688,0.13632412025397223,0.11201597363476964,12.668863916397088,14.522470760345456
0.05316352844238281,0.059185791015625,0.13365216136317082,0.11141633473103031,12.72202744483947,14.581656551361082
0.04916839599609375,0.07000274658203125,0.1305358567431022,0.11030704464331438,12.771195840835565,14.651659297943112
0.2903017044067383,0.08574371337890625,0.12763597272447472,0.10881232321136822,13.061497545242304,14.73740301132202
0.08021697998046876,0.24421463012695313,0.12593056891876528,0.1077437036449473,13.141714525222772,14.981617641448972
0.08276748657226562,0.0797119140625,0.12461069299008834,0.10765638424306041,13.224482011795038,15.061329555511472
0.06623992919921876,0.20225601196289061,0.12283045134022831,0.10821805029766804,13.290721940994256,15.263585567474363
0.3511260986328125,0.4567535400390625,0.1216118788270521,0.11052846230147599,13.64184803962707,15.720339107513427
0.051999473571777345,0.3801078796386719,0.1218015135651282,0.11627906952959338,13.693847513198847,16.100446987152097
0.07934112548828125,0.22452201843261718,0.12213143338043347,0.12462949181722155,13.773188638687127,16.324969005584713
0.0619781494140625,0.07337875366210937,0.12162583880292262,0.13308351747454206,13.83516678810119,16.39834775924682
-0.0380828857421875,0.0467681884765625,0.12003895853148676,0.1397471638523788,13.797083902359002,16.445115947723384
0.04162521362304687,0.0580718994140625,0.1170708501949021,0.14411619881776666,13.838709115982049,16.503187847137447
0.04158859252929688,0.16497955322265626,0.11320423410715667,0.1468736215626744,13.880297708511346,16.668167400360105
0.0522308349609375,0.058643341064453125,0.10896837332754605,0.14867207959393738,13.932528543472284,16.726810741424558
0.041107177734375,0.033678436279296876,0.10452141807351352,0.14916819494544503,13.973635721206659,16.760489177703853
0.12306137084960937,0.04821319580078125,0.10021694233283511,0.1480535203221999,14.096697092056267,16.808702373504634
0.03969268798828125,0.0334381103515625,0.09634550839845656,0.14556782482570774,14.13638978004455,16.842140483856195
0.060880279541015624,0.048786163330078125,0.09266237058106772,0.1419715501223092,14.197270059585565,16.890926647186273
0.1406585693359375,0.019860076904296874,0.08933069358357096,0.1374505169242502,14.337928628921501,16.91078672409057
0.23936729431152343,-0.11442337036132813,0.08735360761576988,0.13158051958809022,14.577295923233025,16.79636335372924
0.023636627197265624,0.02496795654296875,0.08676180882316252,0.12409363743272743,14.600932550430292,16.82133131027221
0.022248458862304688,0.1166778564453125,0.08612816878476467,0.11621706353983055,14.623181009292596,16.938009166717524
0.017665863037109375,0.028105926513671876,0.08466071991370397,0.10897669241193979,14.640846872329705,16.966115093231195
-0.14639511108398437,0.028500747680664063,0.08188408261100953,0.10206584316147543,14.49445176124572,16.99461584091186
0.021846771240234375,0.012657928466796874,0.07745600977735481,0.09515568202658957,14.516298532485955,17.007273769378656
-0.005574798583984375,0.056768035888671874,0.0722346819377241,0.0883926299670406,14.51072373390197,17.06404180526733
0.05533790588378906,0.005169677734375,0.06705619605436429,0.08192596446453457,14.56606163978576,17.069211483001705
0.04637908935546875,0.0003326416015625,0.06229805063592625,0.07556959807738431,14.612440729141229,17.06954412460327
0.25086631774902346,0.010865020751953124,0.058857038561705,0.06921389071859611,14.863307046890252,17.080409145355222
-0.02684326171875,-0.014345169067382812,0.05701150895433752,0.06291827684063137,14.836463785171503,17.06606397628784
0.12136306762695312,-0.00196533203125,0.05579421611252234,0.056664549148715646,14.957826852798457,17.06409864425659
-0.02685394287109375,-0.0038776397705078125,0.05465144794058351,0.05052792644898263,14.930972909927362,17.06022100448608
-0.000379180908203125,-0.004779052734375,0.0531466750894501,0.04460596112906111,14.93059372901916,17.055441951751707
-0.00965576171875,-0.018647003173828124,0.050982012478966825,0.03888581258746555,14.920937967300409,17.036794948577878
-0.2191783905029297,-0.013588714599609374,0.04756612642625349,0.0333320918545879,14.70175957679748,17.023206233978268
-0.006402587890625,0.039501953125,0.042371584978228564,0.02817684787090676,14.695356988906855,17.06270818710327
0.18089122772216798,-0.086468505859375,0.037223944468833176,0.023376533524790168,14.876248216629023,16.976239681243893
-0.02744293212890625,0.12161178588867187,0.0335628643378135,0.018976328868358996,14.848805284500116,17.097851467132564
-0.0199188232421875,-0.030859375,0.030395870868609922,0.015473607486895318,14.828886461257929,17.066992092132566
0.205926513671875,-0.01700897216796875,0.027806316812046733,0.012472343924915868,15.034812974929803,17.049983119964597
-0.025333404541015625,-0.034035873413085935,0.026563278515697168,0.009420825628718866,15.009479570388788,17.015947246551512
-0.03487548828125,-0.3324287414550781,0.025573808013973968,0.005217587287314341,14.974604082107538,16.683518505096433
0.02718048095703125,0.21749343872070312,0.024129034414517955,-0.00012034966855858464,15.00178456306457,16.901011943817135
-0.027642059326171874,-0.0444549560546875,0.022540405199555143,-0.004376997858180046,14.974142503738397,16.85655698776245
-0.3417980194091797,-0.028096771240234374,0.019544231300861283,-0.007513246225025242,14.632344484329218,16.828460216522213
0.10768728256225586,-0.04153594970703125,0.014566888731884853,-0.01054496025955764,14.740031766891475,16.78692426681518
-0.05328445434570313,-0.0379913330078125,0.009538077523748014,-0.013470503698562493,14.686747312545771,16.748932933807367
-0.05431060791015625,-0.053887939453125,0.004997228205684447,-0.016345351441100074,14.632436704635614,16.69504499435424
-0.049236297607421875,0.10560722351074218,0.0003586300376988582,-0.01866077728027041,14.583200407028192,16.800652217864982
-0.036053466796875,-0.035604095458984374,-0.004213820887998143,-0.019888035929258224,14.547146940231316,16.765048122405997
-0.0806060791015625,0.15134048461914062,-0.008712144519467157,-0.019954672447084994,14.466540861129754,16.916388607025137
0.29533958435058594,-0.028676605224609374,-0.011996655428422329,-0.018857971597982366,14.76188044548034,16.887712001800526
-0.46879119873046876,-0.08685989379882812,-0.01442308557286343,-0.017640830399875043,14.293089246749872,16.8008521080017
-0.04778900146484375,-0.04983367919921875,-0.01874458054577378,-0.017279801233712273,14.245300245285028,16.75101842880248
-0.06895027160644532,-0.1554229736328125,-0.024384590668992588,-0.017965661305307905,14.176349973678583,16.59559545516967
-0.06507301330566406,0.2500755310058594,-0.02966123289283432,-0.018680159966764507,14.11127696037292,16.845670986175527
-0.0812835693359375,-0.10513839721679688,-0.03466449337084292,-0.01813999322014352,14.029993391036982,16.74053258895873
-0.08105220794677734,-0.18821792602539061,-0.03946894163376157,-0.017962513453651546,13.948941183090204,16.552314662933338
-0.08224067687988282,0.082928466796875,-0.04409868512486323,-0.018997480699306686,13.866700506210321,16.635243129730213
-0.06763038635253907,-0.06071491241455078,-0.04846995593646569,-0.019889599457222008,13.799070119857783,16.574528217315663
0.025085830688476564,-0.1722259521484375,-0.05212420076897323,-0.021111516937287748,13.82415595054626,16.402302265167226
-0.06896896362304687,-0.09961395263671875,-0.05474137203649967,-0.0236568022498119,13.755186986923214,16.302688312530506
-0.14212722778320314,-0.09283981323242188,-0.05706285044469573,-0.027126482601533747,13.613059759140011,16.209848499298083
-0.13099365234375,-0.06354179382324218,-0.059933375706430425,-0.03090163202718179,13.48206610679626,16.146306705474842
-0.08143844604492187,-0.07151947021484376,-0.06322680663613718,-0.03466996763800613,13.400627660751338,16.074787235259997
-0.10585975646972656,-0.12099685668945312,-0.0665157529945369,-0.03850887644931284,13.294767904281612,15.953790378570543
-0.10215225219726562,-0.10477676391601562,-0.06973729072996604,-0.0426797858937719,13.192615652084346,15.849013614654528
-0.06622467041015626,-0.07283477783203125,-0.0727871988187648,-0.04701423696908535,13.12639098167419,15.776178836822496
-0.10140609741210938,0.14066925048828124,-0.0755029905400861,-0.05035945508761987,13.02498488426208,15.916848087310777
-0.09922332763671875,-0.11047248840332032,-0.07801653153037116,-0.052075428774787436,12.925761556625362,15.806375598907456
-0.024187469482421876,-0.12120819091796875,-0.08016418828942724,-0.05348731856722996,12.90157408714294,15.685167407989487
-0.12310905456542968,-0.11317138671875,-0.08178126618678301,-0.05558239248077408,12.778465032577511,15.571996021270737
0.08277435302734375,-0.10545196533203124,-0.08262985187236441,-0.05817177536226359,12.861239385604854,15.466544055938705
-0.1216827392578125,0.09541473388671876,-0.08243022943557916,-0.06032497643308329,12.739556646347042,15.561958789825423
-0.10100021362304687,-0.080218505859375,-0.08201636555877581,-0.061235001210336815,12.638556432723995,15.48174028396605
-0.019593048095703124,-0.0758087158203125,-0.08172497481566504,-0.06161980757468111,12.618963384628291,15.405931568145737
-0.13517837524414061,-0.1066619873046875,-0.0812943836995361,-0.06227522280711681,12.48378500938415,15.29926958084105
-0.0951507568359375,-0.4055328369140625,-0.08115092281402367,-0.06443761761999031,12.388634252548211,14.893736743926988
-0.2597137451171875,-0.01436767578125,-0.08197459377173189,-0.06869019721755061,12.128920507431024,14.879369068145738
-0.09540863037109375,-0.09116592407226562,-0.08404795885024167,-0.0731582377697864,12.033511877059931,14.788203144073472
-0.1451793670654297,-0.1576374053955078,-0.08672363554045645,-0.07712227149458316,11.888332509994502,14.630565738677964
-0.16007232666015625,-0.05282726287841797,-0.08968417893881678,-0.08098696099151752,11.728260183334346,14.577738475799546
-0.15342445373535157,-0.152923583984375,-0.09310437132860881,-0.0845565722452571,11.574835729598995,14.42481489181517
-0.11406707763671875,-0.10044822692871094,-0.09672307074782693,-0.0879828334330912,11.460768651962276,14.32436666488646
-0.14757461547851564,-0.33509178161621095,-0.10026773089148926,-0.09207167242800078,11.313194036483761,13.98927488327025
-0.15623016357421876,-0.16009292602539063,-0.10383057120958006,-0.09753174481325493,11.156963872909543,13.82918195724486
-0.16268482208251953,-0.18084259033203126,-0.10756444336933299,-0.10371806271899904,10.994279050827023,13.648339366912829
-0.1583160400390625,-0.3075599670410156,-0.11144968740176528,-0.11039819776772632,10.83596301078796,13.340779399871813
-0.09489994049072266,-0.1091064453125,-0.11516743185013051,-0.11766924736728002,10.741063070297237,13.231672954559313
-0.4094367980957031,-0.11018943786621094,-0.11935507492955424,-0.12435504741505692,10.331626272201534,13.121483516693102
-0.16333541870117188,-0.16264171600341798,-0.1250327741965917,-0.12993310642605221,10.168290853500363,12.958841800689685
-0.003418731689453125,-0.08216094970703125,-0.13065305326987836,-0.1345953545966739,10.164872121810909,12.876680850982654
-0.10816726684570313,-0.10928955078125,-0.13447357216561312,-0.1381286272156192,10.056704854965206,12.767391300201403
-0.17135467529296874,-0.38635406494140623,-0.1371404270802449,-0.1415740226973058,9.885350179672237,12.381037235259997
-0.4482444763183594,0.10607948303222656,-0.14064268352742962,-0.1452176290853665,9.437105703353877,12.487116718292224
-0.14922637939453126,-0.3819450378417969,-0.14594509628234095,-0.14817842393911343,9.287879323959347,12.105171680450427
-0.06936187744140625,-0.09441070556640625,-0.15122541852154486,-0.1512348327991284,9.218517446517941,12.01076097488402
-0.15365142822265626,0.2671173095703125,-0.15505458641740802,-0.1527024250972261,9.064866018295286,12.277878284454333
-0.15355682373046875,-0.1537261962890625,-0.15793435581571078,-0.15068275342552565,8.911309194564817,12.124152088165271
-0.1066253662109375,-0.163409423828125,-0.1601122016428554,-0.14754691930379332,8.804683828353879,11.960742664337147
-0.170037841796875,-0.1527679443359375,-0.16156023565871472,-0.14507784265761003,8.634645986557004,11.807974720001209
-0.11063385009765625,-0.10198898315429687,-0.1624505137956569,-0.14297681621477543,8.524012136459348,11.705985736846912
-0.10610198974609375,-0.4635581970214844,-0.16264391388788454,-0.142117489681991,8.417910146713254,11.242427539825428
-0.004875946044921875,0.0480621337890625,-0.1616365219940791,-0.14289228631498624,8.413034200668331,11.290489673614491
-0.1212493896484375,-0.11591949462890624,-0.15931028050505197,-0.1432214425928333,8.291784811019895,11.174570178985585
-0.16190643310546876,-0.15683441162109374,-0.15653719542783204,-0.14265578191411876,8.129878377914427,11.01773576736449
-0.2317981719970703,-0.176202392578125,-0.154399280915247,-0.14230958695758716,7.898080205917356,10.841533374786366
-0.11316909790039062,-0.11612091064453126,-0.15304795230220591,-0.14222301403151943,7.784911108016965,10.725412464141835
-0.17502212524414062,-0.01601715087890625,-0.15199257943381864,-0.14162745480116073,7.609888982772825,10.70939531326293
-0.11059494018554687,-0.10313034057617188,-0.1509853166436463,-0.1399872216432202,7.499294042587278,10.606264972686757
-0.179736328125,-0.14190216064453126,-0.15004067323032627,-0.1379050359553855,7.319557714462277,10.464362812042227
-0.14385223388671875,-0.15782089233398439,-0.14929965906793827,-0.13613700694567968,7.175705480575559,10.306541919708243
-0.055530548095703125,-0.11206436157226562,-0.14841046799552113,-0.13474760584944845,7.120174932479856,10.194477558135977
0.05868072509765625,-0.1534027099609375,-0.14622676374907173,-0.13357124871332343,7.178855657577512,10.04107484817504
-0.11963539123535157,-0.11394119262695312,-0.14248960900292584,-0.13258108566999707,7.059220266342161,9.927133655548086
-0.32784042358398435,-0.149774169921875,-0.13913809696407528,-0.13175480099344888,6.731379842758177,9.777359485626212
0.018758010864257813,-0.09353179931640625,-0.13705663003364274,-0.1309906246994923,6.750137853622435,9.683827686309806
-0.15210494995117188,-0.15119400024414062,-0.13493090046292336,-0.13022074066721123,6.598032903671263,9.532633686065665
-0.10047683715820313,-0.31636199951171873,-0.1325942826125328,-0.13026939351045583,6.49755606651306,9.216271686553947
-0.14179534912109376,-0.15832672119140626,-0.13050945546090714,-0.1318354580469759,6.355760717391966,9.057944965362541
-0.10093612670898437,-0.18647537231445313,-0.12862995049179532,-0.13420460910942428,6.254824590682982,8.871469593048088
-0.08290176391601563,-0.2465351104736328,-0.12673793495168625,-0.1370608229294833,6.171922826766966,8.624934482574455
-0.12954483032226563,0.001540374755859375,-0.12475317270607904,-0.13992194910328995,6.042377996444701,8.626474857330313
-0.13696365356445311,-0.13027191162109375,-0.12301892388680427,-0.14164373802458557,5.905414342880248,8.49620294570922
-0.1673919677734375,-0.10080604553222657,-0.12185238912351425,-0.14233634947937687,5.7380223751068105,8.395396900176992
-0.14420623779296876,-0.23217697143554689,-0.1213413340321303,-0.14289705258079735,5.5938161373138415,8.163219928741446
-0.09754180908203125,0.34925994873046873,-0.12115969331482096,-0.14207827365638578,5.49627432823181,8.512479877471915
-0.13388442993164062,-0.13411941528320312,-0.12096610631718031,-0.13813135018725642,5.36238989830017,8.378360462188711
-0.09911727905273438,-0.1642852783203125,-0.12073364610438729,-0.1331275435192622,5.263272619247435,8.214075183868399
-0.14282760620117188,-0.11627655029296875,-0.12051010472321623,-0.1291066984876937,5.120445013046264,8.09779863357543
-0.23934326171875,-0.10768508911132812,-0.12083751159249606,-0.1256974107492222,4.881101751327514,7.990113544464101
-0.2543548583984375,-0.08890914916992188,-0.12253318921124749,-0.12254539310299063,4.626746892929076,7.9012043952941795
-0.17887649536132813,-0.1870880126953125,-0.12553471799596788,-0.11984287576339207,4.4478703975677485,7.714116382598867
-0.10298614501953125,0.04838409423828125,-0.12881879844967706,-0.11734616215991034,4.344884252548217,7.762500476837149
-0.13135185241699218,-0.08143501281738282,-0.13157152201026645,-0.114178038955658,4.213532400131225,7.681065464019766
-0.1010894775390625,-0.09173126220703125,-0.1336605371311181,-0.1106185313658878,4.112442922592162,7.5893342018127345
-0.120751953125,-0.15919647216796876,-0.13511838614976734,-0.10757200999763389,3.9916909694671623,7.430137729644766
0.13043136596679689,-0.20013580322265626,-0.13514983081081652,-0.10567331936411208,4.122122335433959,7.23000192642211
-0.07347412109375,-0.117486572265625,-0.13297694037664132,-0.10500462412040042,4.048648214340209,7.112515354156486
-0.08188858032226562,-0.04227790832519531,-0.1295878290903945,-0.10465257465957889,3.966759634017943,7.070237445831291
0.186798095703125,-0.22258834838867186,-0.12505594929801112,-0.10437964942207427,4.153557729721069,6.847649097442619
-0.0871856689453125,-0.11884307861328125,-0.11870957807327101,-0.10483485914734172,4.066372060775756,6.728806018829338
-0.10955581665039063,-0.1567138671875,-0.1120285699106032,-0.1059317738755382,3.9568162441253656,6.572092151641837
-0.10489501953125,-0.0981231689453125,-0.1063016328926311,-0.10723640424982052,3.8519212245941157,6.473968982696525
-0.07151947021484376,-0.07069625854492187,-0.10138277339360911,-0.10830946123182862,3.780401754379272,6.403272724151603
-0.16813888549804687,-0.10170974731445312,-0.09730297334385675,-0.108874565197763,3.612262868881225,6.3015629768371495
-0.06400527954101562,0.0096038818359375,-0.09418655654988659,-0.10872840162310839,3.5482575893402095,6.311166858673087
-0.09682235717773438,0.0007965087890625,-0.0916363134593771,-0.1073268287990464,3.451435232162475,6.31196336746215
-0.060918426513671874,-0.05234832763671875,-0.08932753992699147,-0.10474768074707987,3.390516805648803,6.259615039825431
-0.0083526611328125,-0.09103775024414062,-0.08692277818635592,-0.1017770173428681,3.3821641445159907,6.1685772895812905
-0.08415908813476562,-0.10608978271484375,-0.08423625521540266,-0.09904884852934359,3.298005056381225,6.0624875068664466
-0.08764572143554687,-0.0761627197265625,-0.08172411032007376,-0.09670397578329976,3.210359334945678,5.986324787139884
0.009924793243408203,-0.06833953857421875,-0.07934077666168031,-0.09452336901661851,3.220284128189086,5.917985248565665
-0.043621826171875,-0.051624298095703125,-0.0765996257274112,-0.09228628285724391,3.176662302017211,5.866360950469962
-0.083819580078125,-0.083270263671875,-0.07377869877424524,-0.08999952522405986,3.092842721939086,5.7830906867980865
0.134354305267334,-0.0662109375,-0.07062679019650883,-0.08781121366919477,3.22719702720642,5.716879749298086
0.13032684326171876,-0.04357986450195313,-0.06582330770368018,-0.08564610301206667,3.357523870468139,5.673299884796133
-0.0882080078125,-0.033062744140625,-0.059737224240752465,-0.08326798290165865,3.269315862655639,5.6402371406555085
0.11693649291992188,-0.06176567077636719,-0.05352008360319094,-0.0806917973592724,3.386252355575561,5.578471469879141
-0.06756134033203125,-0.11809463500976562,-0.047257010247404016,-0.0783609371914757,3.3186910152435294,5.4603768348693755
0.40189666748046876,-0.030451202392578126,-0.03993940364006799,-0.07646377285465208,3.7205876827239983,5.429925632476797
-0.056201171875,-0.057338714599609375,-0.030771791397424864,-0.07462372478461586,3.664386510848998,5.372586917877188
-0.0371307373046875,-0.03972816467285156,-0.02173707159371344,-0.07267170928638281,3.6272557735443107,5.332858753204336
-0.06564178466796874,-0.055312728881835936,-0.014568698741588329,-0.07068049575329387,3.561613988876342,5.2775460243225005
0.0598480224609375,-0.04429779052734375,-0.008749608277269552,-0.06869452476410232,3.6214620113372797,5.233248233795157
-0.03982124328613281,-0.03589496612548828,-0.0036996718808465167,-0.06668793773120194,3.581640768051147,5.197353267669669
-0.031833648681640625,-0.03314361572265625,0.0003946577615445147,-0.06458243838030728,3.549807119369506,5.164209651947013
-0.040291213989257814,0.24532318115234375,0.0032959136338732297,-0.06136575380965692,3.5095159053802485,5.409532833099357
-0.01862335205078125,-0.0013031005859375,0.005202461741166004,-0.056131605819320654,3.4908925533294672,5.408229732513419
-0.026102447509765626,0.023921871185302736,0.006347869799451907,-0.04997082896662729,3.4647901058197017,5.432151603698722
-0.030348968505859376,0.09816818237304688,0.0068483929068180885,-0.04356513664435414,3.434441137313842,5.530319786071769
-0.02037391662597656,-0.00224761962890625,0.006780059691003184,-0.03678172734911375,3.4140672206878655,5.528072166442863
-0.022835540771484374,0.051967620849609375,0.006284438480547252,-0.030042471007733978,3.3912316799163813,5.580039787292472
-0.0128570556640625,-0.016708755493164064,0.005492714448616521,-0.023657505817732034,3.3783746242523187,5.563331031799308
-0.0116485595703125,0.240521240234375,0.004532307416247613,-0.017031136391020104,3.3667260646820063,5.803852272033683
-0.01896209716796875,-0.04392166137695312,0.0034630003916783737,-0.00971433748576247,3.3477639675140374,5.759930610656729
-0.17694244384765626,0.11195793151855468,0.0016972627285751765,-0.0024896919878355586,3.170821523666381,5.871888542175284
-0.003521728515625,0.16823196411132812,-0.001168655836148602,0.004855880413248184,3.167299795150756,6.040120506286613
0.32931671142578123,-0.10324516296386718,-0.0030246783654657603,0.012185233098185312,3.4966165065765376,5.936875343322745
0.13839569091796874,0.001413726806640625,-0.0016608576552951983,0.018011269014192404,3.635012197494506,5.938289070129386
0.028142547607421874,-0.002800750732421875,0.0018020222306064067,0.022253970673553655,3.663154745101928,5.935488319396964
0.017527008056640626,0.023253631591796876,0.005443525374718193,0.025552545939258355,3.6806817531585687,5.958741950988761
0.007260894775390625,0.2592658996582031,0.008668440604081203,0.02904114947831285,3.6879426479339594,6.2180078506469645
0.02296905517578125,0.017905426025390626,0.011441960276979784,0.03356805520339552,3.7109117031097405,6.235913276672355
0.01604881286621094,-0.17268428802490235,0.013848937054784327,0.03731487291660282,3.7269605159759513,6.063228988647453
0.2400665283203125,0.0649658203125,0.01673226657913523,0.03896038788806937,3.967027044296264,6.128194808959953
0.028268814086914062,0.01575927734375,0.02080313473541968,0.039675812973175566,3.995295858383178,6.143954086303703
-0.16151657104492187,-0.05299301147460937,0.02439906575756588,0.039857492960874846,3.833779287338256,6.090961074829093
0.03014678955078125,0.08306198120117188,0.026097690199208108,0.03940623903622405,3.8639260768890376,6.174023056030265
0.034594035148620604,0.2532173156738281,0.026900368464236275,0.039784386885664755,3.8985201120376582,6.427240371704093
0.2786773681640625,-0.3468498229980469,0.02855169760934146,0.04040340920478496,4.177197480201721,6.0803905487060455
0.0432708740234375,0.022247886657714842,0.031821102696029016,0.03882161825751571,4.220468354225158,6.10263843536376
0.0599029541015625,0.034477615356445314,0.035636861791090504,0.035964810620963475,4.28037130832672,6.137116050720206
0.0345794677734375,0.23985671997070312,0.03903093182362895,0.03425112462045275,4.314950776100158,6.376972770690909
0.06348114013671875,0.06708869934082032,0.042004284092565,0.03442548162757435,4.3784319162368766,6.444061470031729
0.058805084228515624,0.061022186279296876,0.04468304154718017,0.035648372970416134,4.437237000465392,6.505083656311026
0.051943206787109376,0.28146820068359374,0.04712231395063564,0.03786009488024194,4.4891802072525016,6.7865518569946195
-0.025327682495117188,0.05682830810546875,0.04897926798644068,0.04162883237365467,4.463852524757384,6.843380165100088
0.24949798583984376,0.23143234252929687,0.050732592990675555,0.04645007524308898,4.713350510597228,7.074812507629385
-0.009234619140625,0.035749053955078124,0.05314752617366309,0.051825055988794076,4.704115891456603,7.110561561584463
-0.10244636535644532,-0.3695259094238281,0.05486501470780721,0.055332928313031875,4.6016695261001574,6.741035652160635
-0.03757667541503906,0.05345306396484375,0.0545964583409528,0.05511451303394797,4.564092850685118,6.794488716125478
0.4048439025878906,0.08570556640625,0.05440371001174314,0.05349250397519568,4.968936753273009,6.880194282531728
-0.0809844970703125,-0.3467803955078125,0.05595725355373608,0.05091811485838785,4.887952256202696,6.533413887023916
0.019620132446289063,0.10981826782226563,0.05739788773559752,0.046221515505025394,4.907572388648985,6.6432321548461815
-0.10869979858398438,0.18569488525390626,0.05722759239755123,0.04183206343624064,4.798872590065001,6.828927040100088
0.0897064208984375,0.08857574462890624,0.05586457766604738,0.0396148604559215,4.888579010963438,6.9175027847289945
0.11864242553710938,0.05572662353515625,0.05459997711027355,0.038700707262044026,5.007221436500547,6.97322940826415
0.059857177734375,-0.082757568359375,0.054151343696931066,0.03779946818340957,5.067078614234922,6.890471839904776
-0.058612823486328125,0.10977897644042969,0.0536422557216061,0.03649734228355954,5.008465790748594,7.000250816345205
0.183758544921875,0.06130218505859375,0.0528967005466986,0.03559596378731833,5.192224335670469,7.061553001403799
0.02514190673828125,0.13567276000976564,0.05271604427421766,0.035658659270821735,5.21736624240875,7.197225761413565
0.2118408203125,0.21249542236328126,0.053415966131514954,0.037168904338359246,5.42920706272125,7.4097211837768455
0.0456268310546875,0.48624358177185056,0.05501884719476087,0.04168636246793464,5.474833893775938,7.895964765548696
0.08632354736328125,0.23903961181640626,0.056974054922677125,0.05002175148117643,5.561157441139219,8.135004377365101
-0.13825454711914062,0.13074417114257814,0.058075356135243277,0.0602413186349785,5.422902894020078,8.265748548507679
0.03190155029296875,0.2788383483886719,0.057582769303227865,0.07074686979046658,5.454804444313047,8.54458689689635
0.06834259033203124,0.2548980712890625,0.05631407450957748,0.08193343469675121,5.523147034645079,8.799484968185412
0.0389129638671875,-0.11093673706054688,0.055187637745660933,0.09256607978132482,5.562059998512266,8.688548231124866
0.03984375,0.0515289306640625,0.054118794558511686,0.10043278165900492,5.6019037485122665,8.740077161788928
0.036701202392578125,0.3010528564453125,0.05300242767663981,0.10662548071819677,5.638604950904845,9.041130018234242
0.08454475402832032,0.35262374877929686,0.05201632983508617,0.11390958803091052,5.7231497049331645,9.39375376701354
0.03995819091796875,-0.052645111083984376,0.0513272647482372,0.12181136758641341,5.7631078958511335,9.341108655929554
-0.07476348876953125,0.20406494140625,0.050331684387619514,0.12829676601685322,5.688344407081602,9.545173597335804
0.040924072265625,0.08478546142578125,0.048520452160433325,0.13346214104525683,5.729268479347227,9.629959058761585
0.0184051513671875,0.0117889404296875,0.04639353523822564,0.13724895465475845,5.747673630714415,9.641747999191272
0.0578094482421875,0.18661346435546874,0.044431725540368526,0.13949922956523716,5.805483078956602,9.828361463546742
0.00540313720703125,0.0343780517578125,0.04265062508060792,0.14088114251711023,5.810886216163633,9.862739515304554
0.044995880126953124,0.050439453125,0.040953117576515666,0.14110469104386641,5.8558820962905855,9.913178968429554
0.04507904052734375,0.20273208618164062,0.03944747071013935,0.14047178543732822,5.900961136817929,10.115911054611194
0.00562896728515625,0.10122871398925781,0.03812537700805728,0.13992470809706256,5.906590104103086,10.217139768600452
0.2619941711425781,0.08085479736328124,0.03761912655475827,0.13919995176926722,6.168584275245664,10.297994565963734
0.0079315185546875,0.0073455810546875,0.03859715563750364,0.13755552966856327,6.176515793800351,10.305340147018422
0.0151214599609375,-0.01027984619140625,0.03991787264650317,0.13449492708894714,6.1916372537612885,10.295060300827016
0.00125732421875,0.03656158447265625,0.04058808269307751,0.1300688127142546,6.192894577980039,10.331621885299672
0.001837921142578125,0.0386505126953125,0.0406317105441032,0.12484665806242341,6.194732499122617,10.370272397994984
-0.00547637939453125,-0.01801910400390625,0.04007764717639096,0.11901326132656473,6.1892561197280855,10.352253293991078
-0.028211212158203124,-0.265838623046875,0.038898018530943934,0.11145221420905103,6.161044907569883,10.086414670944203
-0.041455078125,0.0112762451171875,0.03697263529161487,0.10155768046051747,6.119589829444883,10.09769091606139
-0.021836090087890624,-0.028231048583984376,0.03434359776313014,0.09081957130557097,6.0977537393569925,10.069459867477406
0.36807861328125,-0.05085296630859375,0.03266984918307652,0.08016632308833319,6.465832352638243,10.018606901168813
-0.06525726318359375,-0.26577301025390626,0.033146041059418443,0.06865313603146508,6.400575089454649,9.752833890914907
-0.0394500732421875,-0.07489967346191406,0.03378202840514098,0.05563942149743126,6.361125016212461,9.677934217452993
-0.03926162719726563,0.19373321533203125,0.03316078901486331,0.04313511469818982,6.321863389015196,9.871667432785024
-0.0708526611328125,0.206103515625,0.03147643993683831,0.033920310433443006,6.251010727882383,10.077770948410024
-0.06452789306640624,-0.3954490661621094,0.028721239098507077,0.0264767831551538,6.186482834815976,9.682321882247914
-0.10885162353515625,-0.08296890258789062,0.024880328147248068,0.0174432099984894,6.07763121128082,9.599352979660024
-0.07500534057617188,0.1748504638671875,0.02001055671794468,0.008227861539817256,6.002625870704648,9.774203443527211
-0.05931015014648437,-0.07413177490234375,0.014491466679814116,0.0010912828901817077,5.9433157205581635,9.700071668624867
-0.0670379638671875,0.17661018371582032,0.008717011301379132,-0.004163223751411482,5.876277756690976,9.876681852340687
0.19094467163085938,0.26139373779296876,0.0037476202618881385,-0.0065444339512705065,6.067222428321835,10.138075590133655
-0.135589599609375,-0.1287933349609375,0.00018227559178148555,-0.006376584882704721,5.93163282871246,10.009282255172717
0.18267974853515626,0.09736175537109375,-0.0024341821600032797,-0.005777287626905458,6.114312577247616,10.10664401054381
-0.08426094055175781,0.062450408935546875,-0.004062382151458134,-0.0047269193869385155,6.030051636695858,10.169094419479357
-0.10623779296875,0.27410888671875,-0.005700114855715058,-0.001981393442032507,5.923813843727108,10.443203306198107
-0.0687255859375,0.17890625,-0.008312205999939969,0.0032054015324871356,5.855088257789608,10.622109556198108
-0.06209869384765625,-0.00325469970703125,-0.011486049636996343,0.009778085859471172,5.792989563941951,10.618854856491076
-0.05660934448242187,0.21805267333984374,-0.014880464623191406,0.01655304794960041,5.736380219459529,10.83690752983092
-0.125140380859375,0.06056289672851563,-0.01859479968045216,0.023772109138750545,5.611239838600154,10.897470426559437
0.10077171325683594,-0.003845977783203125,-0.02218149024151517,0.03068586214946263,5.71201155185699,10.893624448776233
-0.0857574462890625,0.037457275390625,-0.024896743255107396,0.03635653166464696,5.626254105567927,10.931081724166859
-0.16631317138671875,-0.09980926513671876,-0.027667773560644274,0.04047313538494421,5.459940934181208,10.83127245903014
-0.0807342529296875,-0.3669624328613281,-0.03139446041770933,0.04141683978095609,5.379206681251521,10.464310026168812
-0.12603912353515626,-0.11283035278320312,-0.03570316573183683,0.03817874228024478,5.253167557716365,10.35147967338561
-0.07704086303710937,0.07397232055664063,-0.040277471128814815,0.033036393407166575,5.1761266946792555,10.42545199394225
-0.1114166259765625,-0.12568740844726561,-0.044941531021516386,0.027924697110100004,5.064710068702693,10.299764585494984
-0.12737045288085938,0.05034084320068359,-0.04974248448924482,0.022780564485644698,4.937339615821834,10.350105428695667
0.10001373291015625,-0.08566513061523437,-0.054005036971164454,0.01774316066230981,5.03735334873199,10.264440298080432
-0.07051467895507812,0.14846420288085938,-0.056783452668707345,0.0133684032239203,4.966838669776912,10.412904500961291
-0.12471542358398438,-0.13686561584472656,-0.058887110061821984,0.0097817167998912,4.842123246192928,10.276038885116565
-0.0772003173828125,0.0461517333984375,-0.06123350776010868,0.006350773282276144,4.764922928810115,10.322190618515002
-0.3781688690185547,-0.25013275146484376,-0.06469127247855805,0.002319157336294773,4.386754059791561,10.072057867050159
-0.12269210815429688,-0.19595565795898437,-0.07011204601978702,-0.0034439789845739296,4.264061951637264,9.876102209091174
0.0193634033203125,0.097711181640625,-0.07582270676277805,-0.010190279336247656,4.2834253549575765,9.973813390731799
-0.17636871337890625,0.01317291259765625,-0.0804479912608234,-0.01564475774873842,4.10705664157867,9.986986303329456
-0.29091949462890626,-0.22952117919921874,-0.08541575885724689,-0.02036646331660654,3.816137146949764,9.757465124130237
0.07087020874023438,0.01490325927734375,-0.09082660553309158,-0.025585167477077446,3.887007355689998,9.77236838340758
-0.08207473754882813,-0.1065948486328125,-0.09487821460052256,-0.030692881018721436,3.80493261814117,9.665773534774766
-0.2573814392089844,0.17075271606445314,-0.09816565406124741,-0.03462404408808478,3.5475511789321854,9.836526250839219
0.02429351806640625,0.14963417053222655,-0.1015693114943706,-0.036020854008740374,3.5718446969985918,9.986160421371446
-0.09425735473632812,-0.015826416015625,-0.1040449412021859,-0.035023465064244405,3.4775873422622636,9.970334005355822
-0.14827346801757812,0.05137710571289063,-0.1057419785393272,-0.03306773164989264,3.3293138742446855,10.021711111068713
0.011364364624023437,0.24367446899414064,-0.10700506254992095,-0.029754048241034316,3.340678238868709,10.265385580062853
-0.19298019409179687,0.1982433319091797,-0.10766593614080934,-0.023879786182314705,3.147698044776912,10.463628911972032
-0.16500701904296874,-0.08891754150390625,-0.10861375082685903,-0.016619593126432256,2.9826910257339434,10.374711370468125
-0.10720634460449219,-0.21911792755126952,-0.11011617201589356,-0.0110203923926283,2.875484681129451,10.155593442916855
-0.09899444580078125,-0.098626708984375,-0.11151141234728587,-0.008439571111754172,2.77649023532867,10.05696673393248
-0.03289642333984375,-0.15634727478027344,-0.1122885069823418,-0.008230897575874828,2.743593811988826,9.900619459152207
-0.15703964233398438,-0.029947280883789062,-0.11247793817261624,-0.009535095274495182,2.5865541696548418,9.870672178268418
-0.10579071044921876,-0.098052978515625,-0.11264686517952767,-0.011627089066148892,2.480763459205623,9.772619199752793
-0.10722808837890625,-0.22484970092773438,-0.11287977756905934,-0.014843056267523564,2.373535370826717,9.547769498825058
-0.22200164794921876,0.1936483383178711,-0.11340336062887352,-0.01860282977298475,2.151533722877498,9.74141783714293
-0.15188026428222656,-0.2008148193359375,-0.11474529780029612,-0.021619905175813605,1.9996534585952714,9.540603017806992
-0.22791748046875,-0.10346450805664062,-0.11693604696334726,-0.024960501227021613,1.7717359781265214,9.437138509750351
-0.105078125,-0.19298324584960938,-0.11965759198674909,-0.029571233167619254,1.6666578531265215,9.244155263900742
-0.15368728637695311,-0.23132553100585937,-0.12234574272329658,-0.03561321359722424,1.5129705667495683,9.012829732894883
-0.108856201171875,-0.09421501159667969,-0.1247118387391471,-0.04287124529991131,1.4041143655776933,8.918614721298203
-0.01986980438232422,0.07537708282470704,-0.12630307815503655,-0.04957370142305324,1.384244561195369,8.99399180412291
-0.15798912048339844,-0.15863990783691406,-0.12691586947830133,-0.05483649048805483,1.2262554407119706,8.835351896285996
-0.2684375762939453,0.17351837158203126,-0.1277788217620667,-0.058695666089039616,0.9578178644180253,9.008870267868026
-0.020406723022460938,0.00987091064453125,-0.12924065653756173,-0.06035812642504242,0.9374111413955644,9.018741178512558
-0.21529541015625,-0.2344696044921875,-0.13049194392002614,-0.061024763435596895,0.7221157312393144,8.784271574020371
-0.09642181396484376,0.18051605224609374,-0.1316316762797513,-0.06170763819875047,0.6256939172744707,8.964787626266466
-0.11626510620117188,-0.00403900146484375,-0.1325781520593268,-0.06094164568040201,0.5094288110732987,8.960748624801623
-0.33377838134765625,-0.00926971435546875,-0.13385009931196096,-0.058826582129891405,0.1756504297256425,8.951478910446154
-0.15485076904296874,-0.1468475341796875,-0.13637547383282844,-0.05681729203707364,0.02079966068267375,8.804631376266466
0.16950569152832032,-0.27414627075195314,-0.13823062061332533,-0.05640216712852191,0.19030535221099407,8.530485105514513
-0.377496337890625,0.05185394287109375,-0.13848140674179493,-0.05756732692375489,-0.1871909856796309,8.582339048385608
0.2196319580078125,-0.15004196166992187,-0.1380102284688026,-0.05886949297743844,0.03244097232818158,8.432297086715685
-0.07342681884765626,0.24225540161132814,-0.13565867634752007,-0.05912845430823974,-0.04098584651947468,8.674552488327013
-0.029700469970703126,0.09332733154296875,-0.13156873572345443,-0.0569393327706157,-0.0706863164901778,8.767879819869982
-0.12776565551757812,-0.02177562713623047,-0.1271824985973179,-0.052807264604470966,-0.19845197200775594,8.746104192733752
0.32251434326171874,-0.040416717529296875,-0.12153293777393784,-0.04854907195758133,0.1240623712539628,8.705687475204455
-0.15150146484375,-0.11250152587890624,-0.11371794283514515,-0.04505993614068122,-0.02743909358978719,8.593185949325548
0.068017578125,-0.28259925842285155,-0.10521096965054479,-0.04347087508738031,0.040578484535212817,8.310586690902696
-0.34185943603515623,-0.10015945434570313,-0.09785904534099657,-0.04432795103361551,-0.3012809514999434,8.210427236556992
-0.04535598754882812,0.17087783813476562,-0.0926806309619958,-0.045533423097501365,-0.3466369390487715,8.381305074691758
-0.0757476806640625,0.15820083618164063,-0.08884368840795415,-0.04443505434845032,-0.42238461971283403,8.539505910873398
-0.24676666259765626,-0.30244598388671873,-0.08595105948053339,-0.04220239355896991,-0.6691512823104903,8.23705992698668
-0.14928436279296875,-0.2990447998046875,-0.0848866690782837,-0.042422694435741815,-0.818435645103459,7.938015127181992
-0.017183780670166016,0.11168212890625,-0.08480311631831917,-0.04484953630900093,-0.835619425773625,8.049697256088242
-0.10560150146484375,0.20856246948242188,-0.08455223175027006,-0.04575026482892007,-0.9412209272384687,8.258259725570664
-0.2412811279296875,-0.3294769287109375,-0.08481829836755406,-0.04511965638445891,-1.1825020551681562,7.928782796859727
-0.09622573852539062,-0.10506057739257812,-0.08629094579038395,-0.04594975657895262,-1.2787277936935468,7.8237222194671485
-0.09042129516601563,0.21890640258789062,-0.0881720643895859,-0.047140482827153586,-1.3691490888595625,8.04262862205504
-0.04571075439453125,-0.3403839111328125,-0.08963858086096198,-0.04748206525929178,-1.4148598432540938,7.702244710922226
-0.0778533935546875,-0.1177276611328125,-0.0905082888947668,-0.049179259191934464,-1.4927132368087812,7.584517049789413
-0.14443740844726563,-0.2733924865722656,-0.09117780019435089,-0.05296331917734167,-1.637150645256047,7.311124563217148
-0.19320068359375,-0.29633255004882814,-0.09244531908075816,-0.05884387491102364,-1.830351328849797,7.01479201316832
-0.6229911804199219,-0.33995819091796875,-0.09634603724526714,-0.06728231822272483,-2.453342509269719,6.674833822250351
-0.3349761962890625,-0.06368331909179688,-0.10464134799746895,-0.07713843102582997,-2.7883187055587815,6.611150503158554
-0.4434478759765625,-0.3589775085449219,-0.11635877622115202,-0.08726490840034837,-3.231766581535344,6.252172994613632
-0.1586883544921875,-0.09920501708984375,-0.12948268414282688,-0.0976685607176236,-3.390454936027531,6.152967977523788
-0.19786300659179687,-0.2643421173095703,-0.14206606000189093,-0.1079394529799452,-3.588317942619328,5.888625860214218
-0.11971206665039062,0.13321380615234374,-0.15298403053425086,-0.11676592315469399,-3.7080300092697187,6.021839666366562
-0.5546455383300781,-0.17341384887695313,-0.1635005816358085,-0.12308422282073747,-4.262675547599796,5.848425817489609
-0.12684783935546876,-0.14311981201171875,-0.17484671755668624,-0.12788267581013749,-4.389523386955265,5.70530600547789
-0.1496257781982422,0.10328750610351563,-0.1852819892211877,-0.13133789534953094,-4.539149165153507,5.808593511581406
-0.6907222747802735,-0.2682487487792969,-0.19537885016257217,-0.13306958264706756,-5.22987143993378,5.540344762802109
-0.18257293701171876,-0.20894775390625,-0.20720762713301696,-0.13491726772363308,-5.412444376945499,5.331397008895859
-0.06736526489257813,-0.057427978515625,-0.21817669572904766,-0.1372025880876986,-5.479809641838076,5.2739690303802345
-0.0643341064453125,0.027130126953125,-0.22558130240978627,-0.13820265729050954,-5.544143748283389,5.3010991573333595
-0.09599838256835938,0.26594085693359376,-0.2295700151158697,-0.13608611224423833,-5.640142130851748,5.567040014266953
-0.048946380615234375,0.07698860168457031,-0.23068919126623738,-0.130039346292723,-5.6890885114669825,5.644028615951524
0.0881439208984375,-0.27903900146484373,-0.22866719664747087,-0.12258304131871395,-5.600944590568545,5.364989614486681
-0.0196441650390625,-0.24113922119140624,-0.22327173551037896,-0.11718061472058439,-5.620588755607608,5.123850393295275
0.18476715087890624,-0.010087203979492188,-0.21467417081204573,-0.11375402078897237,-5.435821604728702,5.113763189315782
0.3770122528076172,-0.019049453735351562,-0.20173391254915904,-0.11025280168051634,-5.058809351921084,5.094713735580431
-0.014404296875,0.05795135498046875,-0.18463026522793577,-0.10568907654864593,-5.073213648796084,5.1526650905609
0.014980125427246093,0.1576995849609375,-0.1663213814475732,-0.09941541158790582,-5.0582335233688385,5.310364675521837
-0.012542724609375,-0.0983062744140625,-0.14857315464366033,-0.0917268878850778,-5.0707762479782135,5.212058401107775
0.20197219848632814,-0.29075469970703127,-0.13086744551653445,-0.08515532590195835,-4.868804049491885,4.921303701400744
-0.022058868408203126,0.27709388732910156,-0.1128110678737397,-0.07987864296055426,-4.890862917900089,5.198397588729845
0.003203582763671875,-0.002378082275390625,-0.09547703584389604,-0.0733584627625701,-4.887659335136417,5.196019506454455
-0.0041900634765625,-0.25316925048828126,-0.07965401318140285,-0.06676774148196954,-4.891849398612979,4.942850255966174
0.008483123779296876,0.03987045288085937,-0.06524136769426127,-0.061980875940543835,-4.883366274833682,4.982720708847033
0.023529052734375,0.01822967529296875,-0.05209874551974745,-0.05763758012376986,-4.859837222099307,5.000950384140002
-0.0013597488403320312,-0.10503082275390625,-0.0401450150654105,-0.05327041867700349,-4.8611969709396385,4.895919561386096
0.263812255859375,0.0092864990234375,-0.028525191877734137,-0.04950371884188578,-4.597384715080263,4.905206060409533
0.016754341125488282,0.11360626220703125,-0.01641741022241463,-0.045534837046083666,-4.580630373954775,5.018812322616564
-0.30790863037109373,0.041581344604492185,-0.006081508308011269,-0.04054539279157149,-4.888539004325868,5.0603936672210565
0.015444564819335937,0.09278411865234375,0.0005459404614545846,-0.03473228261191667,-4.8730944395065325,5.1531777858734005
0.02366943359375,0.01602935791015625,0.005168856821018638,-0.028481779697989,-4.849425005912782,5.169207143783557
0.023680877685546876,0.30075759887695314,0.009277343951842938,-0.021294976384940642,-4.825744128227235,5.46996474266051
0.0235870361328125,0.0298065185546875,0.012925172728609987,-0.012625322611566594,-4.802157092094423,5.499771261215198
0.026141357421875,0.21346511840820312,0.016143114344278495,-0.00310609761537021,-4.776015734672548,5.713236379623401
0.03083953857421875,0.08140487670898437,0.018989722205910352,0.006857197672209633,-4.745176196098329,5.794641256332386
0.1340576171875,0.32564544677734375,0.021901322811062236,0.01764107917164164,-4.61111857891083,6.12028670310973
-0.053002357482910156,0.041082763671875,0.024912344266218467,0.029215964823931045,-4.66412093639374,6.161369466781605
0.07002105712890624,0.3088581085205078,0.027427410518799347,0.04107855019736375,-4.594099879264833,6.470227575302113
0.3083913803100586,0.04213218688964844,0.03056777009404794,0.052953144757763713,-4.285708498954775,6.512359762191761
0.12182769775390626,0.06256637573242188,0.0356826004092691,0.06377757965142328,-4.163880801200869,6.574926137924183
0.04639739990234375,0.044549179077148435,0.04161509265015558,0.0726827928781518,-4.117483401298525,6.619475317001331
0.06816253662109376,0.21970748901367188,0.04700295718425906,0.0804301301972469,-4.049320864677432,6.839182806015003
0.0528533935546875,0.10341949462890625,0.05168584030872656,0.0878782060974238,-3.9964674711227444,6.94260230064391
0.03957977294921875,0.042156982421875,0.0556305501736116,0.09453802573943779,-3.9568876981735257,6.9847592830657845
0.0740509033203125,0.3006914138793945,0.05887338196137337,0.10051287739854334,-3.882836794853213,7.285450696945179
0.047698974609375,0.050927734375,0.06158781207763091,0.10657395132501186,-3.835137820243838,7.3363784313201785
0.17253799438476564,0.12344818115234375,0.06420664484424542,0.11200925016465284,-3.6625998258590724,7.459826612472522
0.05981903076171875,0.0579376220703125,0.06710809081143798,0.11622539093952015,-3.602780795097354,7.517764234542835
0.016316986083984374,0.0735260009765625,0.06968221515697383,0.11920438221970375,-3.5864638090133694,7.591290235519397
0.096807861328125,0.1759340524673462,0.07151320023847663,0.12135104206613612,-3.4896559476852445,7.767224287986743
0.05735015869140625,0.072454833984375,0.07297808863116026,0.12319325730043118,-3.432305788993838,7.839679121971118
-0.07486915588378906,0.094891357421875,0.07364211575948275,0.12445651916791767,-3.5071749448776273,7.934570479392993
-0.2401702880859375,0.08089599609375,0.07192677317079484,0.12495385174137302,-3.7473452329635646,8.015466475486743
0.1327545166015625,0.2108856201171875,0.06791873812594747,0.12525342312077126,-3.614590716362002,8.22635209560393
0.06437911987304687,0.07598876953125,0.06390429410845204,0.12578541451397612,-3.550211596488955,8.30234086513518
0.08672256469726562,0.10160369873046875,0.06087890865929541,0.12609072013821196,-3.4634890317916893,8.403944563865648
0.0771270751953125,0.07713546752929687,0.05860482879063247,0.12581019437746382,-3.3863619565963767,8.481080031394946
0.11820220947265625,-0.08416786193847656,0.05715285042226366,0.12437463277799443,-3.2681597471237205,8.396912169456469
0.12166500091552734,0.11982879638671876,0.05668546618815206,0.12147470916809737,-3.146494746208193,8.516740965843187
0.07663421630859375,0.12671661376953125,0.057059893114378306,0.11830923699859536,-3.0698605298995996,8.643457579612718
0.19472980499267578,0.08090744018554688,0.058247716095415444,0.11559010542681122,-2.875130724906924,8.724365019798265
0.12704849243164062,0.13570556640625,0.060546493564852026,0.11317562769516112,-2.748082232475283,8.860070586204515
0.24739723205566405,0.13084564208984376,0.06411536908684139,0.11126459383226017,-2.5006850004196193,8.990916228294358
0.14376678466796874,0.10549774169921874,0.06894713904868204,0.10987417570515394,-2.3569182157516506,9.096413969993577
-0.039371490478515625,0.08378753662109376,0.07378814788371042,0.10865991753487467,-2.3962897062301662,9.18020150661467
0.13276176452636718,0.12285995483398438,0.07748831930552416,0.10750317880928029,-2.2635279417037992,9.303061461448655
0.07738494873046875,0.0904327392578125,0.08056279716778023,0.10649829887832765,-2.1861429929733305,9.393494200706467
0.12866058349609374,0.08736801147460938,0.08347691821020374,0.10553063605647238,-2.057482409477237,9.480862212181076
0.09220085144042969,0.06916885375976563,0.08625338070160818,0.10440259744544723,-1.965281558036807,9.550031065940843
0.13566970825195312,0.02621307373046875,0.08895341942696867,0.10285814202414766,-1.829611849784854,9.576244139671312
0.08981246948242187,0.01726531982421875,0.0915670977150886,0.10057798241562317,-1.739799380302432,9.59350945949553
0.1848968505859375,0.18629798889160157,0.09424024806102388,0.09810673531706703,-1.5549025297164947,9.779807448387132
0.2498035430908203,-0.031191635131835937,0.0976821838710115,0.09591559447783837,-1.3050989866256744,9.748615813255295
0.09919815063476563,0.10355072021484375,0.10198693370043621,0.09351551600500531,-1.2059008359909087,9.85216653347014
0.14734268188476562,0.0694061279296875,0.10627019985934541,0.09103993686396515,-1.058558154106143,9.921572661399827
0.31209793090820315,0.03643951416015625,0.11087340437172749,0.08865829063021012,-0.7464602231979399,9.958012175559983
0.14604873657226564,0.14619941711425782,0.11644413898133146,0.0864248509809404,-0.6004114866256742,10.10421159267424
0.29723396301269533,0.10790863037109374,0.1226856515135416,0.08488480160614673,-0.3031775236129789,10.212120223045334
0.2209941864013672,0.15752182006835938,0.12961590392488126,0.08424740063426775,-0.0821833372116117,10.369642043113693
0.10441055297851562,0.23297576904296874,0.13659544362781645,0.08486887367785069,0.022227215766903924,10.602617812156662
0.16006240844726563,-0.042913055419921874,0.1425961145935618,0.08626229189943546,0.18228962421416955,10.55970475673674
0.00308074951171875,0.10583114624023438,0.1471027047670733,0.08709539377812607,0.1853703737258883,10.665535902976975
0.18146209716796874,0.05882568359375,0.15000371075946345,0.0873553281572611,0.36683247089385707,10.724361586570724
0.15774078369140626,-0.03985137939453125,0.15215615730071433,0.0869725012248263,0.5245732545852633,10.684510207176194
0.15236434936523438,0.17096939086914062,0.15410548831273946,0.08593564530662176,0.6769376039504976,10.855479598045335
0.11930427551269532,0.1138763427734375,0.15561194773972822,0.08532917061115429,0.7962418794631929,10.969355940818772
0.42320823669433594,0.063580322265625,0.15756752504582497,0.08525961285622387,1.2194501161575289,11.032936263084398
0.10568313598632813,0.11969146728515626,0.16080234455777623,0.08527269130058492,1.325133252143857,11.152627730369554
0.1580718994140625,0.2503944396972656,0.1640516894269602,0.08605240355566258,1.4832051515579194,11.40302217006682
0.17193641662597656,0.35089797973632814,0.16654583119983607,0.08897656968056537,1.655141568183896,11.753920149803147
0.16071701049804688,0.2086669921875,0.16862112688060713,0.09433990447061043,1.8158585786819428,11.962587141990646
0.30572509765625,0.2416534423828125,0.17080982780125928,0.10112079690270988,2.121583676338193,12.204240584373458
0.106494140625,-0.09346694946289062,0.17334992442472047,0.1075003278181829,2.228077816963193,12.110773634910569
0.1628631591796875,0.18996734619140626,0.1754336269916813,0.11217000422899107,2.3909409761428804,12.300740981101974
0.11416358947753906,0.34151153564453124,0.1766154346598917,0.11672873645897541,2.5051045656204196,12.642252516746506
0.1772174835205078,0.12511215209960938,0.1771048350358256,0.12246901583278091,2.6823220491409274,12.767364668846115
0.12747039794921874,0.1163848876953125,0.1771076547356791,0.128065085063708,2.809792447090146,12.883749556541428
0.2058116912841797,0.2948951721191406,0.1768548293093993,0.1332589184928906,3.015604138374326,13.178644728660569
0.10592803955078126,0.09790916442871093,0.17641718463947126,0.13858875268700996,3.1215321779251073,13.276553893089279
0.0774627685546875,-0.014710235595703124,0.17528829424629663,0.1427670270107049,3.198994946479795,13.261843657493575
0.3326171875,0.13930130004882812,0.1739532165188403,0.14494932397542404,3.531612133979795,13.401144957542403
0.21165008544921876,0.049686431884765625,0.17377184306560545,0.14581214433325318,3.7432622194290137,13.450831389427169
0.14810333251953126,0.15059738159179686,0.17437669047655976,0.14583195867432217,3.891365551948545,13.601428771018966
0.18108634948730468,0.11319427490234375,0.17485204277470606,0.14541665279215502,4.07245190143585,13.71462304592131
0.14992332458496094,0.1483642578125,0.17510799715601735,0.14486500618354783,4.2223752260208105,13.86298730373381
0.11296615600585938,-0.06382598876953124,0.1749364494721203,0.14355801049392658,4.3353413820266695,13.799161314964278
0.102691650390625,0.1015625,0.17399172234078572,0.1408269724240601,4.4380330324172945,13.900723814964278
0.17079010009765624,0.14866867065429687,0.17245175139416974,0.13754340292213876,4.608823132514951,14.049392485618576
0.10807037353515625,0.30236968994140623,0.17066466231624405,0.13534168008336317,4.716893506050107,14.351762175559982
0.32385787963867185,0.09711990356445313,0.16927042231289074,0.13461812164705944,5.040751385688779,14.448882079124434
0.167242431640625,0.15779800415039064,0.1689939314162082,0.13443225150000182,5.207993817329404,14.606680083274824
0.37743606567382815,0.16489410400390625,0.17006555048522423,0.13442108073960865,5.585429883003233,14.77157418727873
0.15417327880859374,0.1567138671875,0.17239696904624469,0.1347978570980848,5.739603161811827,14.92828805446623
0.24548873901367188,0.1001434326171875,0.175224090501072,0.13525552470180638,5.985091900825498,15.028431487083418
0.15359344482421874,0.2689727783203125,0.17794527842108301,0.13594634258028834,6.1386853456497175,15.297404265403731
0.1498626708984375,0.1443389892578125,0.18018993248827772,0.1373889701552853,6.288548016548155,15.441743254661544
0.11124267578125,-0.12536849975585937,0.18150341530849787,0.13817198377610138,6.399790692329406,15.316374754905684
0.1463287353515625,0.15991668701171874,0.18185213079434204,0.13701967633635762,6.546119427680968,15.476291441917404
0.0965240478515625,0.04224090576171875,0.1813220040526561,0.1349272921233316,6.64264347553253,15.518532347679123
0.12537078857421874,0.08754644393920899,0.17993459733348433,0.13242313059597213,6.768014264106749,15.606078791618332
0.12552337646484374,0.13553009033203126,0.17787871385219595,0.12968627550243983,6.8935376405715925,15.741608881950363
0.14382715225219728,0.3206031799316406,0.17546484631572606,0.12797618268292185,7.03736479282379,16.062212061882004
0.13751220703125,0.01577892303466797,0.17289651293177458,0.12756080672930503,7.17487699985504,16.07799098491667
0.1315237045288086,0.13770599365234376,0.17023493087358738,0.12713926546937204,7.306400704383848,16.215696978569014
0.09890022277832031,0.095672607421875,0.16734944086767523,0.1263456236020968,7.405300927162169,16.31136958599089
0.12597808837890626,0.24056625366210938,0.16415837577449852,0.12591383978845694,7.531279015541075,16.551935839652998
0.09706878662109375,0.09043998718261718,0.16073099957705114,0.126144828249808,7.6283478021621685,16.642375826835615
0.32385940551757814,0.116796875,0.15786546974915078,0.1264601270773702,7.952207207679747,16.759172701835613
0.12184295654296876,0.13546218872070312,0.15631820679997732,0.12655624415305033,8.074050164222715,16.894634890556315
0.08630523681640626,-0.2136993408203125,0.1551263660792941,0.1254335779055012,8.160355401039121,16.680935549736002
0.12908859252929689,0.12990303039550782,0.1534152400411151,0.12208974684473718,8.289443993568417,16.81083858013151
0.08685302734375,-0.27440567016601564,0.15132239178627324,0.116694846030726,8.376297020912167,16.536432909965495
0.07901535034179688,0.24500198364257814,0.14876092580232084,0.10985797446459403,8.455312371253964,16.781434893608072
0.11635513305664062,0.11699066162109376,0.1457697468054134,0.1037473199398295,8.571667504310604,16.898425555229167
0.06480712890625,0.07299957275390626,0.14251754192745658,0.09912773928287863,8.636474633216853,16.971425127983075
0.10621261596679688,-0.09950828552246094,0.139005734152947,0.09441635272130673,8.74268724918365,16.871916842460614
0.08186111450195313,0.06949920654296875,0.135352497331763,0.08889959306091509,8.824548363685603,16.941416049003582
0.10539321899414063,0.10811386108398438,0.1316925786583268,0.08352777368456646,8.929941582679744,17.049529910087568
0.0673187255859375,0.25231781005859377,0.12802445080402228,0.07976916777768589,8.997260308265682,17.30184772014616
0.0981231689453125,0.08825149536132812,0.1243235918305058,0.07800574007529956,9.095383477210994,17.390099215507487
0.045068359375,-0.1541370391845703,0.12054203074881396,0.07639420007381476,9.140451836585994,17.235962176322918
0.01402740478515625,0.20351486206054686,0.11636253796785939,0.07387856079747789,9.15447924137115,17.439477038383465
-0.00264129638671875,0.3796839237213135,0.11143309398391671,0.07299324629254299,9.151837944984432,17.819160962104778
0.0038421630859375,0.016776275634765626,0.10573753923817411,0.07474265690757917,9.15568010807037,17.835937237739543