-0.000905609130859375,-0.00035190582275390625,-3.279827848983992e-06,-1.2744908132635772e-06,-0.000905609130859375,-0.00035190582275390625
-0.00704498291015625,-0.01514139175415039,-3.8052465652529706e-05,-5.970928819037142e-05,-0.007950592041015624,-0.015493297576904297
-0.000122833251953125,0.0002197265625,-0.00012136628386602815,-0.00021791814468423258,-0.008073425292968749,-0.015273571014404297
-0.034033203125,-0.0001377105712890625,-0.00033901871652955586,-0.00040095525913886584,-0.04210662841796875,-0.015411281585693359
-2.9754638671875e-05,-0.014711952209472657,-0.0007633895382773455,-0.0006018657572544981,-0.04213638305664062,-0.030123233795166016
-0.0001617431640625,-0.020867919921875,-0.0012316647169839576,-0.0009439849898691795,-0.04229812622070312,-0.050991153717041014
-5.2642822265625e-05,-5.83648681640625e-05,-0.0016073232967994625,-0.001421372986005108,-0.04235076904296874,-0.051049518585205074
0.030368804931640625,-0.009222412109375,-0.001789513868516409,-0.0019098427730469996,-0.011981964111328118,-0.060271930694580075
0.0006011962890625,0.0005950927734375,-0.0016941573101429822,-0.0023559707682672304,-0.011380767822265618,-0.059676837921142575
-0.000211334228515625,-0.00535125732421875,-0.0014762083191353287,-0.0027438013530505343,-0.011592102050781244,-0.06502809524536132
0.000341033935546875,0.000455474853515625,-0.0012704783101780712,-0.0030636935819738725,-0.011251068115234368,-0.06457262039184569
-0.06224136352539063,-0.00926675796508789,-0.0013035533987340402,-0.003336761222798162,-0.073492431640625,-0.07383937835693358
0.000390625,0.000502777099609375,-0.0017605459908407153,-0.003580681704152348,-0.07310180664062499,-0.0733366012573242
-0.00097808837890625,0.0481353759765625,-0.0023437585378896877,-0.003588603548133973,-0.07407989501953124,-0.025201225280761706
0.000397491455078125,-0.00038299560546875,-0.0028022903355795865,-0.003194152640820693,-0.07368240356445312,-0.025584220886230455
-0.007025146484375,0.0006378173828125,-0.0031716747235452625,-0.002643785967991803,-0.08070755004882811,-0.024946403503417956
0.00085906982421875,-0.02617988586425781,-0.003481304194106691,-0.0022363116389095,-0.07984848022460936,-0.05112628936767577
-0.000103759765625,-0.00036468505859375,-0.003709683678740749,-0.0020514259922521996,-0.07995223999023436,-0.05149097442626952
0.000811767578125,0.0006052970886230469,-0.003841837950293373,-0.001962189236600145,-0.07914047241210936,-0.05088567733764648
-0.06156005859375,-0.009155178070068359,-0.004114266211448459,-0.0018891496899665946,-0.14070053100585936,-0.06004085540771484
0.000457763671875,0.000411224365234375,-0.004724039920102154,-0.0018632674890701163,-0.14024276733398436,-0.059629631042480466
-0.023260498046875,-0.0288970947265625,-0.005469972701801728,-0.0019494413053197962,-0.16350326538085935,-0.08852672576904297
-0.054494476318359374,-0.022813701629638673,-0.006379399938553942,-0.0022837902063528454,-0.21799774169921873,-0.11134042739868164
0.6156646728515625,-0.03906192779541016,-0.005297563140819316,-0.0029419901869168043,0.39766693115234375,-0.15040235519409179
-0.10128412246704102,-0.096368408203125,-0.0004198226196176079,-0.004164982695353533,0.29638280868530276,-0.2467707633972168
0.19319305419921876,-0.14141736030578614,0.005865601509682232,-0.006480182486457594,0.4895758628845215,-0.38818812370300293
-0.1731903076171875,-0.46597747802734374,0.011447978355502918,-0.01138552362263941,0.316385555267334,-0.8541656017303467
-0.1775970458984375,-0.1322174072265625,0.014757601598492424,-0.01969350826973771,0.13878850936889647,-0.9863830089569092
-0.17918777465820312,-0.11081314086914062,0.01475196705512253,-0.02941015671759685,-0.04039926528930665,-1.0971961498260498
-0.20322036743164062,-0.10862655639648437,0.011856420724448442,-0.03879361956493837,-0.24361963272094728,-1.2058227062225342
-0.1787078857421875,-0.17916030883789064,0.006492378753048952,-0.04792430301176028,-0.42232751846313477,-1.3849830150604248
-0.1105712890625,0.09770660400390625,-0.0005232516090378017,-0.05621134915471085,-0.5328988075256348,-1.2872764110565185
-0.1759307861328125,-0.20889778137207032,-0.00847432472721855,-0.06303249212086692,-0.7088295936584472,-1.4961741924285887
-0.15931930541992187,-0.08811264038085938,-0.01725984035786843,-0.06930826959241192,-0.8681488990783691,-1.5842868328094482
-0.04035110473632812,-0.13744049072265624,-0.026302185954568437,-0.07545074418345281,-0.9085000038146972,-1.7217273235321044
-0.1204864501953125,-0.15525283813476562,-0.034796884242889216,-0.08137700056660904,-1.0289864540100098,-1.87698016166687
-0.13642425537109376,-0.17598953247070312,-0.04291734800600834,-0.08741916374570544,-1.1654107093811035,-2.0529696941375732
-0.11709136962890625,-0.14011001586914062,-0.05094252101055383,-0.09355560067726902,-1.2825020790100097,-2.193079710006714
-0.1388763427734375,-0.11764717102050781,-0.058768244636677555,-0.09941592505229818,-1.421378421783447,-2.3107268810272217
-0.18079452514648436,-0.18403244018554688,-0.06655321700884015,-0.10490797172770933,-1.6021729469299315,-2.4947593212127686
-0.08990745544433594,-0.11786308288574218,-0.07424465724351707,-0.1101719962909884,-1.6920804023742675,-2.6126224040985107
-0.18593215942382812,-0.17869110107421876,-0.0815876274622501,-0.11515030377897673,-1.8780125617980956,-2.7913135051727296
-0.15139312744140626,-0.11583518981933594,-0.08877377777639603,-0.11979060578530429,-2.029405689239502,-2.9071486949920655
-0.17939987182617187,-0.2565040588378906,-0.0959235612093071,-0.12435518238828325,-2.208805561065674,-3.163652753829956
-0.12244987487792969,-0.115960693359375,-0.1028108408945224,-0.1290725055868245,-2.3312554359436035,-3.2796134471893312
-0.17199478149414063,-0.3639404296875,-0.10924694100312152,-0.13423892171573804,-2.5032502174377442,-3.6435538768768314
-0.154766845703125,-0.1778778076171875,-0.11530230672667416,-0.14031981013700023,-2.658017063140869,-3.821431684494019
-0.18781509399414062,-0.17704238891601562,-0.1211255440938329,-0.146625544705967,-2.8458321571350096,-3.9984740734100344
-0.207745361328125,-0.17656326293945312,-0.1269192556598328,-0.15234652085324338,-3.0535775184631344,-4.1750373363494875
-0.13095932006835936,-0.12994308471679689,-0.1325902746598217,-0.15731973022367918,-3.1845368385314936,-4.3049804210662845
-0.1987823486328125,-0.17382659912109374,-0.13783804851322773,-0.16141438744319025,-3.383319187164306,-4.478807020187379
-0.12593612670898438,-0.11930313110351562,-0.14260481264976155,-0.1646657728967437,-3.5092553138732905,-4.598110151290895
-0.12111358642578125,-0.11305313110351563,-0.14660034554410872,-0.16690544810139668,-3.6303689002990716,-4.71116328239441
-0.1862316131591797,-0.346295166015625,-0.14982941513145653,-0.16886768319928985,-3.8166005134582512,-5.057458448410035
-0.16869049072265624,-0.18593292236328124,-0.1527607164988236,-0.17165526441784784,-3.9852910041809073,-5.243391370773316
-0.17293319702148438,-0.21600189208984374,-0.155524412583114,-0.17488549399020012,-4.158224201202391,-5.45939326286316
-0.10809173583984374,-0.11886940002441407,-0.1578401236733831,-0.1777247417305058,-4.266315937042235,-5.578262662887574
-0.17245101928710938,-0.17085037231445313,-0.1595260271898471,-0.17978912810709594,-4.438766956329345,-5.7491130352020265
-0.07274322509765625,-0.12176170349121093,-0.1605304767971705,-0.18102185914525692,-4.511510181427001,-5.870874738693238
-0.1744293212890625,-0.21666107177734376,-0.1608290182411388,-0.18171687212249274,-4.685939502716064,-6.087535810470581
-0.12062873840332031,-0.055969619750976564,-0.16071285229332155,-0.18187928273288395,-4.806568241119384,-6.143505430221558
-0.11904220581054688,-0.18156967163085938,-0.16022401537680295,-0.18122808776756127,-4.925610446929931,-6.325075101852417
-0.3205841064453125,-0.12775726318359376,-0.15995384697778392,-0.18003809293194217,-5.246194553375243,-6.452832365036011
-0.11746597290039062,-0.7992393493652343,-0.16058912375156395,-0.18091125869581054,-5.363660526275634,-7.252071714401246
-0.1193145751953125,-0.29664459228515627,-0.16123857677519546,-0.18634767431603363,-5.482975101470947,-7.548716306686402
-0.6519645690917969,-0.3347602844238281,-0.1630973389917795,-0.19445506399659981,-6.134939670562744,-7.88347659111023
-0.33102874755859374,-0.08752593994140626,-0.16864413028643507,-0.20224153821691454,-6.465968418121338,-7.971002531051636
-0.18149642944335936,-0.16622543334960938,-0.1762609925483236,-0.20827880667092472,-6.647464847564697,-8.137227964401244
-0.12037925720214844,-0.08533172607421875,-0.18303374571367406,-0.21214588560031197,-6.767844104766845,-8.222559690475464
-0.17590827941894532,-0.025185394287109374,-0.18821856734696896,-0.2136213515206955,-6.943752384185791,-8.247745084762574
-0.17962493896484374,-0.20842761993408204,-0.19219322123833926,-0.21300824026345527,-7.123377323150635,-8.456172704696655
-0.11461753845214843,-0.11597023010253907,-0.19508975862600547,-0.21143010037576856,-7.237994861602783,-8.572142934799194
-0.16870269775390626,-0.46869354248046874,-0.1967802228925065,-0.21033831234833286,-7.406697559356689,-9.040836477279663
-0.10990943908691406,-0.48874359130859374,-0.19737988746361565,-0.21196217228061215,-7.516606998443604,-9.529580068588258
-0.17784557342529297,-0.4971954345703125,-0.19707372871554854,-0.21728928960929747,-7.694452571868896,-10.02677550315857
-0.11535987854003907,-0.1133636474609375,-0.19606651888292925,-0.22438325176271767,-7.809812450408935,-10.140139150619508
-0.194677734375,-0.18295230865478515,-0.19456769360064305,-0.23035602057359836,-8.004490184783934,-10.323091459274293
0.03991546630859375,-0.10922470092773437,-0.19217761283570298,-0.2341505425585411,-7.96457471847534,-10.432316160202028
-0.022385406494140624,0.19235610961914062,-0.18788966799419343,-0.23469226856136807,-7.986960124969481,-10.239960050582887
-0.17366600036621094,0.1557544708251953,-0.18222452056421745,-0.2301840478874476,-8.160626125335693,-10.084205579757691
-0.11534671783447266,-0.11858444213867188,-0.17659867414869326,-0.22167987135421693,-8.275972843170166,-10.202790021896364
-0.17613983154296875,-0.29595947265625,-0.17143286560874835,-0.21271564325982845,-8.452112674713135,-10.498749494552614
-0.03468475341796875,0.24484653472900392,-0.16644385547347515,-0.2038158635448153,-8.486797428131103,-10.25390295982361
-0.17024803161621094,-0.180810546875,-0.16136166197333382,-0.1933657035143516,-8.657045459747314,-10.43471350669861
-0.24719161987304689,-0.17878952026367187,-0.157023375382093,-0.18288622427042409,-8.90423707962036,-10.613503026962283
-0.061946868896484375,-0.17256622314453124,-0.15374812144561048,-0.1740384294185772,-8.966183948516845,-10.786069250106815
-0.11214523315429688,0.0994781494140625,-0.15052893932742697,-0.16564717119034045,-9.078329181671142,-10.686591100692752
0.123956298828125,-0.10929412841796875,-0.1462409578476063,-0.1565227306544092,-8.954372882843018,-10.79588522911072
-0.27042694091796876,-0.34379043579101565,-0.14102027983544022,-0.1482928928792465,-9.224799823760986,-11.139675664901736
-0.34726715087890625,-0.106463623046875,-0.1373742631247766,-0.14252634997813232,-9.572066974639892,-11.24613928794861
-0.1395721435546875,-0.257012939453125,-0.13633204966442486,-0.13858103903114546,-9.71163911819458,-11.503152227401735
0.005864715576171875,-0.17071990966796874,-0.1357319452157879,-0.13613602004881944,-9.705774402618408,-11.673872137069704
-0.17686500549316406,-0.23294448852539062,-0.13436679158401685,-0.1351279858326977,-9.882639408111572,-11.906816625595095
-0.22939414978027345,-0.11468887329101562,-0.1333680249731163,-0.1350474771789977,-10.112033557891845,-12.02150549888611
-0.091986083984375,-0.08206329345703126,-0.13323508797448572,-0.1349952720102016,-10.20401964187622,-12.103568792343141
-0.08623199462890625,-0.13533477783203124,-0.1330030413102595,-0.13449584753731864,-10.290251636505127,-12.238903570175173
-0.0264190673828125,-0.0024333953857421874,-0.13193543286602827,-0.13341563305544757,-10.31667070388794,-12.241336965560915
-0.07056121826171875,0.11494903564453125,-0.1298895561690481,-0.13066999821546907,-10.38723192214966,-12.126387929916383
-0.03406982421875,0.25810699462890624,-0.12702528333963564,-0.12471983669467931,-10.42130174636841,-11.868280935287476
0.2972320556640625,0.22339096069335937,-0.12221303672364779,-0.11483676616591579,-10.124069690704347,-11.644889974594117
-0.11188278198242188,-0.18633575439453126,-0.11478947954413143,-0.10302119768818578,-10.235952472686769,-11.831225728988647
-0.12615509033203126,-0.053338623046875,-0.10710251126541334,-0.09237080279691595,-10.3621075630188,-11.884564352035522
0.21125335693359376,-0.09877166748046876,-0.09966945627058478,-0.08353525638909401,-10.150854206085206,-11.98333601951599
0.09828872680664062,-0.082305908203125,-0.09057349324474687,-0.07613484701806228,-10.052565479278567,-12.065641927719115
-0.2861236572265625,-0.082330322265625,-0.08120562196668933,-0.0700884807097,-10.33868913650513,-12.14797224998474
-0.11336898803710938,-0.11821136474609376,-0.07431372184549222,-0.06533377927298262,-10.452058124542239,-12.266183614730833
-0.09130325317382812,-0.3833747863769531,-0.06965547979219743,-0.06294964132267811,-10.543361377716067,-12.649558401107786
-0.17602157592773438,-0.2507293701171875,-0.06645602822841357,-0.0641548591610019,-10.719382953643802,-12.900287771224974
-0.0900238037109375,-0.39339523315429686,-0.06474647283477779,-0.06886378902204135,-10.80940675735474,-13.293683004379272
-0.118634033203125,-0.2825225830078125,-0.06409652387659619,-0.07658918108114318,-10.928040790557866,-13.576205587387085
-0.0437530517578125,-0.40528182983398436,-0.06396765628653621,-0.08688617866460255,-10.971793842315678,-13.98148741722107
-0.21454315185546874,-0.12121734619140626,-0.06445666968126001,-0.09864576069712462,-11.186336994171148,-14.102704763412476
-0.2865287780761719,-0.12829360961914063,-0.06668248613843278,-0.10987207443888826,-11.472865772247319,-14.230998373031616
0.00580596923828125,-0.12187118530273437,-0.07041129947964339,-0.11948851810061308,-11.467059803009038,-14.35286955833435
-0.08428421020507812,0.117022705078125,-0.07381387618501405,-0.12673180772020098,-11.551344013214116,-14.235846853256225
-0.022850799560546874,-0.47478199005126953,-0.07626536164514697,-0.1322730777433445,-11.574194812774664,-14.710628843307495
-0.042978668212890626,-0.19282760620117187,-0.07783928713973537,-0.13870948301214994,-11.617173480987555,-14.903456449508667
-0.39742431640625,-0.12051544189453126,-0.07986272496985923,-0.14564117518001585,-12.014597797393805,-15.023971891403198
-0.3048408508300781,-0.1884817123413086,-0.08453814069794817,-0.15158831487404156,-12.319438648223883,-15.212453603744507
-0.24030838012695313,0.2685821533203125,-0.09174536973900199,-0.1552001237071325,-12.559747028350836,-14.943871450424194
-0.13472900390625,-0.22461318969726562,-0.09978266246371052,-0.15552618224424614,-12.694476032257086,-15.16848464012146
-0.37781753540039065,-0.32756881713867186,-0.10828035865009704,-0.15538667305571716,-13.072293567657477,-15.496053457260132
-0.25911788940429686,-0.149896240234375,-0.11798890366304236,-0.15674788809635667,-13.331411457061774,-15.645949697494506
-0.262298583984375,-0.2424560546875,-0.1286026281402902,-0.15876691006267377,-13.59371004104615,-15.888405752182006
-0.19559173583984374,-0.2243072509765625,-0.13917194979012446,-0.1612686285627609,-13.789301776885994,-16.112713003158568
-0.27201080322265625,-0.2279205322265625,-0.14935608640901135,-0.16435505998256145,-14.06131258010865,-16.34063353538513
-0.16933937072753907,-0.17567291259765624,-0.15901031524973191,-0.16765750892621337,-14.230651950836188,-16.516306447982785
-0.14007186889648438,-0.23519363403320312,-0.16750813834818162,-0.17094316487808217,-14.370723819732673,-16.751500082015987
-0.2151477813720703,-0.21710662841796874,-0.17460279681697496,-0.1743435642287098,-14.585871601104744,-16.968606710433956
0.01097259521484375,0.12235260009765625,-0.1800388417608592,-0.1766459051292921,-14.5748990058899,-16.8462541103363
-0.178912353515625,-0.1516204833984375,-0.18332930727835656,-0.1764635297137817,-14.753811359405525,-16.99787459373474
-0.17596817016601562,-0.372259521484375,-0.18532167173132275,-0.17575779502943872,-14.92977952957154,-17.370134115219113
-0.2230377197265625,-0.3096580505371094,-0.1870352748910584,-0.17698782666662094,-15.152817249298103,-17.679792165756222
-0.3317047119140625,-0.28363189697265623,-0.18921451588906427,-0.18007200792409503,-15.484521961212165,-17.96342406272888
-0.22154083251953124,-0.226654052734375,-0.19231061717976447,-0.1840421744594518,-15.706062793731697,-18.190078115463255
-0.08169784545898437,-0.09257659912109376,-0.19521857821744884,-0.18770400141266028,-15.787760639190681,-18.28265471458435
-0.139361572265625,0.28907318115234376,-0.1967238324978828,-0.188494903011118,-15.927122211456306,-17.993581533432007
0.3007076263427734,-0.02803802490234375,-0.19535038227643894,-0.18476932305469493,-15.626414585113531,-18.02161955833435
0.22143173217773438,-0.0885986328125,-0.188895200993905,-0.17845066793462983,-15.404982852935797,-18.11021819114685
-0.13955650329589844,-0.1371063232421875,-0.17856702017190051,-0.1718154921603343,-15.544539356231695,-18.247324514389035
-0.37551727294921877,-0.13347625732421875,-0.1689025123636137,-0.16556899617896387,-15.920056629180914,-18.380800771713254
-0.0872161865234375,-0.11138267517089843,-0.16190602572144874,-0.15980775666697125,-16.00727281570435,-18.49218344688415
-0.12765998840332032,-0.13597412109375,-0.15615729352656854,-0.15445211007219428,-16.13493280410767,-18.6281575679779
-0.07890090942382813,-0.10816383361816406,-0.15060866333758272,-0.1495109930587707,-16.2138337135315,-18.736321401596065
-0.18132095336914061,-0.09261474609375,-0.14547216400139243,-0.14481980174747408,-16.39515466690064,-18.828936147689816
-0.099725341796875,-0.09422225952148437,-0.14102486649854265,-0.14019827786346464,-16.494880008697518,-18.9231584072113
-0.13286895751953126,-0.1272716522216797,-0.13711892466926184,-0.1357770533568495,-16.627748966217048,-19.05043005943298
-0.1828338623046875,-0.1274515151977539,-0.13384829508070858,-0.13183342693934844,-16.810582828521735,-19.177881574630735
-0.06134719848632812,-0.055810546875,-0.1311988815176534,-0.12820830353108792,-16.871930027008062,-19.233692121505737
-0.037812423706054685,-0.03230018615722656,-0.12832366944507154,-0.12429892399400413,-16.909742450714116,-19.265992307662962
-0.029790115356445313,-0.02187652587890625,-0.12466156424501443,-0.11974069852595393,-16.93953256607056,-19.287868833541868
0.01707763671875,0.020182037353515626,-0.1200806544501403,-0.11439233279836057,-16.92245492935181,-19.267686796188354
0.1016021728515625,0.0815093994140625,-0.11412224535409726,-0.1078954516594333,-16.820852756500248,-19.18617739677429
0.07488517761230469,0.09638671875,-0.10641171543513893,-0.09988075304875266,-16.745967578887942,-19.08979067802429
0.17498931884765626,0.12866973876953125,-0.0968708970747984,-0.09026468342874223,-16.570978260040285,-18.96112093925476
0.04144439697265625,0.14502716064453125,-0.08579133702379844,-0.07910032083065498,-16.529533863067627,-18.816093778610227
0.18533172607421874,0.1579803466796875,-0.07366773216669183,-0.06651917694699615,-16.34420213699341,-18.65811343193054
0.12173919677734375,0.13492431640625,-0.06051744439997484,-0.052864624949540764,-16.222462940216065,-18.523189115524293
0.1872039794921875,0.16796035766601564,-0.04640055825836411,-0.03850968999207885,-16.035258960723876,-18.355228757858278
0.19901275634765625,0.18636627197265626,-0.03139232022762448,-0.023553912481106252,-15.83624620437622,-18.168862485885622
0.11154747009277344,0.12117767333984375,-0.015849422542771413,-0.0082949064643284,-15.724698734283447,-18.04768481254578
0.193792724609375,0.1834320068359375,-0.00037699238079207456,0.006816844896690408,-15.530906009674071,-17.864252805709842
0.10528297424316406,0.1248809814453125,0.0147707055055205,0.02158918278830023,-15.425623035430908,-17.73937182426453
0.11911239624023437,0.13018035888671875,0.029133946565757726,0.03568391883232689,-15.306510639190673,-17.609191465377812
0.10515861511230469,0.13260650634765625,0.04236145967248407,0.04884231134446072,-15.201352024078368,-17.476584959030156
0.20090179443359374,0.18740234375,0.054742303579272705,0.06126141140027094,-15.000450229644773,-17.289182615280154
0.16870594024658203,0.20566253662109374,0.06676133699744015,0.07335350275554059,-14.831744289398191,-17.08352007865906
0.10861930847167969,0.12287368774414062,0.07819928326787244,0.08502753704571954,-14.723124980926512,-16.96064639091492
0.12643814086914062,-0.03397560119628906,0.08849775736489277,0.09508086784040831,-14.596686840057371,-16.99462199211121
0.15895500183105468,0.17866287231445313,0.09772231443563795,0.10296589320182195,-14.437731838226316,-16.815959119796755
0.17394599914550782,0.20089492797851563,0.10626853242802219,0.10997410175019935,-14.263785839080809,-16.615064191818238
0.19043960571289062,0.20732421875,0.11440913621178753,0.11710115787627283,-14.073346233367918,-16.40773997306824
0.11266555786132812,0.137744140625,0.1219843254920904,0.12409955353334623,-13.96068067550659,-16.26999583244324
0.2041259765625,0.19942703247070312,0.12880404986767313,0.13063154003301017,-13.75655469894409,-16.070568799972538
-0.045323944091796874,0.13689727783203126,0.13436989742556052,0.13664676208417606,-13.801878643035886,-15.933671522140507
0.11757736206054688,0.11515274047851562,0.13791975223381603,0.14183393583417955,-13.684301280975339,-15.818518781661991
0.19596099853515625,0.196441650390625,0.14029083482811386,0.14616317368287746,-13.488340282440182,-15.622077131271366
0.11339797973632812,0.1147796630859375,0.14249944255470254,0.14992574644020423,-13.374942302703854,-15.50729746818543
0.17575454711914062,0.1771707534790039,0.14445171608486324,0.15308826600119538,-13.199187755584713,-15.330126714706426
0.12770767211914064,0.0201385498046875,0.1461397530941714,0.15529006446025437,-13.071480083465573,-15.309988164901737
0.1918731689453125,0.17954540252685547,0.14769232366999868,0.15632150824172425,-12.879606914520261,-15.130442762374882
0.12463226318359374,0.0268707275390625,0.14915623093175553,0.15639119234436358,-12.754974651336667,-15.10357203483582
0.20269012451171875,0.181378173828125,0.15055274108668515,0.15568571891406113,-12.552284526824948,-14.922193861007694
0.19018630981445311,0.18945770263671874,0.15214918820731155,0.15493699377689635,-12.362098217010494,-14.732736158370974
0.1593994140625,0.268865966796875,0.1539705223080315,0.1550685968451732,-12.202698802947994,-14.463870191574099
0.001385498046875,0.1228118896484375,0.15511318091812754,0.15601077105016004,-12.201313304901118,-14.341058301925662
0.1122406005859375,0.0120208740234375,0.15481654086503566,0.15644631048458524,-12.08907270431518,-14.329037427902223
0.17358245849609374,0.18366470336914062,0.15377209206918482,0.15574157343061917,-11.915490245819086,-14.145372724533082
0.09017868041992187,0.2757659912109375,0.15266046345897297,0.15526801748201258,-11.825311565399165,-13.869606733322145
0.32522125244140626,0.239825439453125,0.15197798316852829,0.15615345950354223,-11.50009031295776,-13.629781293869021
0.1778717041015625,0.14036483764648439,0.15253144850190267,0.15787681897853226,-11.322218608856197,-13.489416456222537
0.0868743896484375,0.170037841796875,0.1535659867085579,0.15953357342684257,-11.235344219207759,-13.319378614425663
0.22427787780761718,0.09485855102539062,0.15429313518041401,0.16069300869162276,-11.011066341400142,-13.224520063400272
0.30042266845703125,0.29966888427734373,0.155693880841191,0.16172397411331285,-10.71064367294311,-12.924851179122928
0.09563751220703125,0.102716064453125,0.15794576690993978,0.16313039138743407,-10.61500616073608,-12.822135114669804
0.22183189392089844,0.15767135620117187,0.1601270644647387,0.16434494327010035,-10.393174266815182,-12.664463758468631
0.1190765380859375,0.12009506225585938,0.16201792468211043,0.16492994545961112,-10.274097728729243,-12.544368696212771
0.18120651245117186,0.1856903076171875,0.16357600020940993,0.16514384234449567,-10.09289121627807,-12.358678388595584
0.26281051635742186,0.11522903442382812,0.16520632958608486,0.16512781052744768,-9.830080699920648,-12.243449354171755
0.16996116638183595,0.5948577880859375,0.1673533620548072,0.16638376996605972,-9.660119533538813,-11.648591566085818
0.5068763732910156,0.11778488159179687,0.17074506714061655,0.17017755316910596,-9.153243160247797,-11.53080668449402
0.17782135009765626,0.16294097900390625,0.17604205048536764,0.17448598770486937,-8.975421810150142,-11.367865705490114
0.106353759765625,0.1154754638671875,0.18143526361873522,0.1775902346833894,-8.869068050384517,-11.252390241622926
0.16762847900390626,0.17192001342773439,0.1853434278856519,0.17966554278622615,-8.701439571380611,-11.080470228195193
0.10512008666992187,0.12544021606445313,0.18791033668135568,0.18091798608393,-8.596319484710689,-10.95503001213074
0.09944915771484375,0.16914634704589843,0.18906579314371047,0.18148944208492304,-8.496870326995845,-10.78588366508484
0.09152374267578126,0.12733535766601561,0.18872670341439174,0.18147932775287262,-8.405346584320064,-10.658548307418824
0.13694229125976562,0.1714771270751953,0.1872278658974499,0.1809977848748951,-8.268404293060298,-10.487071180343628
0.22580337524414062,0.18670997619628907,0.18540192831294183,0.18035202394948288,-8.042600917816157,-10.30036120414734
0.17838401794433595,0.16574859619140625,0.18396500720991607,0.17977242669355725,-7.864216899871821,-10.134612607955933
0.13143882751464844,0.11832427978515625,0.18268291024691619,0.17898819878738986,-7.732778072357173,-10.016288328170777
0.10621604919433594,0.11860580444335937,0.1809458748640341,0.17762561136038676,-7.626562023162838,-9.897682523727418
0.2793365478515625,0.18475303649902344,0.1791274063807755,0.1758684190083125,-7.347225475311276,-9.712929487228395
0.11320571899414063,0.11063575744628906,0.17782806005259572,0.17401804544608,-7.234019756317135,-9.602293729782106
0.1600278854370117,0.17407073974609374,0.17657535292239318,0.1720489152907959,-7.073991870880123,-9.428222990036012
0.1090301513671875,0.007122802734375,0.17493261834466828,0.16959531171265604,-6.964961719512935,-9.421100187301636
0.15864973068237304,0.17216873168945312,0.1729670439765193,0.16638988113522,-6.806311988830562,-9.248931455612183
0.11839828491210938,0.03385086059570312,0.17078860595544273,0.16269138302939937,-6.687913703918453,-9.215080595016481
0.17106475830078124,0.15570268630981446,0.16854241249688723,0.15867084270578732,-6.516848945617672,-9.059377908706667
0.196649169921875,0.10944290161132812,0.16660039847841235,0.1546530745382373,-6.320199775695797,-8.94993500709534
0.231768798828125,0.232757568359375,0.16544442181617808,0.1512486700152675,-6.088430976867672,-8.717177438735964
0.11085739135742187,0.06668891906738281,0.16487238772592708,0.14853130789049346,-5.97757358551025,-8.650488519668581
0.12281494140625,0.21390762329101562,0.1640921998735253,0.14620538092994997,-5.854758644104,-8.436580896377565
0.055789947509765625,0.00517425537109375,0.16255501896364147,0.14394979635525157,-5.798968696594234,-8.431406641006472
0.0796478271484375,0.03136444091796875,0.1600505917914334,0.1409018773814438,-5.719320869445797,-8.400042200088503
0.01553192138671875,-0.05718231201171875,0.1564705454577441,0.13634783605756703,-5.703788948059078,-8.457224512100222
0.32543792724609377,0.0708404541015625,0.15278624536187937,0.13051600380659487,-5.378351020812984,-8.38638405799866
0.07905807495117187,0.08079681396484376,0.15018828433361256,0.12434159859078849,-5.299292945861811,-8.305587244033816
0.1439962387084961,0.1437713623046875,0.14811036987617646,0.11873369346365115,-5.155296707153315,-8.16181588172913
0.0739715576171875,0.0764739990234375,0.14582238528794092,0.1139297686646686,-5.081325149536128,-8.085341882705691
0.1843170166015625,0.14438095092773437,0.14351928651684076,0.10985506646384441,-4.897008132934565,-7.940960931777957
0.07248382568359375,0.062335205078125,0.14137753971487785,0.1064008866636106,-4.824524307250972,-7.878625726699831
0.1367584228515625,0.13536300659179687,0.1392242705489765,0.10343237025689214,-4.687765884399409,-7.743262720108034
0.11937103271484376,0.11277389526367188,0.13709011734307738,0.10106345916547743,-4.568394851684566,-7.630488824844362
0.08938980102539062,0.0398193359375,0.13500114102993785,0.09906748853407688,-4.479005050659175,-7.590669488906863
0.08192520141601563,0.08376846313476563,0.13267307747298948,0.09696157470932061,-4.39707984924316,-7.506901025772097
0.13407135009765625,0.12731285095214845,0.1302047859467814,0.09500595146572195,-4.263008499145504,-7.379588174819949
0.08346633911132813,0.07894554138183593,0.12782225945112832,0.09350388587667524,-4.179542160034176,-7.3006426334381125
0.3082794189453125,0.5576095581054688,0.12618255652664795,0.09394422099018968,-3.8712627410888634,-6.743033075332644
0.08765945434570313,0.06886253356933594,0.12583459806379133,0.09752619950433358,-3.78360328674316,-6.674170541763308
0.15812244415283203,0.1337909698486328,0.12604447052924003,0.10211495969700553,-3.625480842590328,-6.540379571914675
0.17123260498046874,0.07417831420898438,0.12647716304230938,0.10596441904360401,-3.4542482376098596,-6.466201257705691
0.17683305740356445,0.131610107421875,0.12746056732981526,0.10915053689942202,-3.277415180206295,-6.334591150283816
0.08056793212890626,0.05917167663574219,0.12863017641391056,0.11167291336303273,-3.196847248077389,-6.275419473648074
0.11766519546508789,0.12961578369140625,0.12939608320910417,0.11354150466777091,-3.079182052612301,-6.145803689956668
0.138580322265625,0.12174453735351562,0.12980873762266457,0.11505508543089654,-2.940601730346676,-6.024059152603152
0.11115570068359375,0.07599573135375977,0.13010620469668585,0.11628195527331404,-2.829446029663082,-5.948063421249392
0.11997108459472657,-0.09017333984375,0.1302119576705736,0.11628932885547294,-2.7094749450683557,-6.038236761093142
0.06931304931640625,0.072064208984375,0.12993674161410806,0.11449391794528418,-2.6401618957519495,-5.966172552108767
0.07810821533203124,0.09157562255859375,0.12904341751858842,0.11185925669855289,-2.5620536804199183,-5.874596929550173
0.1393512725830078,0.13464126586914063,0.1277476082145057,0.1094450291126675,-2.4227024078369106,-5.739955663681033
0.07572479248046875,0.0236724853515625,0.12637864185338527,0.10723102942999385,-2.3469776153564417,-5.71628317832947
0.1863189697265625,0.13796119689941405,0.1251297316291713,0.10498283067687256,-2.160658645629879,-5.578321981430056
0.08541717529296874,0.07791976928710938,0.12420462758439868,0.10294706024725438,-2.0752414703369104,-5.500402212142947
0.17276153564453126,0.185888671875,0.12355001187575393,0.10148866699645516,-1.902479934692379,-5.314513540267947
0.24346847534179689,0.12525558471679688,0.12365463804083222,0.10087978396704086,-1.6590114593505823,-5.18925795555115
0.05977783203125,0.08219451904296875,0.12455659236179742,0.10078680408039181,-1.5992336273193322,-5.107063436508181
0.13702239990234374,0.12599639892578124,0.12531828404511455,0.10075421160944681,-1.4622112274169885,-4.9810670375824
0.10893211364746094,0.12197723388671874,0.12574402337243107,0.10091940984918417,-1.3532791137695275,-4.859089803695681
0.07733001708984374,0.08985137939453125,0.12584417633629488,0.1012609762349193,-1.2759490966796838,-4.769238424301149
0.07787933349609374,0.16591567993164064,0.12534165340294998,0.10177347192643095,-1.1980697631835902,-4.603322744369509
0.09798431396484375,0.12406692504882813,0.12430420118421641,0.10270469097876589,-1.1000854492187464,-4.479255819320681
0.028879547119140626,0.07647933959960937,0.12273128693376797,0.10377297509909755,-1.0712059020996059,-4.402776479721071
0.08274078369140625,0.1606719970703125,0.12050021124091483,0.10474919361212849,-0.9884651184081996,-4.242104482650759
0.09947776794433594,0.12643966674804688,0.11795093290683302,0.10594770658384897,-0.8889873504638637,-4.115664815902712
0.16652946472167968,0.43643722534179685,0.1157313320456062,0.10849463209146408,-0.722457885742184,-3.6792275905609153
0.06869850158691407,0.08370361328125,0.1140118690823624,0.11297748467515967,-0.6537593841552699,-3.595523977279665
0.01347808837890625,0.19842376708984374,0.1120702457387813,0.11799933271085643,-0.6402812957763636,-3.3971002101898216
0.10755462646484375,0.13028411865234374,0.10955718273531254,0.12270635852547555,-0.5327266693115199,-3.266816091537478
0.1298534393310547,0.15983009338378906,0.1071643259556368,0.12711055732027254,-0.4028732299804652,-3.106985998153689
0.08375167846679688,0.057894134521484376,0.10524203604212604,0.13079548500707,-0.31912155151366833,-3.0490918636322046
0.13062896728515624,0.12342987060546876,0.10365814578053237,0.13343086610065497,-0.1884925842285121,-2.925661993026736
0.1306549072265625,0.09935646057128907,0.10255318015448886,0.1351677413261434,-0.05783767700194958,-2.826305532455447
0.08780059814453126,0.10785179138183594,0.10187992662375088,0.13622098678798222,0.029962921142581672,-2.718453741073611
0.0891815185546875,0.06273918151855469,0.10127253365935099,0.13649761691272722,0.11914443969726918,-2.6557145595550566
0.12540283203125,0.14696769714355468,0.1007150569983897,0.13612912069250083,0.24454727172851917,-2.508746862411502
0.10453338623046875,0.061919784545898436,0.10039922825320635,0.13536457259528667,0.3490806579589879,-2.4468270778656036
0.08257293701171875,0.09356842041015626,0.10019076136999226,0.13408317016423146,0.43165359497070666,-2.3532586574554473
0.12195587158203125,0.2575164794921875,0.09998317832435644,0.13290262385551554,0.5536094665527379,-2.0957421779632597
0.08551177978515626,0.08299789428710938,0.0998530846557303,0.13249372054821928,0.6391212463378941,-2.01274428367615
0.2248504638671875,0.20652694702148439,0.10017304329845654,0.1325137953469625,0.8639717102050817,-1.8062173366546659
0.26691665649414065,0.25552825927734374,0.10189478445670484,0.13333289411320742,1.1308883666992222,-1.550689077377322
0.20486793518066407,0.18677139282226562,0.10534975015742377,0.13536235673270466,1.3357563018798864,-1.3639176845550565
0.21767768859863282,0.22955856323242188,0.10995499028634685,0.13821011119889653,1.5534339904785193,-1.1343591213226345
0.06002197265625,0.08378143310546875,0.11475359040345652,0.14123461914423274,1.6134559631347694,-1.0505776882171658
0.12742156982421876,0.06549911499023438,0.11879308708743519,0.143396118736657,1.740877532958988,-0.9850785732269314
0.11505813598632812,0.138116455078125,0.12201100176232184,0.14440642359231254,1.8559356689453161,-0.8469621181488064
0.1962371826171875,-0.21833038330078125,0.12494303769399187,0.14360717742498172,2.0521728515625037,-1.0652925014495875
0.10633773803710937,0.074737548828125,0.12781091131475278,0.1400471085439215,2.1585105895996133,-0.9905549526214625
0.13388824462890625,0.14138946533203126,0.13032613282635744,0.13530055580033418,2.2923988342285195,-0.8491654872894313
0.08068084716796875,0.08275184631347657,0.1321909540543027,0.13096127850625633,2.3730796813964883,-0.7664136409759548
0.13329391479492186,0.09820632934570313,0.13338918338375225,0.1268984563346708,2.50637359619141,-0.6682073116302516
0.21350631713867188,0.1173492431640625,0.1344908948627839,0.12309483949814078,2.719879913330082,-0.5508580684661891
-0.13386306762695313,0.0506683349609375,0.1350093372205166,0.11951645984429211,2.5860168457031287,-0.5001897335052516
-0.1484466552734375,0.01375732421875,0.13275353094545958,0.11563113921928754,2.437570190429691,-0.48643240928650167
-0.0510101318359375,-0.031243133544921874,0.12719704242311286,0.11087330463147259,2.3865600585937536,-0.5176755428314236
-0.07999649047851562,-0.09663772583007812,0.11950575025632938,0.10475746984638944,2.306563568115238,-0.6143132686615017
-0.16216773986816407,-0.1517303466796875,0.10998398853433199,0.09675715861221235,2.144395828247074,-0.7660436153411891
-0.218585205078125,-0.19964370727539063,0.09816322880110206,0.08648567541834869,1.925810623168949,-0.9656873226165797
-0.10861482620239257,-0.1192626953125,0.08428106163631795,0.07420614153010682,1.8171957969665564,-1.0849500179290796
-0.1730224609375,-0.22642288208007813,0.06923319449262266,0.06044399653973404,1.6441733360290565,-1.3113729000091578
-0.18264923095703126,-0.16514525413513184,0.05332430375786201,0.045376847505657666,1.4615241050720251,-1.4765181541442898
-0.16353988647460938,-0.2272918701171875,0.036691261442828846,0.029266127478879047,1.2979842185974158,-1.7038100242614773
-0.18065719604492186,-0.17593536376953126,0.019734488420285468,0.01247291501436213,1.1173270225524938,-1.8797453880310087
-0.2139495849609375,-0.20448532104492187,0.0025769887579379707,-0.0046048692109268655,0.9033774375915563,-2.0842307090759307
-0.06829757690429687,-0.12576141357421874,-0.014275636684208778,-0.021409178385873535,0.8350798606872595,-2.2099921226501493
-0.2601158142089844,-0.29211273193359377,-0.0303891562785107,-0.03787674434922034,0.574964046478275,-2.502104854583743
-0.17756423950195313,-0.1445465087890625,-0.0462134063056499,-0.05420922616396175,0.39739980697632193,-2.6466513633728055
-0.18308486938476562,-0.21193084716796876,-0.06168299108683062,-0.06996965420039775,0.21431493759155631,-2.8585822105407743
-0.18212203979492186,-0.17791404724121093,-0.07636907834689662,-0.08485330565388008,0.03219289779663445,-3.036496257781985
-0.1855743408203125,-0.20046005249023438,-0.090212005509205,-0.09886662349065269,-0.15338144302367804,-3.2369563102722196
-0.12023086547851562,-0.11168975830078125,-0.10293338176565564,-0.11166692004821485,-0.27361230850219365,-3.348646068573001
-0.11572189331054687,-0.11389541625976562,-0.11405439164996527,-0.12271291023254917,-0.38933420181274053,-3.4625414848327667
-0.10781173706054688,-0.17357368469238282,-0.12337653570278835,-0.13204082140607815,-0.4971459388732874,-3.6361151695251497
-0.18124046325683593,-0.20321807861328126,-0.1312499642070732,-0.1403428795698661,-0.6783864021301234,-3.839333248138431
-0.12371063232421875,0.011615753173828125,-0.13809136256308346,-0.14731864384589236,-0.8020970344543421,-3.827717494964603
-0.17932815551757814,-0.1747406005859375,-0.1440203097170604,-0.1523091697091441,-0.9814251899719202,-4.002458095550541
-0.18927879333496095,-0.12527618408203126,-0.14933001966089668,-0.15595803666171645,-1.170703983306881,-4.127734279632572
-0.1382720947265625,-0.11986312866210938,-0.15413317028147328,-0.15872786152910334,-1.3089760780334436,-4.247597408294681
-0.1826904296875,0.1656494140625,-0.15827010387280208,-0.15946925421133176,-1.4916665077209437,-4.081947994232181
-0.13231201171875,-0.11989898681640625,-0.161743915690533,-0.15744823034043323,-1.6239785194396936,-4.201846981048587
-0.21154556274414063,-0.17923812866210936,-0.16469516854621818,-0.15439304274233823,-1.8355240821838343,-4.381085109710696
-0.13462905883789061,-0.11846923828125,-0.16727908634424868,-0.15176022665760852,-1.970153141021725,-4.499554347991946
-0.12376861572265625,-0.11723175048828124,-0.16920853692310275,-0.14928940769178597,-2.0939217567443813,-4.616786098480228
-0.10835342407226563,-0.12660865783691405,-0.17014906600554391,-0.14679491485067706,-2.2022751808166467,-4.743394756317142
-0.18482131958007814,-0.22372283935546874,-0.17037401443776012,-0.14473189490341323,-2.387096500396725,-4.967117595672611
-0.16817703247070312,-0.18625259399414062,-0.1704344086189889,-0.1436616706998357,-2.555273532867428,-5.153370189666751
-0.12830581665039062,-0.15120697021484375,-0.17036814699112132,-0.14339148287942974,-2.6835793495178186,-5.304577159881595
-0.1153900146484375,-0.12638473510742188,-0.1698009524389621,-0.1433155332756172,-2.7989693641662563,-5.430961894989017
-0.171307373046875,-0.187786865234375,-0.16878716300141475,-0.14331895501555597,-2.970276737213131,-5.618748760223392
-0.1244140625,-0.204229736328125,-0.16760259917934778,-0.14380318594987065,-3.094690799713131,-5.822978496551517
-0.11286964416503906,-0.13992233276367189,-0.16611326601247506,-0.14479150630805776,-3.20756044387817,-5.962900829315189
-0.1778900146484375,-0.17248382568359374,-0.1643723911287892,-0.14589919988598907,-3.385450458526608,-6.135384654998783
-0.156231689453125,-0.1473785400390625,-0.16279686609806474,-0.14700281411002486,-3.5416821479797327,-6.2827631950378455
-0.11964797973632812,0.1490814208984375,-0.16132870254643408,-0.14694942251556228,-3.661330127716061,-6.133681774139408
-0.17435150146484374,-0.17954254150390625,-0.15982637902531963,-0.144880061209021,-3.8356816291809044,-6.313224315643314
-0.062145233154296875,-0.12176933288574218,-0.15817458870771237,-0.142250368258242,-3.8978268623352013,-6.434993648529057
-0.10494308471679688,-0.17323551177978516,-0.15596196475017793,-0.14014776469300683,-4.002769947051998,-6.608229160308841
-0.1344057083129883,-0.116888427734375,-0.15332220408426062,-0.13847637139485375,-4.137175655364986,-6.725117588043217
-0.17413101196289063,-0.19008255004882812,-0.15087537495744324,-0.13723352996010088,-4.311306667327877,-6.915200138092045
-0.119921875,-0.32226104736328126,-0.1488236319241725,-0.13717227781266192,-4.431228542327877,-7.237461185455326
-0.11606864929199219,-0.33146820068359373,-0.1468696315413801,-0.1393569658965259,-4.547297191619869,-7.56892938613892
-0.1760232925415039,-0.4207115173339844,-0.1450186646616525,-0.14425887499866663,-4.7233204841613725,-7.989640903472904
-0.5044685363769531,-0.19896163940429687,-0.1448906121486149,-0.15124123874902043,-5.227789020538325,-8.1886025428772
-0.11801109313964844,-0.2332244873046875,-0.1474033659729751,-0.15870525449168987,-5.345800113677973,-8.421827030181888
-0.11282424926757813,-0.11822052001953125,-0.1504620402459509,-0.16549293436273105,-5.458624362945551,-8.540047550201418
-0.1254945755004883,-0.18549156188964844,-0.15254213083993676,-0.1711507749198864,-5.584118938446039,-8.725539112091067
-0.16873626708984374,-0.3373100280761719,-0.15400243374218198,-0.1764013701161622,-5.752855205535883,-9.062849140167238
0.134283447265625,0.0246185302734375,-0.15418436901149107,-0.18126748361904818,-5.6185717582702575,-9.0382306098938
-0.11932220458984374,-0.11790771484375,-0.15217364744876885,-0.18418566491063917,-5.737893962860102,-9.15613832473755
-0.26642913818359376,-0.2070697784423828,-0.1496286939580173,-0.18547529416681421,-6.0043231010436955,-9.363208103179932
-0.11730194091796875,-0.4111682891845703,-0.1481172959555847,-0.18728404470111926,-6.121625041961664,-9.774376392364502
-0.17408599853515624,-0.418438720703125,-0.14715131265886516,-0.19132879856291374,-6.295711040496821,-10.192815113067628
0.021407699584960936,-0.04362640380859375,-0.14581913489864456,-0.19662128948024254,-6.27430334091186,-10.236441516876221
-0.19631385803222656,-0.21500167846679688,-0.14377782483396961,-0.20081378827241678,-6.470617198944087,-10.451443195343018
-0.08798789978027344,-0.11463623046875,-0.14164911236329503,-0.2035450490606519,-6.55860509872436,-10.566079425811768
-0.15751876831054687,-0.16816329956054688,-0.13973375883718508,-0.20510096246255377,-6.7161238670349075,-10.734242725372315
-0.1789875030517578,-0.16828536987304688,-0.1382138408281555,-0.20567502291293813,-6.895111370086665,-10.902528095245362
-0.23631534576416016,-0.1339935302734375,-0.13766194050314806,-0.20548932590626992,-7.131426715850825,-11.0365216255188
-0.460919189453125,-0.16696319580078126,-0.13923488493523187,-0.20454172352362454,-7.59234590530395,-11.20348482131958
-0.11847953796386719,-0.15579719543457032,-0.1431582266048308,-0.2030441730340234,-7.710825443267817,-11.35928201675415
-0.13286819458007812,-0.109368896484375,-0.1473775813478414,-0.20097828840571158,-7.843693637847895,-11.468650913238525
0.09191741943359374,-0.2811126708984375,-0.14983354117264414,-0.19871179730119265,-7.751776218414301,-11.749763584136963
-0.14123382568359374,-0.330169677734375,-0.15004594719093425,-0.1975637190203748,-7.893010044097895,-12.079933261871338
-0.1250091552734375,-0.3092041015625,-0.14919295067824756,-0.19826999565273712,-8.018019199371333,-12.389137363433838
-0.0904022216796875,-0.09213333129882813,-0.14806191892735265,-0.19975811893663203,-8.10842142105102,-12.481270694732666
0.0266204833984375,-0.0702239990234375,-0.14598125598367892,-0.20015163020136095,-8.081800937652583,-12.551494693756103
0.04541015625,-0.173077392578125,-0.1420946977858983,-0.19905069546918322,-8.036390781402583,-12.724572086334229
0.211798095703125,-0.1240753173828125,-0.13559005720710654,-0.19720277284421214,-7.824592685699457,-12.848647403717042
0.1860504150390625,-0.0485504150390625,-0.12580782848266372,-0.19450029128212507,-7.638542270660395,-12.897197818756105
0.19382171630859374,-0.062004470825195314,-0.11297912606553946,-0.19044574087778218,-7.444720554351801,-12.9592022895813
-0.10002059936523437,0.02715301513671875,-0.09888698049527003,-0.18481902585719273,-7.544741153717036,-12.932049274444582
-0.19518890380859374,-0.046389007568359376,-0.08638618322906681,-0.17762690819793842,-7.73993005752563,-12.978438282012942
-0.06567306518554687,0.051629638671875,-0.07668320593167612,-0.16908325364145552,-7.805603122711177,-12.926808643341067
-0.0847137451171875,-0.21269302368164061,-0.06893857488005045,-0.16004554042273667,-7.890316867828364,-13.139501667022708
-0.085113525390625,-0.16341018676757812,-0.06261593103593885,-0.15210624317473906,-7.975430393218989,-13.302911853790286
-0.23704986572265624,-0.06321945190429687,-0.058197463267040776,-0.1454389941361054,-8.212480258941646,-13.366131305694584
-0.11603851318359375,-0.148529052734375,-0.056100859269935834,-0.13933802672833331,-8.32851877212524,-13.514660358428959
-0.12174530029296875,-0.1183013916015625,-0.055672853990489574,-0.13394511746965626,-8.450264072418207,-13.632961750030521
-0.6360710144042969,0.06863937377929688,-0.05811376501964149,-0.1286360814673965,-9.086335086822505,-13.564322376251225
-0.2906585693359375,-0.31273880004882815,-0.06541626149287771,-0.12339184865869969,-9.376993656158442,-13.877061176300053
-0.12171516418457032,-0.41072998046875,-0.07543191581923779,-0.12071815315577707,-9.498708820343012,-14.287791156768803
-0.12741966247558595,-0.17580490112304686,-0.08511984967033007,-0.12147538957203245,-9.626128482818597,-14.46359605789185
-0.2049072265625,-0.06596527099609376,-0.09410317133201149,-0.12334941041540408,-9.831035709381098,-14.529561328887944
-0.08789749145507812,-0.029001617431640626,-0.10252462411573585,-0.12435093154880492,-9.918933200836175,-14.558562946319585
-0.13498077392578126,-0.3297889709472656,-0.10995730324778634,-0.12503131385042662,-10.053913974761956,-14.888351917266851
-0.4877960205078125,-0.3534210205078125,-0.11764957780453279,-0.127563417275076,-10.541709995269768,-15.241772937774664
-0.3386848449707031,0.2855072021484375,-0.12763380139244154,-0.13055560273739772,-10.880394840240472,-14.956265735626227
-0.14626617431640626,-0.11595687866210938,-0.1388930028806877,-0.13080118719933068,-11.026661014556877,-15.072222614288336
-0.056439208984375,-0.07348995208740235,-0.14879736737197313,-0.12918396385001912,-11.083100223541253,-15.145712566375739
-0.13919525146484374,-0.129205322265625,-0.15637619294067345,-0.12737881525366446,-11.222295475006097,-15.274917888641363
-0.1413360595703125,-0.20886383056640626,-0.16218018834809345,-0.12598075249848203,-11.36363153457641,-15.48378171920777
-0.00936279296875,-0.09536972045898437,-0.16625150515834436,-0.12531148719184576,-11.37299432754516,-15.579151439666754
-0.12611541748046876,-0.1891571044921875,-0.16828793905511374,-0.1250681399406207,-11.499109745025628,-15.768308544158941
-0.09603729248046874,-0.1004730224609375,-0.16885008816885588,-0.12513199982427323,-11.595147037506097,-15.868781566619878
-0.132147216796875,-0.0278594970703125,-0.16850560210208942,-0.12488643673506311,-11.727294254302972,-15.896641063690192
-0.09286270141601563,-0.08973312377929688,-0.167417436071409,-0.12376232275996953,-11.820156955718987,-15.986374187469488
0.04975204467773438,-0.13985137939453124,-0.16505216023308963,-0.12228568927224483,-11.770404911041252,-16.12622556686402
-0.04724960327148438,-0.08687286376953125,-0.16082799929305083,-0.12093056448089334,-11.817654514312737,-16.21309843063355
-0.09453277587890625,-0.09261550903320312,-0.1554661656695359,-0.11951536363290813,-11.912187290191644,-16.305713939666752
-0.06180496215820312,-0.12713470458984374,-0.14980483730687916,-0.11804511212576031,-11.973992252349847,-16.432848644256595
-0.07977981567382812,-0.08819198608398438,-0.14397407590804706,-0.11667986732105483,-12.053772068023674,-16.52104063034058
-0.0814971923828125,-0.15574722290039061,-0.13810382538624377,-0.115509914965748,-12.135269260406487,-16.67678785324097
-0.12208709716796876,-0.06999359130859376,-0.1325100984920025,-0.11455812328368227,-12.257356357574455,-16.746781444549566
-0.12465744018554688,0.06930389404296874,-0.1275384430650457,-0.11292178779953645,-12.382013797760003,-16.677477550506598
-0.07989501953125,-0.07844009399414062,-0.12316310387049657,-0.109951597021203,-12.461908817291253,-16.755917644500737
-0.15370025634765624,-0.13221511840820313,-0.1193027515871775,-0.10666818363023889,-12.61560907363891,-16.888132762908942
-0.17540969848632812,-0.1621936798095703,-0.11638056834021139,-0.10420327842141543,-12.791018772125238,-17.05032644271851
0.2151714324951172,-0.12570571899414062,-0.11329612383476519,-0.10273907549263196,-12.575847339630121,-17.17603216171265
-0.18271942138671876,-0.1634674072265625,-0.10881105839505172,-0.10211489172130314,-12.758566761016839,-17.339499568939214
-0.08813591003417968,0.01519317626953125,-0.10434334880727775,-0.10169732106519591,-12.846702671051018,-17.324306392669683
-0.15198516845703125,0.0980621337890625,-0.1009420646252718,-0.10000130472101229,-12.99868783950805,-17.22624425888062
-0.08080635070800782,-0.25205154418945314,-0.09834499069236931,-0.09728026538855924,-13.079494190216057,-17.478295803070072
-0.05257110595703125,-0.0411102294921875,-0.09607221852038665,-0.09521242780915157,-13.132065296173089,-17.51940603256226
-0.12100372314453126,-0.29675140380859377,-0.09388940686818958,-0.09438732157929779,-13.25306901931762,-17.81615743637085
-0.07862777709960937,-0.08886184692382812,-0.09205348135185952,-0.09494939012611589,-13.331696796417228,-17.905019283294678
-0.0768890380859375,-0.07810325622558593,-0.09046915871837757,-0.09604570060576967,-13.408585834503166,-17.983122539520263
-0.1178131103515625,-0.13414688110351564,-0.08910057250748193,-0.0969455206961466,-13.526398944854728,-18.117269420623778
-0.10714263916015625,-0.07500457763671875,-0.08818390890947497,-0.09782059273504598,-13.633541584014884,-18.192273998260497
-0.11568832397460938,-0.13669586181640625,-0.08776073969342527,-0.09866027839979773,-13.749229907989493,-18.328969860076903
-0.335809326171875,-0.1413482666015625,-0.08857730786934366,-0.09970768225349302,-14.085039234161368,-18.470318126678464
-0.12986984252929687,-0.09032821655273438,-0.09129945089975358,-0.10098615737911554,-14.214909076690665,-18.5606463432312
-0.14026641845703125,-0.10767135620117188,-0.09492063810241863,-0.10214966432718965,-14.355175495147696,-18.66831769943237
0.22367362976074218,-0.14437942504882811,-0.09725341345018561,-0.10327385583890943,-14.131501865386953,-18.8126971244812
0.17024307250976561,-0.0965667724609375,-0.09606877141438835,-0.10450438633124016,-13.961258792877187,-18.90926389694214
-0.13850784301757812,0.3031574249267578,-0.0921437131312801,-0.10414506230633219,-14.099766635894765,-18.60610647201538
0.30861854553222656,-0.08993377685546874,-0.08679184394548094,-0.10081508814576207,-13.791148090362539,-18.696040248870847
-0.0886016845703125,-0.06413345336914063,-0.07964110981064447,-0.09635256860971773,-13.87974977493285,-18.76017370223999
-0.13716278076171876,-0.1374664306640625,-0.0725217234515332,-0.09250890888234659,-14.016912555694569,-18.89764013290405
-0.08009490966796876,-0.08306732177734374,-0.06711538663468813,-0.08947974985190778,-14.097007465362537,-18.980707454681394
-0.13747482299804686,-0.13660736083984376,-0.06319182487095676,-0.08724181962085892,-14.234482288360585,-19.117314815521237
-0.13516998291015625,-0.14076004028320313,-0.060767049231375644,-0.08590454527965886,-14.369652271270741,-19.25807485580444
-0.08721847534179687,-0.09157867431640625,-0.05964960878391724,-0.08538652134111877,-14.456870746612537,-19.349653530120847
-0.10026168823242188,-0.14539451599121095,-0.059334394214129116,-0.08541556831173933,-14.55713243484496,-19.495048046112057
-0.13184280395507814,-0.12856521606445312,-0.05973054323691465,-0.08605293028349201,-14.688975238800037,-19.62361326217651
-0.08412361145019531,-0.15646286010742189,-0.06081966203608863,-0.0873643686159272,-14.773098850250232,-19.78007612228393
-0.14773521423339844,-0.11679878234863281,-0.06247225492540385,-0.08921860460300635,-14.92083406448363,-19.89687490463256
-0.11778717041015625,-0.06430931091308593,-0.06475211326121241,-0.09112403393696594,-15.038621234893787,-19.961184215545646
-0.04456138610839844,-0.0455291748046875,-0.06727233497919358,-0.09245285134294269,-15.083182621002186,-20.006713390350335
-0.036391067504882815,-0.10924835205078125,-0.06928882124130135,-0.09318432868354196,-15.119573688507069,-20.115961742401115
-0.014786911010742188,-0.005938720703125,-0.07045175271122534,-0.09342449804879473,-15.13436059951781,-20.12190046310424
0.0326202392578125,0.10149345397949219,-0.070525486061059,-0.09234325040505952,-15.101740360259997,-20.020407009124746
0.08427505493164063,0.09163360595703125,-0.06907758671042047,-0.0890547848310033,-15.017465305328356,-19.928773403167714
0.08540267944335937,0.08463897705078124,-0.06582684762543134,-0.08367378166099004,-14.932062625884997,-19.844134426116934
0.18209762573242189,0.18378143310546874,-0.060568453376959645,-0.07634620899524075,-14.749965000152576,-19.660352993011465
0.13548431396484376,0.10698051452636718,-0.053169802054166666,-0.06708051258714316,-14.614480686187733,-19.553372478485098
0.195263671875,0.192462158203125,-0.043857486058782515,-0.056214131394791755,-14.419217014312732,-19.360910320281974
0.22315750122070313,0.27698211669921874,-0.0327127824960761,-0.04351797407749234,-14.19605951309203,-19.083928203582754
0.1784801483154297,0.18229217529296876,-0.019938748166939118,-0.02889502829456204,-14.0175793647766,-18.901636028289786
-0.1048614501953125,0.1179107666015625,-0.007234486702243879,-0.01348378737941347,-14.122440814971911,-18.783725261688225
0.129241943359375,0.11376304626464843,0.003861013775347862,0.0015398448827852018,-13.993198871612536,-18.669962215423578
0.1945098876953125,0.188641357421875,0.014354854141186047,0.016029308041339674,-13.798688983917224,-18.481320858001702
0.11119346618652344,0.14327392578125,0.02521183611486564,0.030224712424273506,-13.6874955177307,-18.33804693222045
0.193707275390625,0.1874847412109375,0.03614727881345264,0.04407098137254804,-13.493788242340074,-18.150562191009513
0.1674205780029297,0.19902496337890624,0.047190718513915986,0.05762209704267424,-13.326367664337145,-17.951537227630606
0.12651443481445312,0.14143829345703124,0.058124873659896326,0.07076495143715704,-13.199853229522692,-17.810098934173574
0.15476531982421876,0.20818023681640624,0.06851995328854082,0.08324201196741146,-13.045087909698474,-17.601918697357167
-0.00110931396484375,0.0640167236328125,0.07780509222804895,0.09473369154936635,-13.046197223663317,-17.537901973724356
0.1584993362426758,0.1467132568359375,0.08557780877080587,0.10473094137437496,-12.887697887420641,-17.39118871688842
0.228680419921875,0.2296783447265625,0.09281750046853636,0.1137096144138863,-12.659017467498765,-17.161510372161857
0.13292465209960938,0.045102691650390624,0.10024567598669216,0.12193745460667524,-12.526092815399156,-17.116407680511465
0.213873291015625,0.18036422729492188,0.10757778669115167,0.12887091571691067,-12.312219524383531,-16.93604345321654
0.10894317626953125,0.13699188232421874,0.11458277544427486,0.134774496613471,-12.203276348114,-16.799051570892324
0.13656539916992189,0.16288833618164061,0.12084558651832815,0.13999985840441434,-12.06671094894408,-16.636163234710683
0.19900360107421874,0.17500267028808594,0.12644251804198484,0.14465610007611032,-11.86770734786986,-16.461160564422595
0.10755996704101563,0.12999095916748046,0.1316220279487127,0.1487869502749609,-11.760147380828844,-16.331169605255116
0.034807586669921876,0.20045013427734376,0.13567733188820097,0.1523911286655043,-11.725339794158922,-16.130719470977773
0.1186004638671875,0.11500320434570313,0.13817804263550146,0.1555400560722284,-11.606739330291735,-16.01571626663207
0.208905029296875,0.18954544067382811,0.14001156002861345,0.1581684638580214,-11.397834300994859,-15.82617082595824
0.1275177001953125,0.114385986328125,0.14192277460329134,0.16028129645015146,-11.270316600799546,-15.711784839630115
0.13095550537109374,0.19457015991210938,0.14362133563082013,0.16194785348902993,-11.139361095428452,-15.517214679718005
0.12019767761230468,0.11772994995117188,0.14480844128192247,0.16324696257206003,-11.019163417816147,-15.399484729766833
0.19886322021484376,0.19026870727539064,0.14576959792716576,0.1642161634109933,-10.820300197601304,-15.209216022491443
0.16145095825195313,0.18382606506347657,0.1469230165570577,0.1651189311611292,-10.658849239349351,-15.025389957427967
0.17135086059570312,0.19879608154296874,0.14827044937266617,0.1662232667112625,-10.487498378753648,-14.826593875884997
0.07180023193359375,0.032369232177734374,0.14933646003198445,0.16696270794022874,-10.415698146820054,-14.794224643707263
-0.08785247802734375,0.19472503662109375,0.1488879879029954,0.1668226818162332,-10.503550624847398,-14.59949960708617
0.17261314392089844,0.09658660888671874,0.14660447578508212,0.16616624113958295,-10.330937480926499,-14.50291299819945
0.13935089111328125,0.20166015625,0.14400575297558338,0.16534466903199369,-10.191586589813218,-14.30125284194945
0.17299461364746094,0.08069305419921875,0.14200502834825915,0.16436430921178313,-10.018591976165757,-14.220559787750231
0.21842269897460936,0.22555465698242189,0.14082167524287348,0.16329419431466932,-9.800169277191147,-13.99500513076781
0.13192138671875,-0.012183380126953126,0.14047737224834075,0.1619146099816714,-9.668247890472397,-14.007188510894762
0.20028457641601563,0.2914215087890625,0.14062604978434964,0.1601981090698983,-9.467963314056382,-13.7157670021057
0.14035186767578126,0.12197341918945312,0.1411501297380771,0.1589488362186816,-9.327611446380601,-13.593793582916247
0.1666126251220703,0.20894088745117187,0.14188948093850384,0.15829597065883108,-9.16099882125853,-13.384852695465074
0.25756378173828126,0.15400543212890624,0.14310089763732442,0.15796915543201648,-8.90343503952025,-13.230847263336168
0.1072174072265625,0.12288055419921876,0.14489936310749363,0.15772436467511003,-8.796217632293688,-13.10796670913695
0.12141265869140624,0.1165374755859375,0.14645503459253115,0.1571044093922809,-8.674804973602281,-12.991429233551012
0.1746917724609375,0.6111831665039062,0.14753618147726366,0.15781213391356025,-8.500113201141344,-12.380246067047105
0.11632537841796875,0.11902961730957032,0.1484303489471751,0.16139861728260518,-8.383787822723376,-12.261216449737535
0.19349288940429688,0.10899276733398437,0.1492046942714139,0.16553344039327003,-8.190294933319079,-12.152223682403552
0.17373390197753907,0.10488395690917969,0.15014351601156234,0.16819741866212704,-8.01656103134154,-12.047339725494371
0.1605083465576172,-0.13455600738525392,0.1512948898152751,0.16865815312199525,-7.856052684783923,-12.181895732879624
0.11303558349609374,0.11928482055664062,0.15226823918251614,0.16643779700411512,-7.743017101287829,-12.062610912322985
0.15897064208984374,0.17714691162109375,0.15285305005854638,0.16318609078160895,-7.584046459197985,-11.88546400070189
0.1408416748046875,0.11947174072265625,0.1531992473750188,0.16024762941798565,-7.443204784393298,-11.765992259979235
0.177880859375,0.18331489562988282,0.1535098581232819,0.15763699502636028,-7.265323925018298,-11.582677364349353
0.1760265350341797,0.15181846618652345,0.1539820918590711,0.15547811891710192,-7.089297389984118,-11.43085889816283
0.1611663818359375,0.15587234497070312,0.15464968611723542,0.15374648295867197,-6.92813100814818,-11.274986553192127
0.14871749877929688,0.16490936279296875,0.15531172221884515,0.15234563323076888,-6.779413509368884,-11.110077190399158
0.12340927124023438,0.11592788696289062,0.15572386553683049,0.15114475034487265,-6.6560042381286495,-10.994149303436268
0.3278564453125,0.16552391052246093,0.15643287257600072,0.14998623248232312,-6.328147792816149,-10.828625392913807
0.1290447235107422,0.12441864013671874,0.1580493313092991,0.14891294147085393,-6.199103069305407,-10.704206752777088
0.204241943359375,0.1661083221435547,0.15997479221208227,0.14795941664475176,-5.994861125946032,-10.538098430633534
0.11906852722167968,0.11421432495117187,0.161647227474329,0.1470851310975119,-5.875792598724352,-10.423884105682362
0.16409568786621093,0.082098388671875,0.16290207864442188,0.1459486347530104,-5.711696910858141,-10.341785717010486
0.28589630126953125,0.04913482666015625,0.16424795750359297,0.14406913001240476,-5.4258006095886095,-10.29265089035033
0.1159576416015625,0.14822998046875,0.1660804020885985,0.1415986304937588,-5.309842967987047,-10.14442090988158
0.07225494384765625,0.07496185302734375,0.16734556282135962,0.13900219526824975,-5.237588024139391,-10.069459056854237
0.18884963989257814,0.132745361328125,0.16760772653280856,0.1363753997306331,-5.048738384246812,-9.936713695526112
0.11645889282226562,0.12259368896484375,0.16745048587556494,0.13387766774499146,-4.932279491424547,-9.814120006561268
0.1195404052734375,0.07473907470703126,0.16685348212977638,0.13148659639968752,-4.812739086151109,-9.739380931854237
0.052968597412109374,0.057079315185546875,0.16541600782198188,0.12877210568847028,-4.759770488739,-9.68230161666869
0.03395538330078125,-0.01304931640625,0.16275582795647262,0.12527096451197572,-4.725815105438219,-9.69535093307494
0.02196807861328125,0.01853485107421875,0.15868832303221697,0.12070443670662415,-4.7038470268249375,-9.676816082000721
0.0102996826171875,-0.03607940673828125,0.1533036088012349,0.11508913737584266,-4.69354734420775,-9.712895488739003
0.12873916625976561,0.043658447265625,0.1471951754483415,0.10868475508223208,-4.5648081779479845,-9.669237041473378
0.06549835205078125,0.045482635498046875,0.14115595180175264,0.10209892694729354,-4.499309825897203,-9.623754405975331
0.19312515258789062,0.14446029663085938,0.13569525536719357,0.0961170667065696,-4.306184673309312,-9.479294109344472
0.07608261108398437,0.05849456787109375,0.13106951726443566,0.09113969214493037,-4.230102062225328,-9.420799541473379
0.13859176635742188,0.13988265991210938,0.12705063301577604,0.08710590675720398,-4.091510295867906,-9.28091688156127
0.074542236328125,0.0690826416015625,0.12339493485030083,0.0839422811447189,-4.0169680595397805,-9.211834239959707
0.19205207824707032,0.13826828002929686,0.12028428598411309,0.08158546776845915,-3.82491598129271,-9.07356595993041
0.07923202514648438,0.06941909790039062,0.11788560665313663,0.07993361706991026,-3.745683956146226,-9.00414686203002
0.13237838745117186,0.13198776245117189,0.11591858998225459,0.07887435060166378,-3.613305568695054,-8.872159099578848
0.07869834899902343,0.0688385009765625,0.1141233970936806,0.07830168130943635,-3.5346072196960305,-8.803320598602285
0.09830780029296875,0.12782516479492187,0.11237273276975367,0.07812750000755199,-3.4362994194030616,-8.675495433807363
0.07727890014648438,0.08399887084960937,0.11055617473020495,0.07832927928457684,-3.3590205192565774,-8.591496562957754
0.09441261291503907,0.07848968505859374,0.10869151973990067,0.07871911137508676,-3.2646079063415385,-8.51300687789916
0.12778396606445314,0.123602294921875,0.1069824177465044,0.07922548403370819,-3.136823940277085,-8.389404582977285
0.1360198974609375,0.13330307006835937,0.10576190275727547,0.08016403424774089,-3.0008040428161475,-8.256101512908925
0.0769744873046875,0.06306037902832032,0.10493477769259718,0.0814300521469951,-2.92382955551146,-8.193041133880605
0.13721656799316406,-0.12801856994628907,0.10426929199830941,0.08178619223844089,-2.786612987518296,-8.321059703826894
-0.17819976806640625,0.09521522521972656,0.10282894260376581,0.08054547087933565,-2.964812755584702,-8.225844478607167
-0.18668022155761718,0.09021034240722656,0.09866354658502877,0.07889267063463733,-3.1514929771423192,-8.13563413619994
0.12072334289550782,0.001604461669921875,0.09218668777464839,0.07737015641837384,-3.0307696342468113,-8.134029674530018
0.05367603302001953,0.1288848876953125,0.08582164131641365,0.07577981003472549,-2.977093601226792,-8.005144786834705
0.13993682861328124,0.08069267272949218,0.08058248972243956,0.07458221391538893,-2.8371567726135107,-7.924452114105213
0.27748260498046873,0.11419181823730469,0.0772419560546452,0.07396398905176076,-2.559674167633042,-7.810260295867908
0.08503875732421876,0.0911224365234375,0.07615103666812874,0.07382431889160346,-2.474635410308823,-7.719137859344471
0.0597412109375,0.08665924072265625,0.07597184361877427,0.07402536836735762,-2.414894199371323,-7.632478618621815
0.13605155944824218,0.4169181823730469,0.07595468919111356,0.07558896372518256,-2.278842639923081,-7.215560436248768
0.08649520874023438,0.07712593078613281,0.07635508561759381,0.0794160079348673,-2.1923474311828466,-7.138434505462635
0.1773040771484375,0.13397598266601562,0.07734554546437312,0.08402327550395608,-2.0150433540344093,-7.004458522796619
-0.005352783203125,0.08582611083984375,0.07863240636542522,0.08822377027706689,-2.020396137237534,-6.918632411956775
0.12585830688476562,0.13398361206054688,0.07962980201938714,0.09205440782457573,-1.8945378303527685,-6.784648799896228
0.08569793701171875,-0.15425567626953124,0.08051385019733465,0.09465044215323344,-1.8088398933410497,-6.938904476165759
0.13161773681640626,-0.00622406005859375,0.08164081451561213,0.09479799397751634,-1.6772221565246435,-6.945128536224353
0.12514572143554686,0.12385635375976563,0.08311854387858247,0.09339302929672859,-1.5520764350890965,-6.821272182464588
0.08447723388671875,0.08356170654296875,0.08484065926398772,0.09204108827251867,-1.4675992012023777,-6.737710475921619
0.01786346435546875,0.0612213134765625,0.08618315227395569,0.0908514541635689,-1.449735736846909,-6.676489162445057
0.15831260681152343,0.07607269287109375,0.08706725010625173,0.0895609673394336,-1.2914231300353856,-6.600416469573963
0.086407470703125,0.08003005981445313,0.08807043298968822,0.08824573986832096,-1.2050156593322605,-6.52038640975951
0.126806640625,0.12655181884765626,0.08929291884265902,0.0871797919279689,-1.0782090187072606,-6.393834590911854
0.04647216796875,0.08247604370117187,0.09042255377707217,0.08652965622467654,-1.0317368507385105,-6.3113585472106815
0.18487052917480468,0.13809051513671874,0.0915237468784638,0.08628769729213832,-0.8468663215637058,-6.173268032073962
0.039853668212890624,0.05605316162109375,0.09277149512994637,0.08633705587477372,-0.8070126533508152,-6.117214870452869
0.07952880859375,0.10532379150390625,0.09371837661646988,0.08641521919065033,-0.7274838447570652,-6.011891078948962
0.13018875122070311,-0.16235198974609374,0.09434531149329038,0.08560670043336333,-0.5972950935363621,-6.1742430686950565
0.12563743591308593,-0.05371246337890625,0.09518946636878828,0.08270060793969275,-0.47165765762327616,-6.227955532073962
0.07272834777832031,-0.07371826171875,0.09616213228328499,0.07782558943750859,-0.39892930984495584,-6.3016737937927125
0.12220306396484375,0.06682968139648438,0.09700775305457647,0.07213041365779198,-0.2767262458801121,-6.234844112396228
0.12102203369140625,0.05869636535644531,0.0978972298347901,0.0667472505702511,-0.15570421218870584,-6.176147747039783
0.09080963134765625,0.11796073913574219,0.0988717437894786,0.062368027206380135,-0.06489458084104958,-6.058187007904041
0.12180633544921875,0.09025611877441406,0.09979247526618774,0.059192204149581935,0.05691175460816916,-5.967930889129627
0.08180160522460937,0.11079635620117187,0.10062505894397841,0.057158205289948444,0.13871335983277855,-5.8571345329284545
0.08052139282226563,0.06658782958984374,0.10118964037500122,0.055997920562756924,0.21923475265504416,-5.79054670333861
0.1322723388671875,0.12243728637695313,0.10155494431552624,0.055542342738887446,0.3515070915222317,-5.6681094169616575
0.3162681579589844,0.12727279663085939,0.10278471336396135,0.05594527380012662,0.6677752494812161,-5.540836620330798
0.0815948486328125,0.07973785400390625,0.10539064338346349,0.05712623347395698,0.7493700981140287,-5.4610987663268915
0.08719482421875,0.00464935302734375,0.10809775033481943,0.05834268938319936,0.8365649223327787,-5.456449413299548
0.13006591796875,0.12800979614257812,0.11019625975768782,0.05930196216743401,0.9666308403015287,-5.3284396171569695
0.13356704711914064,0.13002777099609375,0.11209835416387111,0.06066093553561953,1.1001978874206693,-5.198411846160876
0.05959014892578125,0.08275375366210938,0.11372116303394358,0.06262502155001574,1.1597880363464506,-5.115658092498767
0.12960662841796874,0.1011383056640625,0.11481706582498019,0.06479871217765473,1.2893946647644192,-5.014519786834704
0.0825225830078125,0.10539474487304687,0.11552468706859667,0.06709376029763714,1.3719172477722317,-4.909125041961657
0.08425979614257813,0.0562042236328125,0.11581581719847629,0.0693764204751093,1.4561770439148098,-4.852920818328844
0.12934112548828125,0.12653427124023436,0.11575938115322998,0.07152946511933211,1.585518169403091,-4.72638654708861
0.12338905334472657,0.173370361328125,0.11572406221445769,0.07404370651639072,1.7089072227478177,-4.553016185760485
0.09917449951171875,0.1060760498046875,0.11573939358137864,0.07717415735371477,1.8080817222595365,-4.446940135955797
0.14571685791015626,0.2171173095703125,0.11576851663894022,0.08085948179541792,1.9537985801696927,-4.229822826385485
0.12331924438476563,0.13394546508789062,0.11597707272234196,0.08521531961179175,2.0771178245544584,-4.095877361297594
0.08581008911132812,0.08270416259765626,0.11620330688676966,0.08968352962956407,2.1629279136657864,-4.013173198699938
0.0873870849609375,0.08879241943359376,0.11609396534914176,0.09353075429741055,2.250314998626724,-3.9243807792663445
0.13045654296875,0.12131805419921875,0.11573683039111388,0.096778685001391,2.380771541595474,-3.8030627250671256
0.12393512725830078,-0.209832763671875,0.1154714816503662,0.0985361678246324,2.5047066688537747,-4.012895488739001
0.24669342041015624,0.02231903076171875,0.11584015700065899,0.09758034661902586,2.7514000892639308,-3.9905764579772818