0.020086840480598125,-0.007505443955748845,0.009454924939160496,0.00020086840480598126,-7.505443955748845e-05,2.0086840480598125e-06,-7.505443955748845e-07
0.01413702637821008,-0.008694140963454658,0.014866349307818801,0.00034223866858808206,-0.000161995849192035,5.431070733940633e-06,-2.3705028874952343e-06
0.002985464690562276,-0.014095994275425364,-0.012080159568354142,0.0003720933154937048,-0.00030295579194628865,9.15200388887768e-06,-5.400060806958121e-06
0.010703393491966097,-0.006899120116578947,-0.017470766993394535,0.0004791272504133658,-0.0003719469931120781,1.3943276393011338e-05,-9.119530738078901e-06
-0.010766503033554635,0.005175264062867164,0.007239927249377842,0.00037146222007781944,-0.00032019435248340644,1.765789859378953e-05,-1.2321474262912965e-05
-0.017765238194918778,-0.026679383291981405,-0.007861010960738837,0.00019380983812863166,-0.0005869881854032204,1.9595996975075847e-05,-1.819135611694517e-05
-0.0024227571634088925,0.008761054080415031,-0.004761609590478681,0.00016958226649454273,-0.0004993776445990702,2.1291819640021273e-05,-2.318513256293587e-05
-0.0030281496773327484,0.005157495310292203,1.8036510077188896e-05,0.00013930076972121526,-0.0004478026914961481,2.2684827337233426e-05,-2.7663159477897352e-05
0.011269257619531518,-0.006296005969939743,-0.010878549021317144,0.00025199334591653044,-0.0005107627511955455,2.520476079639873e-05,-3.277078698985281e-05
0.005335123517143477,-0.01469878721355002,-0.006099899444756085,0.0003053445810879652,-0.0006577506233310458,2.8258206607278384e-05,-3.934829322316327e-05
-0.004233361109391963,-0.014070675029221045,0.013716240987074878,0.0002630109699940456,-0.0007984573736232563,3.088831630721884e-05,-4.7332866959395834e-05
-0.006770149915373485,-0.0020264706926070098,0.04973685331331264,0.00019530947084031073,-0.0008187220805493263,3.284141101562195e-05,-5.5520087764889096e-05
-0.03393878674149694,-0.26305499269764254,-1.6562134598689575,-0.00014407839657465868,-0.003449272007525752,3.140062704987536e-05,-9.001280784014662e-05
-0.2889725021241169,-0.06029014817792021,-0.995686234172763,-0.003033803417815828,-0.004052173489304954,1.0625928717170802e-06,-0.00013053454273319616
-0.30109030807208365,0.012296958681010122,-0.06527520377984364,-0.006044706498536664,-0.003929203902494853,-5.938447211364955e-05,-0.00016982658175814468
-0.2347983772747998,-0.2470574592391852,-0.3621700784697037,-0.008392690271284663,-0.0063997784948867055,-0.00014331137482649617,-0.00023382436670701175
-0.19433863456632341,-0.0013824165169756672,0.6898813004392765,-0.010336076616947897,-0.006413602660056462,-0.0002466721409959752,-0.0002979603933075764
0.00255422461426716,0.07303393395223924,-0.09317132704832604,-0.010310534370805225,-0.005683263320534069,-0.0003497774847040274,-0.0003547930265129171
-0.0685573292851759,-0.07723206338048372,-0.3374767378608692,-0.010996107663656983,-0.006455583954338906,-0.0004597385613405973,-0.00041934886605630615
-0.00842138538954761,0.2843396339171435,1.8332221573493235,-0.01108032151755246,-0.0036121876151674706,-0.0005705417765161218,-0.00045547074220798087
-0.3176858923064622,0.04685982568032349,0.5156183323886161,-0.014257180440617082,-0.0031435893583642354,-0.0007131135809222927,-0.00048690663579162324
-0.13519215525603115,-0.1058119989019608,-1.319503459508844,-0.015609101993177395,-0.0042017093473838436,-0.0008692046008540666,-0.0005289237292654616
0.8358176682337073,-0.17554364281742582,0.016805108871410752,-0.007250925310840322,-0.005957145775558102,-0.0009417138539624698,-0.0005884951870210426
-0.7868603962875412,0.30185525145281145,1.463680972944044,-0.015119529273715735,-0.0029385932610299873,-0.0010929091466996273,-0.0006178811196313425
0.33200415408706796,0.14163819818966963,0.09818917066434556,-0.011799487732845056,-0.001522211279133291,-0.0012109040240280778,-0.0006331032324226754
0.3138826439810178,-0.2911102451764706,-1.1172142554133222,-0.008660661293034878,-0.004433313730897997,-0.0012975106369584265,-0.0006774363697316554
-0.5581171898787518,-0.1861335256586557,0.08524020388933988,-0.014241833191822395,-0.006294648987484554,-0.0014399289688766504,-0.0007403828596065009
-0.29079788525069045,-0.1610465383327993,-0.48798790820953836,-0.0171498120443293,-0.007905114370812547,-0.0016114270893199433,-0.0008194340033146264
0.2503357348301824,0.41518343541557956,1.1268875636451958,-0.014646454696027477,-0.003753280016656751,-0.001757891636280218,-0.0008569668034811939
0.1351835028198062,-0.3045780414624247,-1.063230818361365,-0.013294619667829414,-0.006799060431280998,-0.0018908378329585123,-0.0009249574077940039
-0.34384906632950335,0.1995756839423209,0.46249934700370743,-0.016733110331124446,-0.0048033035918577886,-0.0020581689362697566,-0.0009729904437125817
0.028383870550026682,-0.2299838407696651,-1.384851477514489,-0.01644927162562418,-0.0071031419995544395,-0.0022226616525259984,-0.001044021863708126
-0.38060238339061575,0.4985042613315022,1.9687332980100396,-0.020255295459530337,-0.002118099386239417,-0.0024252146071213018,-0.0010652028575705204
-0.7476241134829329,0.15417753199298082,0.7587281297427019,-0.027731536594359667,-0.0005763240663096091,-0.0027025299730648986,-0.0010709660982336164
0.3976245772502633,0.17720619182970931,0.5840787460545965,-0.023755290821857032,0.0011957378519874841,-0.002940082881283469,-0.0010590087197137415
-0.2015899520729992,-0.3206672652970169,-2.1256184934662707,-0.025771190342587024,-0.002010934800982685,-0.0031977947847093395,-0.0010791180677235683
-0.013452715408621394,-0.13990401250080112,-0.4458512656460218,-0.02590571749667324,-0.003409974925990696,-0.003456851959676072,-0.0011132178169834753
-0.14689949261164267,-0.15287617029129477,-0.4375886521417885,-0.027374712422789667,-0.0049387366289036436,-0.0037305990839039686,-0.0011626051832725117
-0.47886029408871605,0.14111023487235827,0.8870313752634152,-0.03216331536367683,-0.0035276342801800606,-0.004052232237540737,-0.0011978815260743122
-0.05097256159768067,0.3971186751378653,1.144185950913069,-0.032673040979653636,0.00044355247119859213,-0.004378962647337273,-0.0011934460013623262
-0.1296386837492028,0.14446925945464253,0.4583924861934534,-0.03396942781714567,0.0018882450657450175,-0.00471865692550873,-0.001174563550704876
0.021687255623651452,-0.18078760390081638,-0.3149468687893804,-0.03375255526090915,8.036902673685367e-05,-0.005056182478117822,-0.0011737598604375074
0.43620226416565194,-0.39833760097718784,-1.1056158262869016,-0.029390532619252632,-0.0039030069830350246,-0.005350087804310348,-0.0012127899302678577
-0.2392646793851225,-0.0660369327785153,-0.216295506970506,-0.03178317941310386,-0.004563376310820178,-0.005667919598441387,-0.0012584236933760595
-0.37172399103233394,-0.12011465619348442,0.6103390781763631,-0.0355004193234272,-0.005764522872755022,-0.006022923791675659,-0.0013160689221036097
-0.6612815145785306,0.22050031914488438,1.5389062353168228,-0.04211323446921251,-0.0035595196813061783,-0.006444056136367784,-0.0013516641189166715
-0.722321300952224,-0.43680415453177696,-0.5666450341300379,-0.04933644747873475,-0.007927561226623948,-0.006937420611155131,-0.0014309397311829109
-0.09563625741823456,0.09348476984756236,-0.467211722781904,-0.050292810052917095,-0.006992713528148325,-0.007440348711684302,-0.0015008668664643942
-0.18451294386669723,0.07997278256748301,1.1666180984250858,-0.052137939491584066,-0.006192985702473495,-0.007961728106600143,-0.001562796723489129
0.1508708541282673,-0.1044812727006943,0.1253354987516285,-0.05062923095030139,-0.0072377984294804375,-0.008468020416103157,-0.0016351747077839333
0.4080428336567636,0.17079393855436026,-0.24714331517070287,-0.04654880261373376,-0.005529859043936835,-0.008933508442240494,-0.0016904732982233016
0.5648001625710843,0.4929518545381858,-1.0432682307730534,-0.040900800988022915,-0.0006003404985549772,-0.009342516452120723,-0.0016964767032088513
0.20635944796057068,0.18194286537514306,0.9575935788614934,-0.03883720650841721,0.0012190881551964535,-0.009730888517204895,-0.0016842858216568868
0.026198209904570047,-0.03217962271213856,-0.02484081919755951,-0.03857522440937151,0.0008972919280750679,-0.01011664076129861,-0.0016753129023761363
0.23120104813147171,-0.14853675272205694,0.07806949237335678,-0.03626321392805679,-0.0005880755991455014,-0.010479272900579178,-0.0016811936583675912
0.021827614772198033,-0.15854888971145195,0.9879111058989535,-0.03604493778033481,-0.002173564496260021,-0.010839722278382527,-0.0017029293033301914
-0.15406412210122838,-0.13723071725398645,-0.43269352290702773,-0.0375855790013471,-0.0035458716687998856,-0.011215578068395998,-0.0017383880200181902
0.17085298459290454,-0.15604777957488367,0.4947497453801474,-0.035877049155418055,-0.005106349464548722,-0.011574348559950178,-0.0017894515146636774
0.060544532718333675,0.13865794244846263,0.3587312639457998,-0.035271603828234716,-0.003719770040064096,-0.011927064598232525,-0.0018266492150643184
0.20279896582430762,-0.3061645680756848,-0.3150529274145432,-0.03324361416999164,-0.006781415720820944,-0.012259500739932441,-0.0018944633722725278
0.3299617943098496,-0.20825847700373848,0.02646253775063628,-0.02994399622689314,-0.008864000490858328,-0.012558940702201373,-0.001983103377181111
-0.20930993134514386,0.0636924175350576,-0.3524407228093692,-0.032037095540344576,-0.008227076315507752,-0.012879311657604819,-0.0020653741403361884
-0.14263988130165567,-0.28972301020279245,0.0477459407322498,-0.033463494353361135,-0.011124306417535677,-0.01321394660113843,-0.0021766172045115453
-0.3961711088655529,-0.3487848848651866,-5.4864065187936445e-05,-0.03742520544201666,-0.014612155266187542,-0.013588198655558596,-0.0023227387571734207
-0.07697159986425578,0.16433781429709315,-0.5706266319937758,-0.03819492144065922,-0.012968777123216611,-0.013970147869965189,-0.002452426528405587
0.8004041376073244,0.24789567056321052,0.37785779661383934,-0.030190880064585972,-0.010489820417584506,-0.01427205667061105,-0.002557324732581432
-1.0013460910521708,0.0039030474579995335,-0.2476854325980321,-0.04020434097510768,-0.01045078994300451,-0.014674100080362126,-0.002661832632011477
0.5446411078247654,-0.5650633454374,0.1929370020460514,-0.034757929896860024,-0.01610142339737851,-0.015021679379330726,-0.0028228468659852617
0.2488134241992218,0.15196104669504842,-0.015287160407600336,-0.0322697956548678,-0.014581812930428024,-0.015344377335879403,-0.002968664995289542
1.009882737146502,0.20881797444357977,-0.08637482046100703,-0.022170968283402783,-0.012493633185992226,-0.015566087018713431,-0.0030936013271494643
-0.5568764026597087,-0.06526846862348365,0.16549537267548511,-0.02773973230999987,-0.013146317872227063,-0.01584348434181343,-0.003225064505871735
-0.32289946180062573,0.1810712890998703,-0.47668467748397225,-0.030968726928006125,-0.01133560498122836,-0.01615317161109349,-0.0033384205556840183
-0.8448070631006943,-0.3027175192010376,-0.9981878814513179,-0.03941679755901307,-0.014362780173238736,-0.01654733958668362,-0.0034820483574164057
1.0382844258685588,0.5390759766103609,0.5268716136947886,-0.02903395330032748,-0.008972020407135128,-0.016837679119686894,-0.003571768561487757
-0.6358468378775313,0.03759556678965439,-0.008092064559579141,-0.035392421679102795,-0.008596064739238584,-0.01719160333647792,-0.0036577292088801425
-0.5209955190280614,-0.8399645670991074,-0.6010789027132383,-0.04060237686938341,-0.01699571041022966,-0.017597627105171754,-0.0038276863129824393
0.7175372911771725,0.3604912024286259,0.4350398053236892,-0.03342700395761168,-0.013390798385943401,-0.017931897144747872,-0.003961594296841874
0.4959179979384451,-0.38165058596536205,0.1316610658043484,-0.02846782397822723,-0.01720730424559702,-0.018216575384530146,-0.004133667339297844
-0.8629457282536661,-0.3690130090125887,-0.13071846938143034,-0.03709728126076389,-0.020897434335722907,-0.018587548197137784,-0.004342641682655073
0.7806925257235982,-0.023317322481727326,0.08904133999066012,-0.02929035600352791,-0.02113060756054018,-0.018880451757173063,-0.004553947758260474
-0.206472059502617,0.2625019937187762,-0.7116750425713286,-0.03135507659855408,-0.01850558762335242,-0.019194002523158605,-0.0047390036344939985
0.8570318205736782,0.7586921932152286,0.21940428695945605,-0.022784758392817295,-0.010918665691200133,-0.019421850107086778,-0.004848190291406
-0.6920011599832762,-0.6758003756044862,0.12425139788338943,-0.02970476999265006,-0.017676669447244997,-0.019718897807013278,-0.00502495698587845
0.08202135825583275,-0.013386151571526679,0.5467018573935751,-0.02888455641009173,-0.017810530962960265,-0.020007743371114196,-0.0052030622955080525
-0.7345368164965896,-0.7191508657425805,-0.19697446071430674,-0.03622992457505762,-0.02500203962038607,-0.020370042616864772,-0.005453082691711913
0.9080394036972,0.4829344591799802,0.7949928473806055,-0.027149530538085623,-0.020172695028586266,-0.02064153792224563,-0.0056548096419977755
-0.9879266046464333,-0.3971828258616007,-0.4563387810683162,-0.03702879658454995,-0.024144523287202273,-0.02101182588809113,-0.005896254874869798
0.0383396847927977,0.357226061053788,-0.2753641999864515,-0.036645399736621974,-0.020572262676664392,-0.02137827988545735,-0.006101977501636442
-0.36939723072410174,-0.17935730246189063,-0.10004859993151927,-0.040339372043862995,-0.0223658357012833,-0.02178167360589598,-0.006325635858649275
0.6270766424001831,0.8693657227917907,0.7295932972409853,-0.034068605619861164,-0.013672178473365392,-0.022122359662094592,-0.00646235764338293
0.796472845662562,0.632667645159991,0.4443768798518043,-0.026103877163235544,-0.007345502021765482,-0.02238339843372695,-0.006535812663600584
0.28651836544893566,0.33717123398428317,0.26227209819925107,-0.02323869350874619,-0.00397378968192265,-0.022615785368814412,-0.006575550560419811
0.07453616865027846,0.1476063947502861,0.2658341917614694,-0.022493331822243404,-0.002497725734419789,-0.022840718687036847,-0.0066005278177640085
-0.1956864123339285,-0.24458552643991763,-0.05610129241034575,-0.02445019594558269,-0.004943580998818965,-0.023085220646492675,-0.006649963627752198
0.006172403456107393,0.07662636108278018,-0.10994791975756603,-0.024388471911021614,-0.004177317387991163,-0.02332910536560289,-0.00669173680163211
-0.035782823888059846,0.12876967710017545,-0.6218917406044417,-0.02474630014990221,-0.002889620616989409,-0.023576568367101914,-0.006720633007802004
-0.011075758045380352,-0.5190150590804914,0.02758050847162435,-0.024857057730356014,-0.008079771207794323,-0.023825138944405473,-0.006801430719879947
-0.010265039717769169,0.3634614827612726,0.014892578345738545,-0.024959708127533706,-0.004445156380181597,-0.02407473602568081,-0.006845882283681763
-0.019978169861966925,-0.5499758016821547,0.6428954740198054,-0.025159489826153375,-0.009944914397003143,-0.024326330923942346,-0.006945331427651795
0.3864566859677424,0.2845918125087358,0.05968421803750507,-0.021294922966475952,-0.007098996271915785,-0.024539280153607106,-0.007016321390370952
0.0172399771922789,-0.25896382085969333,-1.7025405001863443,-0.021122523194553162,-0.009688634480512718,-0.024750505385552637,-0.00711320773517608
0.0836639228945754,0.23417805360738536,0.3171350938870527,-0.020285883965607408,-0.007346853944438864,-0.02495336422520871,-0.007186676274620468
0.16859651092845043,0.3302367847891966,0.3909487004667416,-0.0185999188563229,-0.004044486096546899,-0.02513936341377194,-0.007227121135585937
-0.08509537951177239,-0.13063104150209814,-0.18005742631131533,-0.019450872651440625,-0.005350796511567881,-0.02533387214028635,-0.007280629100701616
0.35690557919426263,-0.05507843654901962,-0.10896262071430671,-0.015881816859497997,-0.005901580877058077,-0.02549269030888133,-0.0073396449094721965
0.4114532234881514,0.1642797293897917,1.2916701503179662,-0.011767284624616483,-0.00425878358316016,-0.025610363155127495,-0.007382232745303799
-0.2544994712245976,-0.640227498039826,-1.7961074578120402,-0.014312279336862459,-0.01066105856355842,-0.025753485948496118,-0.007488843330939383
0.26272973703358504,0.6657413123241017,2.22521536471638,-0.01168498196652661,-0.0040036454403174025,-0.025870335768161383,-0.007528879785342557
0.3846437420446479,0.1513788870673686,0.579216786832806,-0.00783854454608013,-0.0024898565696437162,-0.025948721213622183,-0.0075537783510389945
-0.34836401747316703,0.11261582216464483,0.8941684908810248,-0.0113221847208118,-0.001363698347997268,-0.0260619430608303,-0.007567415334518967
-0.30367970568862446,-0.238384539242237,-1.3931529710065176,-0.014358981777698045,-0.003747543740419638,-0.02620553287860728,-0.007604890771923164
0.5084923889295186,0.5815756200863661,1.9044471857829863,-0.009274057888402857,0.002068212460444023,-0.02629827345749131,-0.007584208647318723
-0.3459296325734952,-0.022762838825665693,0.6412491924542294,-0.012733354214137809,0.001840584072187366,-0.026425606999632686,-0.007565802806596849
0.514477900842237,0.20375648910597385,-0.0328860361472803,-0.007588575205715439,0.0038781489632471046,-0.02650149275168984,-0.007527021316964378
0.3280921585793241,0.17788512733592735,0.47050315856088953,-0.004307653619922198,0.005657000236606378,-0.026544569287889064,-0.007470451314598315
-0.798942015135485,0.2862768508424506,1.526577488088623,-0.012297073771277048,0.008519768745030885,-0.026667540025601833,-0.007385253627148006
-0.19982789786684982,-0.39866369939787905,-1.7856170736448016,-0.014295352749945546,0.004533131751052094,-0.026810493553101288,-0.0073399223096374845
0.6475682011947205,-0.028857818241245146,-0.7368098026354168,-0.00781967073799834,0.004244553568639642,-0.026888690260481272,-0.007297476773951088
-0.4395323741436485,-0.07796218349340049,0.49155582855402397,-0.012214994479434825,0.003464931733705637,-0.02701084020527562,-0.007262827456614032
0.0860833695047837,0.31606171786007475,1.9156877300051567,-0.011354160784386988,0.006625548912306385,-0.02712438181311949,-0.007196571967490968
0.4812702221362021,-0.19888268638193335,-1.1965546199574597,-0.006541458563024967,0.004636722048487052,-0.02718979639874974,-0.007150204747006098
-0.083486215773312,-0.4671342308329901,-1.1805639162174735,-0.007376320720758087,-3.462025984284859e-05,-0.027263559605957322,-0.007150550949604526
0.9398407322330969,-0.27735537760341805,-1.3449644035295967,0.002022086601572883,-0.0028081740358770293,-0.027243338739941593,-0.0071786326899632965
0.2589934156663767,-0.5191685853855192,-1.8281567617137717,0.00461202075823665,-0.007999859889732222,-0.027197218532359225,-0.007258631288860618
0.057863018242099606,0.10478428843152514,1.2017204144882578,0.005190650940657646,-0.00695201700541697,-0.027145312022952648,-0.007328151458914788
0.3741104905973297,0.018676692136415648,-0.4442654729673001,0.008931755846630944,-0.006765250084052814,-0.027055994464486338,-0.007395803959755316
0.6895115623666134,-0.12762189015396352,-0.9495676121234763,0.01582687147029708,-0.00804146898559245,-0.026897725749783368,-0.00747621864961124
-0.2577932868895095,-0.04783512054383156,-1.2372480266073398,0.013248938601401984,-0.008519820191030765,-0.02676523636376935,-0.007561416851521548
-0.14933483934239725,0.13277506832013425,1.0948134399555658,0.011755590207978011,-0.007192069507829422,-0.02664768046168957,-0.007633337546599842
0.13034624614779886,0.2491359649036393,0.3529727740762645,0.013059052669455999,-0.004700709858793029,-0.02651708993499501,-0.0076803446451877725
0.05774551574114591,-0.5350656122810713,-1.919710764796094,0.013636507826867459,-0.010051365981603742,-0.026380724856726333,-0.00778085830500381
0.13991395317457847,-0.053272733275959425,0.3227679164581972,0.015035647358613244,-0.010584093314363337,-0.0262303683831402,-0.007886699238147443
0.12437929494309909,-0.5241900297190816,-1.5286202634151533,0.016279440308044235,-0.01582599361155415,-0.02606757398005976,-0.008044959174262985
0.8235031785961089,-0.018808108827954535,-0.390503408995378,0.024514472094005323,-0.016014074699833698,-0.025822429259119706,-0.008205099921261323
-0.32061944720079355,0.29475669700709545,0.9925794595298388,0.021308277621997388,-0.013066507729762743,-0.025609346482899732,-0.00833576499855895
0.12269431762105744,0.1744284308409247,1.2718962443196449,0.022535220798207963,-0.011322223421353497,-0.02538399427491765,-0.008448987232772485
0.04760024350493625,0.3055650303495842,1.1547533904308842,0.023011223233257327,-0.008266573117857653,-0.025153882042585077,-0.008531652963951062
-0.12185906137947668,0.049674166756084534,-0.41457688416437083,0.02179263261946256,-0.007769831450296808,-0.02493595571639045,-0.00860935127845403
0.11733869141826503,0.17201894528358894,-0.07099823390420536,0.022966019533645212,-0.006049641997460919,-0.024706295521053998,-0.00866984769842864
-0.2011060780636912,0.14223349028091856,0.5353705313906767,0.0209549587530083,-0.004627307094651733,-0.024496745933523915,-0.008716120769375156
-0.11816998218820482,0.08804866984603646,-0.6151601468484339,0.019773258931126254,-0.0037468203961913684,-0.024299013344212653,-0.00875358897333707
-0.06912567216150153,0.4957104943489739,2.388745307568292,0.01908200220951124,0.0012102845472983705,-0.02410819332211754,-0.008741486127864087
0.2554960782192111,0.9560434456574352,0.7722270856471793,0.02163696299170335,0.010770719003872721,-0.023891823692200508,-0.00863377893782536
-0.3319619191989625,0.2984438381805142,-0.18906633819046384,0.018317343799713726,0.013755157385677863,-0.02370865025420337,-0.008496227363968581
0.5152753150361792,-0.34779870533974216,0.6195250614829938,0.023470096950075518,0.010277170332280441,-0.023473949284702617,-0.008393455660645777
0.16743568130153352,0.23139387024277103,-0.1691986596431235,0.02514445376309085,0.012591109034708153,-0.023222504747071708,-0.008267544570298695
0.26582937168377196,0.3154965559649043,0.10525232218948477,0.027802747479928572,0.015746074594357194,-0.02294447727227242,-0.008110083824355123
0.06207808744176391,-0.2963173617889678,0.9211945111266946,0.028423528354346212,0.012782900976467516,-0.022660241988728957,-0.007982254814590448
0.0795170049301289,0.24213598797528038,0.6120163656349737,0.029218698403647502,0.01520426085622032,-0.022368055004692484,-0.007830212206028244
-0.22775247650116737,0.4667604679996948,0.2253758642845495,0.026941173638635827,0.019871865536217267,-0.022098643268306125,-0.007631493550666071
-0.10955318036932943,0.11244933327168687,0.19329814090620215,0.025845641834942534,0.020996358868934136,-0.0218401868499567,-0.00742152996197673
0.03403029393905545,0.8275248229489587,0.14690457513523916,0.02618594477433309,0.029271607098423722,-0.021578327402213368,-0.007128813890992493
-0.9118933658824142,-0.8446351661988251,-0.580364575944337,0.01706701111550895,0.020825255436435472,-0.021407657291058278,-0.006920561336628138
0.5522570466421912,-0.2158741813449302,0.05550212624533367,0.022589581581930862,0.01866651362298617,-0.02118176147523897,-0.006733896200398277
0.1369631798290379,0.3376001586077668,0.5882602313189577,0.02395921338022124,0.022042515209063838,-0.020942169341436757,-0.006513471048307638
-0.5446819217868926,-0.279361656153811,0.03022290250229534,0.018512394162352314,0.019248898647525728,-0.020757045399813233,-0.0063209820618323805
0.48162308494233624,0.03750023904112305,0.4033222852931702,0.023328625011775676,0.01962390103793696,-0.020523759149695477,-0.006124743051453011
0.07105186856025021,-0.07925505314778365,-0.24755758203879002,0.02403914369737818,0.01883135050645912,-0.020283367712721694,-0.00593642954638842
-0.17768076459150076,-0.07742298565407799,0.11239054678397731,0.02226233605146317,0.01805712064991834,-0.020060744352207064,-0.0057558583398892365
-0.8143417239201038,-0.6950596182320897,-0.4230582065722452,0.014118918812262132,0.011106524467597443,-0.019919555164084442,-0.005644793095213262
-0.8066745640086063,0.007128327873044935,-0.28679905203192263,0.0060521731721760695,0.011177807746327892,-0.019859033432362682,-0.005533015017749983
-0.6120900097032732,-0.38998407948180364,-0.26904377107365574,-6.872692485666246e-05,0.007277966951509856,-0.01985972070161125,-0.005460235348234884
-0.086886116382147,-0.03559649892179753,-0.07114630684233003,-0.0009375880886781324,0.00692200196229188,-0.01986909658249803,-0.005391015328611966
0.33584568948647286,-0.41554717199725344,0.28375131395876985,0.0024208688061865963,0.0027665302423193457,-0.019844887894436166,-0.005363350026188772
-0.6714393049745023,-0.3603494830188449,-0.1218547461434663,-0.004293524243558427,-0.0008369645878691032,-0.01988782313687175,-0.005371719672067463
0.5167873924543527,0.10278811508903639,0.02955688472248373,0.0008743496809850999,0.00019091656302126065,-0.019879079640061897,-0.005369810506437251
-0.010103501144487709,0.1436066560823987,0.3752157770273585,0.0007733146695402227,0.0016269831238452477,-0.019871346493366495,-0.005353540675198798
-0.6431666858488442,-0.1213800789691005,-0.6326128733121551,-0.005658352188948219,0.0004131823341542427,-0.019927930015255977,-0.005349408851857256
0.8464341707071948,0.2358844974679179,0.5909490360919797,0.002805989518123729,0.0027720273088334218,-0.01989987012007474,-0.0053216885787689214
0.032338470150240294,0.05754273936003661,0.330303077016677,0.003129374219626132,0.003347454702433788,-0.019868576377878477,-0.005288214031744584
-0.400041561405417,-0.5436093615936523,-0.13097911483805624,-0.0008710413944280388,-0.0020886389135027347,-0.019877286791822758,-0.005309100420879611
0.8374777623635615,0.3754822927101549,0.8415169661690379,0.007503736229207577,0.0016661840135988142,-0.019802249429530683,-0.005292438580743623
-0.5939236667842223,0.3178199887443351,0.3585792001264652,0.001564499561365354,0.004844383901042165,-0.01978660443391703,-0.005243994741733202
-0.18250612039832156,-0.07867536329655911,-0.016433355607110973,-0.0002605616426178618,0.004057630268076574,-0.01978921005034321,-0.005203418439052436
0.7527528293537196,-0.1174801506132601,0.44886134310350073,0.007266966650919334,0.0028828287619439737,-0.019716540383834018,-0.005174590151432997
-0.8007365885634242,-0.4445244107490654,-0.6796248904877094,-0.0007403992347149082,-0.00156241534554668,-0.019723944376181166,-0.005190214304888464
-0.6129445535531245,0.2712383515001144,-0.35825621193731644,-0.006869844770246153,0.0011499681694544638,-0.019792642823883627,-0.005178714623193919
0.43353683763021295,0.026245034670939173,0.5706509321536262,-0.002534476393944024,0.0014124185161638555,-0.019817987587823067,-0.005164590438032281
0.06840322860907909,-0.40263546600808736,-0.17833655498454376,-0.001850444107853233,-0.0026139361439170184,-0.0198364920289016,-0.005190729799471451
0.002579214277805716,0.07342583525688563,-0.5491939095218134,-0.0018246519650751759,-0.001879677791348162,-0.019854738548552353,-0.005209526577384932
0.09730711159069196,-0.18944679567315176,-0.5370089596293905,-0.0008515808491682563,-0.0037741457480796794,-0.019863254357044037,-0.0052472680348657295
0.13733946872504765,-0.12249921728603039,0.10613012344988033,0.0005218138380822203,-0.004999137920939983,-0.019858036218663215,-0.0052972594140751296
0.10006730480653081,0.26401566521644926,-0.09507147579327183,0.0015224868861475284,-0.0023589812687754906,-0.019842811349801738,-0.005320849226762884
-0.011694918860212128,0.026182829083085377,-0.06756434261557956,0.0014055376975454072,-0.002097152977944637,-0.019828755972826285,-0.005341820756542331
0.27011828175625235,-0.7761168428845656,0.27455067708381686,0.004106720515107931,-0.009858321406790292,-0.019787688767675206,-0.0054404039706102345
0.03795978783392078,-0.0336669933934539,-0.5983706902466182,0.004486318393447138,-0.01019499134072483,-0.019742825583740735,-0.005542353884017482
-0.0623062742336767,0.478817419588922,0.9732265771433267,0.0038632556511103712,-0.005406817144835611,-0.01970419302722963,-0.005596422055465839
0.055315154022980054,0.12201529129716944,-0.559965355326346,0.004416407191340172,-0.004186664231863917,-0.01966002895531623,-0.005638288697784478
0.15777244913551539,-0.3583745052512398,-0.3025313186985903,0.005994131682695325,-0.007770409284376315,-0.019600087638489274,-0.005715992790628241
-0.32038461566344706,-0.24186171592034791,0.13197227079710072,0.0027902855260608546,-0.010189026443579795,-0.019572184783228665,-0.0058178830550640395
-0.10815782785235374,-0.07851315658564129,-0.6705040066363329,0.001708707247537317,-0.010974158009436208,-0.019555097710753293,-0.005927624635158402
-0.2456839304601206,-0.05540734988082706,0.6514840118820168,-0.0007481320570638889,-0.01152823150824448,-0.019562579031323933,-0.006042906950240847
-0.5093768723079881,0.2826444323546196,1.3396394011671313,-0.00584190078014377,-0.008701787184698283,-0.01962099803912537,-0.006129924822087829
0.007427253267658477,0.2984098756139467,1.1189259290987716,-0.005767628247467185,-0.005717688428558816,-0.019678674321600042,-0.006187101706373418
-0.519880938642008,-0.2703977409817655,-1.295361114123935,-0.010966437633887265,-0.00842166583837647,-0.019788338697938914,-0.0062713183647571825
0.026760901425131576,0.16638307153063248,1.6893152948544734,-0.010698828619635949,-0.006757835123070146,-0.019895326984135275,-0.006338896715987884
-0.3542479413611659,0.032805712000610346,-0.12968618417200098,-0.014241308033247607,-0.006429778003064043,-0.020037740064467752,-0.006403194496018524
0.5946846012374456,-0.19296314423804076,-0.9351104236287802,-0.008294462020873151,-0.00835940944544445,-0.020120684684676485,-0.0064867885904729685
-0.2729191944259404,0.33904471763729305,0.7576910892116879,-0.011023653965132555,-0.00496896226907152,-0.020230921224327812,-0.006536478213163684
0.5393206554496986,-0.19156468072388802,-0.7329379013673928,-0.005630447410635568,-0.0068846090763104,-0.020287225698434167,-0.0066053243039267875
-0.38663853738466475,-0.04716452150514994,-0.30011306600308335,-0.009496832784482215,-0.0073562542913618995,-0.02038219402627899,-0.006678886846840406
-0.08938511982153051,0.37347747544914933,1.869913462624369,-0.01039068398269752,-0.003621479536870406,-0.020486100866105965,-0.00671510164220911
0.5049422010177157,-0.057870078889753575,-0.3498630777159077,-0.005341261972520363,-0.004200180325767942,-0.02053951348583117,-0.00675710344546679
-0.1819093652232243,0.005397143779049357,-0.20600588350823293,-0.007160355624752606,-0.004146208887977448,-0.020611117042078696,-0.006798565534346564
-0.0013902853300374173,-0.06066646817792021,0.665465643095872,-0.00717425847805298,-0.00475287356975665,-0.020682859626859226,-0.006846094270044131
-0.6388486181781339,0.25345775309010454,1.3999451082488432,-0.013562744659834319,-0.0022182960388556047,-0.02081848707345757,-0.006868277230432687
-0.06572461711610593,-0.047565843729915326,0.1318572458485999,-0.014219990830995378,-0.002693954476154758,-0.020960686981767524,-0.006895216775194234
0.3382329901227741,0.22827630593667506,0.28253400785973776,-0.010837660929767637,-0.00041119141678800774,-0.0210690635910652,-0.006899328689362115
0.010358178678507645,0.1315822649875639,0.4553769507513229,-0.01073407914298256,0.0009046312330876312,-0.021176404382495025,-0.006890282377031239
0.39970470325316243,-0.2518582895497063,-1.6914499657238438,-0.006737032110450936,-0.0016139516624094317,-0.021243774703599533,-0.006906421893655333
-0.6121545361273215,-0.042518297167010013,-0.26323679127965327,-0.012858577471724152,-0.0020391346340795317,-0.021372360478316775,-0.006926813239996128
-0.10092050235605407,-0.1750474528242924,-1.4056532770780823,-0.013867782495284694,-0.003789609162322456,-0.02151103830326962,-0.006964709331619353
0.28545583878684666,0.2564335723256275,1.1673586916104055,-0.011013224107416227,-0.0012252734390661808,-0.021621170544343784,-0.006976962066010015
-0.4791279977585108,0.07875563796993972,-0.06545475754500657,-0.015804504085001336,-0.00043771705936678364,-0.021779215585193797,-0.006981339236603682
0.5659903531684749,-0.08516318730510417,-0.6276831026064258,-0.010144600553316587,-0.0012893489324178253,-0.021880661590726963,-0.006994232725927861
-0.40386663920506605,0.2069825118297093,0.6389508480336912,-0.014183266945367248,0.0007804761858792677,-0.022022494260180634,-0.006986427964069068
0.23737428339201952,0.11487645598779278,0.344731789808315,-0.011809524111447053,0.0019292407457571956,-0.022140589501295105,-0.006967135556611497
-0.15341071579314874,-0.2124351345699245,-0.563080869759855,-0.01334363126937854,-0.00019511059994204924,-0.02227402581398889,-0.006969086662610917
0.3113009422094453,0.0648088210934615,0.2698982486959322,-0.010230621847284087,0.0004529776109925658,-0.02237633203246173,-0.006964556886500991
0.18389669771108563,0.636467242211948,-0.3195929292334186,-0.00839165487017323,0.006817650033112045,-0.022460248581163463,-0.00689638038616987
0.5648579298587931,-0.11887562156466012,0.5730489804148621,-0.0027430755715852993,0.005628893817465444,-0.022487679336879316,-0.006840091447995216
-0.29642545962163735,-0.09100921337361716,0.15235153581274008,-0.005707330167801673,0.004718801683729272,-0.022544752638557333,-0.006792903431157923
0.041307312912123265,-0.013076690794842463,-0.2549220020281076,-0.00529425703868044,0.004588034775780847,-0.022597695208944137,-0.0067470230834001145
0.33978713688404666,0.03574945165728235,-1.3698804726346538,-0.0018963856698399734,0.0049455292923536705,-0.022616659065642537,-0.006697567790476578
0.5703456307819639,0.5240679950676739,1.2873119525183185,0.0038070706379796653,0.01018620924303041,-0.02257858835926274,-0.006595705698046274
0.1069926453177081,0.29756207175951777,0.9866910279558696,0.004876997091156746,0.013161829960625588,-0.022529818388351174,-0.006464087398440018
0.16042296370025177,-0.1772985610504311,-0.006874021535242443,0.006481226728159264,0.011388844350121276,-0.02246500612106958,-0.006350198954938806
0.16723268828711374,0.10980559219897765,-0.5113307338996265,0.0081535536110304,0.012486900272111053,-0.022383470584959278,-0.006225329952217695
0.13070915554277868,0.2123798054163424,1.476981600236331,0.009460645166458188,0.014610698326274478,-0.022288864133294697,-0.006079222968954951
-0.2548675821637904,-0.11635225831754026,-1.1956305347632872,0.006911969344820284,0.013447175743099076,-0.022219744439846492,-0.00594475121152396
0.1341303145326314,-0.09061091242298011,0.15303186621328974,0.008253272490146598,0.012541066618869275,-0.022137211714945027,-0.005819340545335267
0.26447293743642325,-0.5864232630386818,-0.3345766137745035,0.01089800186451083,0.006676833988482457,-0.02202823169629992,-0.005752572205450442
-0.011894887609735283,-0.20111656897901886,-0.2118372631862686,0.010779052988413477,0.004665668298692268,-0.021920441166415786,-0.005705915522463519
-0.35141780603805606,-0.17032861323018236,-0.0018025410500055574,0.007264874928032916,0.0029623821663904448,-0.021847792417135456,-0.0056762917007996145
0.09692682583193712,0.03618659371572442,-0.09551667797226052,0.008234143186352287,0.003324248103547689,-0.021765450985271932,-0.005643049219764137
-0.16362909197686737,-0.24765423594781416,-0.06283515915025713,0.006597852266583613,0.0008477057440695471,-0.021699472462606097,-0.005634572162323442
-0.32069977923710996,0.046991029488975336,-0.521060278576517,0.0033908544742125134,0.0013176160389593004,-0.02166556391786397,-0.005621396001933849
0.735083949298787,0.24134745157793544,0.25224699742561973,0.010741693967200382,0.0037310905547386546,-0.02155814697819197,-0.005584085096386462
0.8733671684885329,0.6470407637561609,0.6388907874248562,0.019475365652085713,0.010201498192300264,-0.02136339332167111,-0.00548207011446346
0.014041617280781233,-0.14245293425558864,-0.6485171318854358,0.019615781824893527,0.008776968849744379,-0.021167235503422175,-0.005394300425966016
0.6762303020934768,-0.4234603889958038,0.14512925268464166,0.026378084845828296,0.004542364959786341,-0.02090345465496389,-0.005348876776368153
-0.7449220703731443,-0.04956023816342414,-0.42932923397439665,0.018928864142096852,0.0040467625781521,-0.020714166013542923,-0.005308409150586632
0.347696411451835,0.19446702402014188,0.004889643950376602,0.0224058282566152,0.005991432818353518,-0.02049010773097677,-0.005248494822403096
-0.3775377060365302,-0.0966950742296483,-0.7785754906372492,0.018630451196249898,0.005024482076057035,-0.02030380321901427,-0.005198250001642526
-0.5880202048051272,-0.5690357646332495,0.025456517468344386,0.012750249148198625,-0.0006658755702754595,-0.020176300727532286,-0.0052049087573452805
-1.0155865624949112,-0.6781070911854735,-0.9800720179158016,0.0025943835232495136,-0.007446946482130195,-0.02015035689229979,-0.005279378222166582
0.6528964355488823,0.23146112305119404,0.6438351722207667,0.009123347878738336,-0.005132335251618254,-0.020059123413512406,-0.005330701574682765
0.03193192664219118,0.4847782552706188,-0.06381315354104031,0.009442667145160248,-0.0002845526989120658,-0.019964696742060806,-0.0053335471016718854
-0.8036756321157246,-0.35964071639337764,-0.4257393549784396,0.0014059108240030028,-0.0038809598628458423,-0.019950637633820777,-0.005372356700300344
0.7481664909635461,0.1631863505601587,0.2793973642464021,0.008887575733638464,-0.0022490963572442554,-0.019861761876484394,-0.005394847663872786
0.6495672103837034,0.22429727774105437,0.7390949405888143,0.015383247837475498,-6.123579833711666e-06,-0.019707929398109638,-0.0053949088996711235
0.11178222316160827,-0.33187481835416194,-0.382523443431939,0.01650107006909158,-0.003324871763375331,-0.019542918697418723,-0.005428157617304877
0.6453939473395286,0.6090290193264668,0.716926765464072,0.022955009542486866,0.002765418429889337,-0.019313368601993855,-0.005400503433005984
-0.9702566802152134,0.15753958323277636,-0.6815482810912039,0.013252442740334732,0.004340814262217101,-0.019180844174590508,-0.005357095290383813
-0.1946001090639201,-0.03361803032944231,-0.1282345812849937,0.01130644164969553,0.004004633958922678,-0.019067779758093553,-0.005317048950794586
-0.783411332233219,-0.4680112138191806,-0.7007765273962314,0.0034723283273633398,-0.0006754781792691284,-0.01903305647481992,-0.0053238037325872775
-0.9571603822126193,-0.5156327645264362,-0.38330416076466123,-0.0060992754947628534,-0.005831805824533491,-0.019094049229767547,-0.005382121790832612
0.9125547137330586,-0.2867651481382468,0.3090128993467304,0.003026271642567732,-0.008699457305915958,-0.019063786513341868,-0.005469116363891772
-0.04409238168770889,-0.03328319647272451,-0.09587536200979735,0.0025853478256906435,-0.009032289270643203,-0.019037933035084963,-0.005559439256598204
-0.7490191106966354,-0.05977622233066302,-0.4383489293676979,-0.004904843281275711,-0.009630051493949833,-0.01908698146789772,-0.0056557397715377026
-1.1922849203433894,0.14790044768688484,-0.32056147040378485,-0.016827692484709604,-0.008151047017080984,-0.019255258392744817,-0.005737250241708513
-0.6664647612711376,-0.02834759257251851,0.2661777293520709,-0.02349234009742098,-0.00843452294280617,-0.019490181793719027,-0.005821595471136575
-0.09195573421689178,-0.2117168836200504,-0.057561313711941384,-0.024411897439589898,-0.010551691779006674,-0.019734300768114926,-0.005927112388926642
0.5561268029311971,-0.10038423955504694,0.22321141536412492,-0.018850629410277927,-0.011555534174557142,-0.019922807062217704,-0.0060426677306722135
-0.7006754371908752,0.0630496894660868,0.17685177567235805,-0.02585738378218668,-0.010925037279896275,-0.02018138090003957,-0.006151918103471176
-0.10173399731294733,-0.08972679047287711,-0.1905876295675913,-0.026874723755316153,-0.011822305184625046,-0.02045012813759273,-0.006270141155317426
0.1575830294239109,-0.07765843448599988,0.9643740441640024,-0.025298893461077044,-0.012598889529485045,-0.0207031170722035,-0.006396130050612276
-0.14314568123146412,0.4641528595950255,0.12734938282578662,-0.026730350273391684,-0.00795736093353479,-0.020970420574937417,-0.0064757036599476245
0.07266836207364001,-0.23770227859983217,0.3161882465535661,-0.026003666652655286,-0.010334383719533111,-0.02123045724146397,-0.0065790474971429555
0.30157451152050047,0.4980523550463111,-0.16969541548961703,-0.02298792153745028,-0.0053538601690699995,-0.021460336456838473,-0.006632586098833656
0.08517328589144729,-0.0017368973287556428,-0.2550444763822695,-0.02213618867853581,-0.005371229142357556,-0.02168169834362383,-0.006686298390257231
-0.11933557670716416,0.4888087498033112,0.24362197458286294,-0.02332954444560745,-0.0004831416443244448,-0.021914993788079904,-0.006691129806700476
0.40697141005716037,-0.044382448426642275,-0.1768273427223927,-0.019259830345035846,-0.0009269661285908675,-0.02210759209153026,-0.006700399467986385
-0.041968907489189015,-0.12361748588754104,-0.44086794104695365,-0.019679519419927734,-0.002163140987466278,-0.02230438728572954,-0.006722030877861048
0.24447302984505986,-0.11867404258548869,-0.29217741764419053,-0.017234789121477134,-0.003349881413321165,-0.02247673517694431,-0.006755529691994259
-0.03690969393917757,-0.15764663892027161,0.09467767850900909,-0.01760388606086891,-0.004926347802523881,-0.022652774037553,-0.006804793170019498
0.08828964850684366,0.0014510499238574674,0.15484042686637517,-0.016720989575800472,-0.004911837303285306,-0.022819983933311003,-0.006853911543052351
-0.13710464630356303,0.029917560557869836,-0.2995529405617169,-0.018092036038836103,-0.004612661697706608,-0.023000904293699366,-0.0069000381600294175
0.6064443272830701,0.18103344212344544,1.9147820822993513,-0.012027592766005402,-0.0028023272764721536,-0.02312118022135942,-0.006928061432794139
0.0040957455481192865,0.014777179497367808,1.3423396641716328,-0.01198663531052421,-0.0026545554814984755,-0.02324104657446466,-0.006954606987609124
-0.15410948966359964,0.24945405643945978,1.198443694054901,-0.013527730207160206,-0.00016001491710387764,-0.023376323876536265,-0.0069562071367801626
-0.21786599305262846,-0.11522871041184102,0.09379899676642986,-0.01570639013768649,-0.0013123020212222878,-0.02353338777791313,-0.006969330156992385
0.365969791575433,-0.372213458274815,-2.102954727698361,-0.012046692221932161,-0.005034436603970438,-0.02365385470013245,-0.00701967452303209
-0.5148782087419547,0.39326133950957504,1.329987410700969,-0.017195474309351706,-0.0011018232088746875,-0.023825809443225966,-0.007030692755120836
0.0649511139710994,-0.35962529419760436,0.5241901410893103,-0.01654596316964071,-0.004698076150850731,-0.023991269074922373,-0.007077673516629344
0.4867074520499886,0.00451520508979934,-0.7162378890747252,-0.011678888649140826,-0.004652924099952738,-0.02410805796141378,-0.007124202757628872
0.43196531330885785,0.46198078840253304,1.665698876073669,-0.007359235516052248,-3.31162159274076e-05,-0.024181650316574304,-0.0071245339197881456
0.24250820394134429,-0.1327472158333715,-0.8381456912323508,-0.004934153476638805,-0.0013605883742611228,-0.024230991851340693,-0.007138139803530757
-0.12607343432828264,0.17973330191134507,1.3394297985547876,-0.006194887819921631,0.000436744644852328,-0.02429294072953991,-0.007133772357082234
-0.833976280453254,0.35634057351888304,2.104713102828838,-0.014534650624454172,0.004000150380041158,-0.02443828723578445,-0.007093770853281822
0.7892864421835051,-0.011415438041351958,-0.13984875979723974,-0.006641786202619121,0.0038859959996276386,-0.024504705097810643,-0.0070549108932855455
0.09326395055613028,0.06325144071351185,-0.0815938943116205,-0.005709146697057819,0.004518510406762757,-0.024561796564781222,-0.007009725789217918
-0.5693563511696652,-0.09769724599130239,0.18696750151045838,-0.011402710208754472,0.003541537946849733,-0.024675823666868768,-0.006974310409749421
0.03562521563891048,0.3903443893607995,1.1444081255190044,-0.011046458052365368,0.007444981840457728,-0.024786288247392423,-0.006899860591344844
0.04643289041422136,-0.520013826151522,-1.915401077258138,-0.010582129148223153,0.0022448435789425084,-0.024892109538874656,-0.006877412155555419
0.03880229443955136,0.4969693224805066,1.6410637310305638,-0.01019410620382764,0.007214536803747574,-0.02499405060091293,-0.006805266787517943
-0.5365125628306097,0.10316205922270541,0.4867907738138088,-0.015559231832133737,0.008246157395974629,-0.02514964291923427,-0.006722805213558197
0.027767472008789183,0.08852681354329747,1.0213928191331034,-0.015281557112045844,0.009131425531407604,-0.025302458490354725,-0.0066314909582441215
-0.4857265585519799,0.0785879778921187,0.8526118384418703,-0.020138822697565645,0.009917305310328792,-0.025503846717330383,-0.006532317905140834
0.33356555047067976,-0.3914615746462196,-0.949370959537835,-0.016803167192858848,0.006002689563866595,-0.02567187838925897,-0.006472291009502168
-0.32325619107200737,-0.03798404061402306,0.31390112947719395,-0.020035729103578922,0.005622849157726364,-0.025872235680294762,-0.0064160625179249045
0.4346567726878158,-0.1392535239862669,-1.1343698490472585,-0.015689161376700764,0.004230313917863695,-0.02602912729406177,-0.0063737593787462675
-0.09450861335628295,0.33151079824765395,0.7863069719735711,-0.016634247510263593,0.007545421900340235,-0.026195469769164405,-0.006298305159742865
-0.5463315745464867,0.3055049392349126,1.2260366933865565,-0.02209756325572846,0.01060047129268936,-0.02641644540172169,-0.006192300446815972
0.3903368489340963,-0.03639731481559474,0.12649330650626234,-0.018194194766387495,0.010236498144533413,-0.026598387349385567,-0.006089935465370637
-0.2145598960968033,-0.53875347123888,-1.8946712726651718,-0.02033979372735553,0.004848963432144614,-0.02680178528665912,-0.006041445831049192
-0.03319940302287331,0.12048105946379797,0.9768411431370709,-0.020671787757584263,0.006053774026782593,-0.027008503164234966,-0.005980908090781366
0.22981039590594335,0.5507680131953919,1.7550064532766911,-0.01837368379852483,0.011561454158736512,-0.027192240002220213,-0.005865293549194001
0.2640009858258334,-0.17921987546257728,-1.1524506715451601,-0.015733673940266497,0.009769255404110739,-0.027349576741622878,-0.005767600995152894
0.28158859115428403,0.049382145747463184,0.5917390283953294,-0.012917788028723657,0.01026307686158537,-0.027478754621910115,-0.00566497022653704
0.10813723387649343,0.23279205561547267,1.3267562743616084,-0.011836415689958722,0.012590997417740097,-0.0275971187788097,-0.005539060252359639
-0.3630423816571909,0.21466199908995193,0.5099861809458759,-0.01546683950653063,0.014737617408639617,-0.027751787173875008,-0.005391684078273244
-0.18874908721605255,0.04853130805767909,0.7530111254182951,-0.017354330378691156,0.015222930489216408,-0.02792533047766192,-0.00523945477338108
-0.3699465032654918,0.02318233062577247,-0.20457360935854227,-0.021053795411346075,0.015454753795474133,-0.02813586843177538,-0.005084907235426339
0.01072862122066069,-0.3283277545989166,-0.9244190131763502,-0.020946509199139467,0.012171476249484966,-0.028345333523766777,-0.004963192472931489
0.0413956231219348,0.06538911448172732,0.4357701844371404,-0.020532552967920118,0.01282536739430224,-0.02855065905344598,-0.004834938798988467
0.30643707128856335,0.3836646603121996,2.10088734313402,-0.017468182255034485,0.016662013997424237,-0.028725340875996323,-0.0046683186590142246
-0.3043725446784772,-0.49725626809552154,0.3997838247819937,-0.02051190770181926,0.011689451316469021,-0.028930459953014517,-0.004551424145849534
0.3053751619210498,-0.3313901816989395,0.1518305535467753,-0.01745815608260876,0.008375549499479626,-0.029105041513840604,-0.0044676686508547375
0.3272643282718547,0.5477297401382467,-0.5398999618724654,-0.014185512799890212,0.013852846900862092,-0.029246896641839507,-0.004329140181846117
-0.19682045065848788,-0.5133140302439918,-0.09509583380654683,-0.01615371730647509,0.008719706598422174,-0.029408433814904256,-0.004241943115861895
-0.283077559049424,0.3826720895149157,0.15749205399691646,-0.01898449289696933,0.01254642749357133,-0.02959827874387395,-0.004116478840926182
-0.055917680926283714,0.06317280982619973,0.44993091242676314,-0.01954366970623217,0.013178155591833328,-0.029793715440936272,-0.003984697285007849
-0.4645192287526362,-0.020345970257724895,0.18511019133421774,-0.024188861993758533,0.012974695889256078,-0.03003560406087386,-0.0038549503261152878
0.36826882148006407,-0.6184037140709544,-0.17274427885728283,-0.020506173778957894,0.006790658748546534,-0.030240665798663437,-0.0037870437386298226
-0.4225001652537424,-0.10235912640329596,-0.204347038323218,-0.02473117543149532,0.005767067484513575,-0.03048797755297839,-0.003729373063784687
0.4487580262591898,0.20721527734431985,0.6870837597053164,-0.020243595168903422,0.007839220257956773,-0.030690413504667426,-0.0036509808612051192
-0.5165861731090869,-0.02287312520088504,-0.2940885137973914,-0.02540945689999429,0.0076104890059479225,-0.03094450807366737,-0.00357487597114564
0.4408313382420997,-0.09613984647043566,-0.16701547056858249,-0.021001143517573293,0.0066490905412435655,-0.0311545195088431,-0.003508385065733204
-0.09675334885334558,0.1140509824057374,-0.19445605915178185,-0.02196867700610675,0.0077896003653009395,-0.03137420627890417,-0.003430489062080195
-0.358294258254429,-0.6081609427884337,-0.4598306561762738,-0.02555161958865104,0.0017079909374166022,-0.031629722474790685,-0.003413409152706029
0.6752734679865111,0.4757092122005035,-0.17788230872224045,-0.018798884908785927,0.006465083059421637,-0.03181771132387855,-0.0033487583221118123
-0.20572375252771807,-0.4128575022940414,0.01027336782311634,-0.020856122434063106,0.0023365080364812227,-0.03202627254821918,-0.0033253932417470003
0.041562100051819595,0.5304901310377661,0.029243224907116845,-0.02044050143354491,0.007641409346858884,-0.03223067756255463,-0.0032489791482784116
0.6241377567604487,-0.3846341040366217,0.7022145086974594,-0.014199123865940425,0.0037950683064926667,-0.03237266880121403,-0.003211028465213485
-0.8807276234608074,-0.32711572301884495,-0.6020577512674467,-0.023006400100548496,0.000523911076304217,-0.032602732802219515,-0.0032057893544504426
-0.6340132528679943,-0.35194373553124286,0.008070710043304752,-0.02934653262922844,-0.0029955262790082116,-0.0328961981285118,-0.003235744617240525
-0.040869654192477345,0.14217874008026246,-0.2418888511072257,-0.02975522917115321,-0.001573738878205587,-0.03319375042022333,-0.003251482006022581
-0.3629304037034258,0.41217816010315095,-0.058978483285452056,-0.03338453320818747,0.0025480427228259227,-0.033527595752305205,-0.0032260015787943215
0.5713066639276113,0.1465655996087587,0.01995448358721289,-0.027671466568911354,0.00401369871891351,-0.03380431041799432,-0.0031858645916051863
-0.5899242750454567,-0.29435167454398414,-0.06973972817749302,-0.03357070931936592,0.0010701819734736683,-0.034140017511187976,-0.0031751627718704495
-0.1378332668452583,-0.3610031567016099,-0.6842802474359053,-0.0349490419878185,-0.0025398495935424303,-0.03448950793106616,-0.003200561267805874
0.6359879702952012,0.2860144288694591,0.24565882656119511,-0.02858916228486649,0.0003202946951521607,-0.03477539955391482,-0.0031973583208543526
-0.7786830077165484,-0.24289313440512708,-0.05136953329537045,-0.03637599236203197,-0.00210863664889911,-0.03513915947753514,-0.0032184446873433437
0.0692781635171435,-0.11917707545647366,0.5186967170319368,-0.03568321072686054,-0.0033004074034638465,-0.035495991584803745,-0.003251448761377982
-0.6947429527962768,-0.1542046707627985,-0.3227504125202119,-0.042630640254823306,-0.004842454111091831,-0.03592229798735198,-0.0032998733024889003
0.7048843051880065,-0.16088994409765778,-0.023352866512733914,-0.035581797202943244,-0.006451353552068409,-0.03627811595938141,-0.0033643868380095845
-0.6212858386191198,-0.15680517549462122,-0.45069453376229657,-0.04179465558913444,-0.008019405307014622,-0.03669606251527275,-0.003444580891079731
0.00320043991906612,0.07108605673243304,-0.4053888049273223,-0.04176265118994378,-0.007308544739690292,-0.037113689027172186,-0.003517666338476634
0.5847313399144884,0.4977672684330511,0.36190055717842323,-0.0359153377907989,-0.0023308720553597813,-0.03747284240508018,-0.0035409750590302317
0.7801661636636302,0.1360149107859922,0.14850850263657503,-0.028113676154162597,-0.0009707229474998592,-0.0377539791666218,-0.0035506822885052304
-0.4905872772030824,0.20801845953398945,-0.07679419331520566,-0.03301954892619342,0.0011094616478400355,-0.038084174655883735,-0.00353958767202683
-0.12069888493635467,0.10623959448783091,-0.2842832488488917,-0.03422653777555697,0.0021718575927183446,-0.038426440033639306,-0.0035178690960996463
-0.0440044842039216,-0.3190528647232777,-0.585584950034517,-0.034666582617596184,-0.0010186710545144325,-0.03877310585981527,-0.0035280558066447905
0.08279002638126189,-0.37410606609658964,-0.8296393002046557,-0.03383868235378357,-0.004759731715480329,-0.03911149268335311,-0.0035756531237995937
-0.09428063905247583,0.11096089548424506,-0.3682608785856733,-0.03478148874430832,-0.0036501227606378786,-0.039459307570796194,-0.0036121543514059723
0.21177139152660407,-0.31153065239703975,-0.1820815782911734,-0.03266377482904228,-0.006765429284608276,-0.039785945319086614,-0.003679808644252055
-0.15101867299464417,0.03425113117509727,-0.0825511543039917,-0.03417396155898872,-0.006422917972857304,-0.0401276849346765,-0.003744037823980628
-0.07016725028616774,0.00321926152376591,-0.5672065724103461,-0.034875634061850395,-0.006390725357619645,-0.040476441275295004,-0.0038079450775568243
-0.14756385948735792,0.08640794991317614,-0.3801469873214633,-0.03635127265672398,-0.005526645858487883,-0.040839954001862244,-0.003863211536141703
-0.028718727280140424,-0.15230852486213475,-0.029373652742992522,-0.036638459929525385,-0.007049731107109231,-0.0412063386011575,-0.003933708847212796
0.01418610129695579,-0.0237254152077516,0.009403226518469261,-0.03649659891655583,-0.007286985259186747,-0.04157130459032306,-0.004006578699804663
0.0321114349476768,-0.1127253135338369,0.016708943707758113,-0.03617548456707906,-0.008414238394525115,-0.04193305943599385,-0.004090721083749914