-0.000618743896484375,-0.0007411003112792969,-2.240893332372382e-06,-2.684029298068092e-06,-0.000618743896484375,-0.0007411003112792969
0.06644287109375,-0.010375213623046876,0.00023206866646945478,-4.783594456882779e-05,0.06582412719726562,-0.011116313934326173
0.000151824951171875,0.0588104248046875,0.0009044452198160675,5.0213846990322e-05,0.06597595214843749,0.04769411087036132
-0.010211944580078125,-0.00024509429931640625,0.0016589943132373289,0.0005190937830625685,0.055764007568359364,0.047449016571044916
0.001119232177734375,-0.00058135986328125,0.0021972901153448706,0.001113223313893195,0.05688323974609374,0.04686765670776367
0.230157470703125,0.0002170562744140625,0.0034207895950718495,0.0015901781490450483,0.28704071044921875,0.04708471298217773
-0.0001617431640625,-0.00032196044921875,0.006066106702646878,0.0019647401891963096,0.28687896728515627,0.04676275253295898
-0.31429595947265626,-0.0431732177734375,0.007886945246886557,0.0020919483911003185,-0.02741699218749999,0.003589534759521479
-0.0003265380859375,0.00022497177124023438,0.007018733718329157,0.0018550687287484085,-0.02774353027343749,0.0038145065307617133
0.000180816650390625,0.0002044677734375,0.00505021424433035,0.0014758939739923191,-0.027562713623046867,0.004018974304199213
-1.1444091796875e-05,0.000988006591796875,0.003329130447093057,0.001142949010622943,-0.02757415771484374,0.005006980895996088
0.0005291938781738281,-0.18037033081054688,0.0018425310092631368,0.00020230912183248834,-0.027044963836669912,-0.1753633499145508
0.000571441650390625,-0.13043060302734374,0.0005771462713358398,-0.002363395774960986,-0.026473522186279286,-0.30579395294189454
0.000728607177734375,0.00016298294067382813,-0.00048187705880773166,-0.006074528798496551,-0.02574491500854491,-0.3056309700012207
-1.8310546875e-05,0.00050811767578125,-0.0013542103071231457,-0.009562778555489511,-0.025763225555419912,-0.30512285232543945
0.00037384033203125,-0.13216705322265626,-0.0020610335388178327,-0.012818940114187233,-0.025389385223388662,-0.4372899055480957
0.0007127761840820312,-0.17636985778808595,-0.0026176923561962405,-0.016953483511270146,-0.02467660903930663,-0.6136597633361817
0.017592620849609376,0.06715621948242187,-0.002975563415031924,-0.02168220635055456,-0.007083988189697254,-0.5465035438537598
0.060687255859375,0.04866628646850586,-0.0028822592264096747,-0.025302966947922605,0.05360326766967774,-0.4978372573852539
0.039304351806640624,0.05373992919921875,-0.0021167496322638873,-0.027177289205844578,0.09290761947631837,-0.44409732818603515
0.046569538116455075,0.052167510986328124,-0.0007720686372434823,-0.027598281748235903,0.13947715759277346,-0.39192981719970704
0.088299560546875,0.088653564453125,0.001164319166740898,-0.02665734812839118,0.22777671813964845,-0.30327625274658204
0.0541015625,0.05940399169921875,0.003772744769745931,-0.024437211666898925,0.2818782806396484,-0.2438722610473633
0.08810043334960938,0.061492538452148436,0.0069325579580740765,-0.021250472924240836,0.3699787139892578,-0.18237972259521484
0.05763702392578125,0.05551223754882813,0.010520290507508953,-0.017413141178778613,0.42761573791503904,-0.12686748504638673
0.05774078369140625,0.08180389404296876,0.014317146128986071,-0.01302726871571067,0.48535652160644527,-0.045063591003417974
0.05511016845703125,-0.003850555419921875,0.018114967294245728,-0.008387136830684757,0.5404666900634765,-0.04891414642333985
0.08842926025390625,-0.13956832885742188,0.021960571222744366,-0.0046180967600024546,0.6288959503173828,-0.18848247528076173
0.09625015258789063,0.07274436950683594,0.026050607601565582,-0.0021572570877124234,0.7251461029052734,-0.11573810577392579
0.06095046997070312,-0.13829498291015624,0.030335503599404078,-0.000545254218107657,0.7860965728759765,-0.25403308868408203
0.05261688232421875,0.05227928161621094,0.034463913145168425,0.00026325903436319345,0.8387134552001952,-0.2017538070678711
0.064813232421875,0.014306259155273438,0.03825747185345048,0.00086594787941926,0.9035266876220702,-0.18744754791259766
0.07446727752685547,0.03344268798828125,0.04180886820665156,0.0017720462736064747,0.9779939651489257,-0.1540048599243164
0.23608798980712892,-0.13394432067871093,0.045805520368650966,0.002313890648413722,1.2140819549560546,-0.2879491806030273
0.07756576538085938,0.07510547637939453,0.050748558477845755,0.0021569116567892593,1.291647720336914,-0.2128437042236328
0.05364837646484375,0.06684417724609375,0.05576276865900104,0.0022952460188890304,1.3452960968017578,-0.14599952697753904
0.07944869995117188,0.01048736572265625,0.06011000451767794,0.0031719730645386555,1.4247447967529296,-0.1355121612548828
-0.0005279541015625,0.1078521728515625,0.06364649447108349,0.004568659694491922,1.424216842651367,-0.027659988403320304
0.0416473388671875,-0.32388763427734374,0.06611989676196098,0.005317931674313846,1.4658641815185545,-0.35154762268066403
-0.2339447021484375,-0.16451873779296874,0.06668520445431676,0.0033169050415357256,1.231919479370117,-0.5160663604736327
0.212042236328125,0.042127227783203124,0.06541665583094716,-0.0006184842326905377,1.4439617156982418,-0.47393913269042964
0.05404319763183594,0.09749641418457031,0.06429132996894225,-0.003841750818196153,1.4980049133300777,-0.3764427185058593
0.05239791870117187,0.03155364990234375,0.06376702944132928,-0.005511505474229581,1.5504028320312495,-0.34488906860351554
0.042288589477539065,-0.0456390380859375,0.06313273937254517,-0.00641318432278948,1.5926914215087886,-0.39052810668945304
0.1941192626953125,0.07057418823242187,0.06288625498927815,-0.007035852883332401,1.7868106842041012,-0.31995391845703114
0.2575714111328125,0.07865524291992188,0.0642609605494022,-0.006824444459070392,2.0443820953369136,-0.24129867553710926
0.0473480224609375,0.0666534423828125,0.06722110872846235,-0.005481870096161744,2.091730117797851,-0.17464523315429675
0.08946990966796875,0.09949760437011719,0.07032530873328192,-0.0031504691694792183,2.18120002746582,-0.07514762878417956
0.06326446533203126,0.04344863891601562,0.07295397077479553,-3.357116647248861e-05,2.244464492797851,-0.03169898986816394
0.06771240234375,0.34290390014648436,0.07512528597689735,0.004493276602679759,2.3121768951416013,0.3112049102783204
0.055474853515625,0.0462005615234375,0.07677525329305053,0.01102643591096435,2.3676517486572264,0.3574054718017579
0.091668701171875,0.07269515991210937,0.07802340569215778,0.018175954924869002,2.4593204498291015,0.43010063171386725
0.07334747314453124,0.07734375,0.07906857539439187,0.024872086561821685,2.5326679229736326,0.5074443817138673
0.0615814208984375,0.04830474853515625,0.07988443300945168,0.031116101989190854,2.59424934387207,0.5557491302490235
0.0860687255859375,0.07685165405273438,0.08043360142495785,0.03680104216383115,2.6803180694580075,0.6326007843017579
0.0622833251953125,0.0571746826171875,0.0808001612822445,0.04196592048574737,2.74260139465332,0.6897754669189454
0.04652481079101563,0.13348770141601562,0.080867860961567,0.046857832191781176,2.7891262054443353,0.823263168334961
0.08422698974609374,-0.0019195556640625,0.08062063713593083,0.05144145068619138,2.873353195190429,0.8213436126708985
0.050264739990234376,0.0517791748046875,0.08020636439095277,0.05519062736427047,2.9236179351806633,0.873122787475586
0.016075897216796874,0.05105438232421875,0.07942496609202242,0.05808284384073641,2.93969383239746,0.9241771697998048
0.07330551147460937,0.08196258544921875,0.07818416170285523,0.06051689964512916,3.0129993438720692,1.0061397552490234
0.082720947265625,0.07426071166992188,0.07690153963974405,0.06272549087629226,3.0957202911376944,1.0804004669189453
0.05383148193359375,0.0533416748046875,0.07577332799478868,0.06469372215859444,3.149551773071288,1.1337421417236329
0.08964385986328124,0.06407623291015625,0.0747452738634885,0.0662916745131194,3.2391956329345692,1.1978183746337892
0.046619415283203125,0.049566650390625,0.07381491567954282,0.06750593017084382,3.2858150482177724,1.247385025024414
0.0910369873046875,0.0158477783203125,0.07295875024970294,0.06819303136665891,3.37685203552246,1.2632328033447267
0.0794677734375,0.069732666015625,0.07230111242172614,0.06832722145632394,3.45631980895996,1.3329654693603517
0.07251167297363281,0.12939453125,0.07187107878140953,0.06848084560025999,3.528831481933593,1.4623600006103517
0.051959991455078125,0.05918731689453125,0.07147110375630132,0.06902155234713718,3.580791473388671,1.5215473175048828
0.07036323547363281,0.07103424072265625,0.07099468219902509,0.06962893019480737,3.651154708862304,1.592581558227539
0.0743011474609375,-0.34106597900390623,0.07053429439165367,0.06862237259978318,3.7254558563232414,1.251515579223633
0.07537879943847656,0.00350799560546875,0.07019307658457698,0.06458509107320787,3.800834655761718,1.2550235748291017
0.10448760986328125,-0.23510818481445311,0.07008405937220712,0.05820821690348198,3.9053222656249993,1.0199153900146485
0.07548408508300782,0.0974761962890625,0.07028072260358419,0.050689127010696354,3.980806350708007,1.117391586303711
-0.074749755859375,-0.3721649169921875,0.07008168754410533,0.0421666691302664,3.906056594848632,0.7452266693115235
0.07502098083496093,-0.2938140869140625,0.0689034466321546,0.031014167874719587,3.981077575683593,0.45141258239746096
0.07766571044921874,-0.27720489501953127,0.06747282446186008,0.016748191964674856,4.058743286132812,0.1742076873779297
0.049176025390625,0.047296142578125,0.06631003644396742,0.0016616470561575964,4.107919311523437,0.2215038299560547
-0.155230712890625,0.04990386962890625,0.06445124038683622,-0.011473232139189814,3.952688598632812,0.2714076995849609
0.04874725341796875,0.043703460693359376,0.061191657492577975,-0.021612258996628168,4.001435852050781,0.3151111602783203
0.02698211669921875,0.2074676513671875,0.05746494620659494,-0.028538697656128095,4.0284179687499995,0.5225788116455078
0.04557342529296875,0.06196441650390625,0.05404957368983938,-0.03203849380199496,4.073991394042968,0.5845432281494141
0.051436996459960936,0.04749374389648438,0.051021399035375205,-0.03313210629945795,4.125428390502929,0.6320369720458985
0.08193550109863282,0.06587982177734375,0.04858150730707623,-0.03276065732491402,4.207363891601561,0.6979167938232422
0.057917022705078126,0.04703826904296875,0.04682462174245119,-0.031155536081538343,4.26528091430664,0.7449550628662109
-0.03355484008789063,0.05284881591796875,0.04527018728308188,-0.028589703740678082,4.2317260742187495,0.7978038787841797
0.0217376708984375,0.07162246704101563,0.0433584605170116,-0.025214910224675844,4.253463745117187,0.8694263458251953
0.07624969482421876,0.07252578735351563,0.04144195681428372,-0.021051459106273887,4.329713439941405,0.941952133178711
0.047284698486328124,0.048519134521484375,0.04003941806389369,-0.016300482278435953,4.376998138427733,0.9904712677001953
0.07659187316894531,0.07243881225585938,0.039181241994216964,-0.01121045371526066,4.453590011596678,1.0629100799560547
0.05449066162109375,-0.106976318359375,0.038818565498562704,-0.006473785113322767,4.508080673217772,0.9559337615966796
0.07885360717773438,0.07458572387695313,0.03891025513325983,-0.002656941384915054,4.586934280395506,1.0305194854736328
0.0315216064453125,0.075103759765625,0.03930600815032478,0.0010017597508124928,4.6184558868408185,1.1056232452392578
-0.07246246337890624,-0.017789268493652345,0.039319379068189254,0.004799947459450279,4.545993423461912,1.0878339767456056
0.16227493286132813,0.05057373046875,0.03893796129765975,0.008236494706691244,4.70826835632324,1.1384077072143555
0.0427276611328125,0.07354965209960937,0.03912228802578208,0.011562459403377984,4.750996017456052,1.2119573593139648
0.06671600341796875,0.052272796630859375,0.03984867331295402,0.015084618035164558,4.817712020874021,1.2642301559448241
0.050595855712890624,0.006488990783691406,0.040700749221514634,0.018483283201312078,4.868307876586911,1.2707191467285155
0.0671630859375,0.04512939453125,0.041675822507130596,0.021460582887941282,4.935470962524411,1.3158485412597656
0.43520660400390626,0.20829086303710936,0.04413429814841812,0.024746982784767523,5.370677566528317,1.524139404296875
0.05988616943359375,0.07998123168945312,0.04916561872370459,0.029101630895757468,5.430563735961911,1.604120635986328
0.26208343505859377,0.25631256103515626,0.05562463885160623,0.034587653766714105,5.692647171020505,1.8604331970214842
0.0630035400390625,0.06540145874023437,0.06256962593597852,0.04106248431869312,5.755650711059568,1.9258346557617185
0.05828781127929687,0.06418304443359375,0.0690940527940774,0.04752269220842541,5.813938522338865,1.9900177001953123
0.0608795166015625,-0.00809783935546875,0.07442610138301647,0.052915048043623375,5.874818038940427,1.9819198608398436
0.07510986328125,0.33951263427734374,0.07873590041477127,0.05806626518748469,5.9499279022216776,2.3214324951171874
0.10863800048828125,-0.017677497863769532,0.08236134612935353,0.06390344278582502,6.058565902709959,2.3037549972534177
0.07323226928710938,0.07669906616210938,0.08552750893572365,0.06924381078365911,6.131798171997068,2.380454063415527
0.05482940673828125,0.05035552978515625,0.08806162354857694,0.07338546136866422,6.186627578735349,2.4308095932006832
0.0769775390625,0.08244247436523437,0.08984857457189337,0.0767307635271105,6.263605117797849,2.513252067565918
0.051563262939453125,0.02546844482421875,0.09098586211929867,0.0792915826186372,6.315168380737302,2.5387205123901366
0.04812545776367187,0.07479324340820312,0.09144646576990108,0.08104071282222633,6.363293838500974,2.6135137557983397
0.082855224609375,0.07537975311279296,0.09134272590912992,0.0822380325964577,6.446149063110349,2.6888935089111325
0.04821929931640625,0.053218841552734375,0.0908817002499386,0.08305866881090292,6.494368362426755,2.742112350463867
0.07968177795410156,0.07161884307861328,0.09011708687961356,0.08346030769798633,6.574050140380857,2.81373119354248
0.05533447265625,0.06170806884765625,0.0891236678710885,0.08352247573736497,6.629384613037107,2.8754392623901364
0.07730064392089844,0.07067680358886719,0.08797023355224526,0.08332687791111638,6.706685256958005,2.9461160659790036
0.05201263427734375,0.06120147705078125,0.08667889248892346,0.0829130703228186,6.758697891235349,3.0073175430297847
0.07613525390625,0.06970901489257812,0.0852745544216476,0.08231723650620335,6.834833145141599,3.077026557922363
0.07872543334960938,0.04833908081054687,0.0838884861760286,0.08152755682733911,6.913558578491208,3.12536563873291
0.22467269897460937,0.07045669555664062,0.08317249325053767,0.08054315718114993,7.138231277465818,3.195822334289551
0.07816314697265625,0.056432342529296874,0.08356376637829104,0.07944202135679312,7.216394424438474,3.252254676818848
0.0470855712890625,0.056058502197265624,0.08423115362245738,0.07823627354470288,7.263479995727536,3.3083131790161135
0.06923675537109375,0.10354156494140625,0.08444453771726902,0.07707888276348622,7.33271675109863,3.41185474395752
0.1918609619140625,0.024911880493164062,0.08476674927748619,0.07603655386033205,7.524577713012692,3.436766624450684
-0.030975341796875,-0.0402252197265625,0.08533679546044509,0.07447217193296406,7.493602371215817,3.3965414047241214
0.025591278076171876,-0.080908203125,0.08514095399888123,0.07158947541793526,7.5191936492919895,3.3156332015991214
-0.16486663818359376,-0.06096572875976562,0.0832196750824217,0.06718650879533632,7.354327011108396,3.2546674728393556
-0.11901931762695313,-0.0975250244140625,0.07887307947522625,0.06143928815236307,7.235307693481443,3.1571424484252932
-0.17841796875,-0.2850372314453125,0.07198620905117961,0.0537782446661668,7.056889724731443,2.8721052169799806
-0.1126312255859375,-0.10659446716308593,0.06304649239800492,0.0437816049977323,6.944258499145505,2.7655107498168947
-0.16671524047851563,-0.1653301239013672,0.05258319696467577,0.032375160026621275,6.77754325866699,2.6001806259155273
-0.14120521545410156,-0.14966812133789062,0.04093486589072458,0.020231235929369866,6.636338043212888,2.450512504577637
-0.16150894165039062,-0.16646041870117187,0.028378560568995095,0.007485740916328057,6.474829101562497,2.284052085876465
-0.05016937255859375,-0.10903587341308593,0.015592574008368294,-0.005435674241156967,6.424659729003903,2.175016212463379
-0.14675521850585938,-0.11510238647460938,0.0031826657294054296,-0.01798401801678852,6.277904510498043,2.0599138259887697
-0.14771194458007814,-0.16106758117675782,-0.009032452614668854,-0.030040688696382725,6.130192565917965,1.8988462448120118
-0.11403007507324218,-0.10571823120117188,-0.021142287409132973,-0.04166553384874159,6.016162490844723,1.7931280136108398
-0.10867385864257813,-0.11623916625976563,-0.03272864532712722,-0.05256411598261078,5.907488632202145,1.6768888473510741
-0.16611595153808595,-0.16812362670898437,-0.04375616455785983,-0.06276045749529596,5.741372680664059,1.5087652206420898
-0.10951194763183594,-0.11489105224609375,-0.05434775539077298,-0.07244231446659283,5.631860733032223,1.393874168395996
-0.16378326416015626,-0.15510025024414062,-0.06441554453348074,-0.081501147048884,5.468077468872067,1.2387739181518556
-0.22633705139160157,0.08020668029785157,-0.0743136222769239,-0.08915341384501056,5.241740417480465,1.3189805984497072
-0.11122283935546876,-0.15848922729492188,-0.08415897620994116,-0.0948229652248447,5.130517578124997,1.1604913711547853
-0.09961585998535157,-0.21014556884765626,-0.09316826287549933,-0.0998143275698628,5.030901718139646,0.9503458023071291
-0.22093658447265624,-0.217816162109375,-0.10128549874376636,-0.10543204063659598,4.8099651336669895,0.7325296401977541
-0.10485687255859374,-0.11799697875976563,-0.10895466340114779,-0.11137387118232696,4.705108261108395,0.6145326614379885
-0.1340503692626953,-0.15171356201171876,-0.1158419170536494,-0.1169278338527066,4.5710578918457,0.4628190994262697
-0.0976531982421875,-0.10735015869140625,-0.12163403178934357,-0.121798659962682,4.473404693603513,0.35546894073486346
-0.10989227294921874,-0.3278388977050781,-0.12631182519386205,-0.126626324836602,4.363512420654294,0.027630043029785334
0.10427436828613282,-0.1499725341796875,-0.12917015304879734,-0.13214015339913376,4.467786788940426,-0.12234249114990217
-0.015988540649414063,-0.045568084716796874,-0.12939244317140264,-0.13728061797142857,4.451798248291012,-0.16791057586669905
-0.16402130126953124,-0.14668197631835939,-0.12803626267188295,-0.14099982822159504,4.287776947021481,-0.31459255218505844
-0.15138931274414064,-0.1320474624633789,-0.1268403220862253,-0.14377659466268186,4.13638763427734,-0.44664001464843733
-0.121826171875,-0.18412628173828124,-0.12613341783315427,-0.1461729502972895,4.01456146240234,-0.6307662963867186
-0.15449295043945313,-0.11927032470703125,-0.1257045896199089,-0.1483054542623059,3.860068511962887,-0.7500366210937498
-0.10832977294921875,-0.10370635986328125,-0.12547713461047402,-0.14984864338201223,3.751738739013668,-0.853742980957031
-0.14990310668945311,-0.299884033203125,-0.12535605801996313,-0.15123898315329298,3.601835632324215,-1.1536270141601561
-0.1606658935546875,-0.17358322143554689,-0.12549871530155815,-0.15338841585054946,3.4411697387695277,-1.327210235595703
-0.0476348876953125,-0.15633163452148438,-0.12567926094700016,-0.15587537964351067,3.3935348510742154,-1.4835418701171874
-0.11346359252929687,-0.2233551025390625,-0.1253475759007627,-0.15826924714636198,3.2800712585449183,-1.70689697265625
-0.10566864013671876,-0.10619125366210938,-0.12463109381601718,-0.16054916225184218,3.1744026184081995,-1.8130882263183594
-0.16548004150390624,-0.1633453369140625,-0.12400141297104601,-0.16230172124616501,3.0089225769042933,-1.976433563232422
-0.10984954833984376,0.142242431640625,-0.1236570514749048,-0.16247031459386918,2.8990730285644495,-1.834191131591797
-0.11323928833007812,-0.11625900268554687,-0.12338248532087173,-0.16024011920833295,2.7858337402343714,-1.9504501342773437
-0.16591720581054686,0.0603912353515625,-0.12318418793980487,-0.1561599173979918,2.6199165344238247,-1.8900588989257812
-0.1908405303955078,-0.11010284423828125,-0.12353672023843788,-0.1508641762393164,2.429076004028317,-2.0001617431640626
-0.14294681549072266,-0.123492431640625,-0.12454314554495721,-0.14527119822567627,2.2861291885375943,-2.1236541748046878
-0.11388092041015625,-0.11447372436523437,-0.1257205036369564,-0.14019220092472687,2.172248268127438,-2.238127899169922
-0.17943572998046875,-0.1649200439453125,-0.12687733548663166,-0.13578294444154979,1.9928125381469695,-2.4030479431152347
-0.11657791137695313,-0.11329727172851563,-0.12814214330619844,-0.13214403525383164,1.8762346267700163,-2.51634521484375
-0.18322601318359374,-0.16553268432617188,-0.12950251854307818,-0.12920072061910012,1.6930086135864226,-2.681877899169922
-0.167352294921875,0.0720977783203125,-0.1311208095297248,-0.12621316093628512,1.5256563186645475,-2.6097801208496096
-0.10552139282226562,-0.106036376953125,-0.13283404637056712,-0.12234492156742706,1.420134925842282,-2.715816497802735
-0.11035232543945313,-0.11803970336914063,-0.13411409382260303,-0.11826857217496017,1.3097826004028288,-2.8338562011718755
-0.15702133178710936,-0.16399154663085938,-0.13499302001117333,-0.11497556241570407,1.1527612686157194,-2.997847747802735
-0.1078399658203125,-0.11086807250976563,-0.13570081948569845,-0.11256997695816909,1.044921302795407,-3.1087158203125007
-0.16201171875,-0.15242233276367187,-0.1362640757439169,-0.1108743025295299,0.882909584045407,-3.2611381530761725
-0.110418701171875,-0.11702041625976563,-0.13672557628488616,-0.10977789918086851,0.772490882873532,-3.378158569335938
-0.15054702758789062,-0.16520423889160157,-0.13706302107264903,-0.1092676517022379,0.6219438552856413,-3.5433628082275397
-0.11037216186523438,-0.10254287719726562,-0.1372500301792914,-0.1092493739357634,0.511571693420407,-3.6459056854248053
-0.16628570556640626,-0.16404342651367188,-0.13736522007286453,-0.10958659184193983,0.3452859878540007,-3.809949111938477
-0.1012908935546875,0.046587371826171876,-0.13744272653214717,-0.109672232659995,0.2439950942993132,-3.7633617401123054
-0.12005615234375,-0.20613784790039064,-0.1372872441169197,-0.10915836742254094,0.12393894195556321,-3.969499588012696
-0.1991790771484375,-0.10503387451171875,-0.13712605122886357,-0.10885162739347458,-0.07524013519287429,-4.074533462524415
-0.171075439453125,-0.22646636962890626,-0.13750170822902766,-0.10934547974365796,-0.2463155746459993,-4.300999832153321
-0.16251497268676757,-0.15488510131835936,-0.1383733539646734,-0.11075658773816571,-0.40883054733276686,-4.455884933471681
-0.11710205078125,0.07914657592773437,-0.1393193449424594,-0.11198887550363246,-0.5259325981140168,-4.376738357543946
-0.18312835693359375,-0.15397262573242188,-0.1401930527693091,-0.11194346898757986,-0.7090609550476106,-4.530710983276368
-0.11045303344726562,-0.06327667236328124,-0.1410441637920721,-0.11134156500455313,-0.8195139884948762,-4.5939876556396495
-0.1047515869140625,-0.10277519226074219,-0.14155609105049305,-0.11061288201853704,-0.9242655754089387,-4.696762847900391
-0.19163284301757813,-0.17346038818359374,-0.14178679545157427,-0.11000224773667297,-1.1158984184265168,-4.870223236083985
-0.1165618896484375,-0.10090713500976563,-0.14211550365592268,-0.1098915725738614,-1.2324603080749543,-4.971130371093751
-0.10576248168945312,-0.10756683349609375,-0.14225327499520618,-0.10995564635528465,-1.3382227897644074,-5.078697204589845
-0.16214523315429688,-0.15572433471679686,-0.14208329489111945,-0.110124973496993,-1.5003680229187044,-5.234421539306641
-0.1065460205078125,-0.111322021484375,-0.14182605946131766,-0.11059209435855001,-1.606914043426517,-5.345743560791016
-0.15833740234375,-0.154949951171875,-0.14148854895065333,-0.11131255113061758,-1.765251445770267,-5.500693511962891
-0.113641357421875,-0.11323699951171876,-0.1411006293376334,-0.11223878988862704,-1.8788928031921421,-5.613930511474609
-0.17645759582519532,-0.1521918296813965,-0.14076745045455458,-0.11332083378517803,-2.0553503990173376,-5.766122341156006
-0.1043121337890625,-0.1133880615234375,-0.14051676427036597,-0.11450819767225093,-2.1596625328064003,-5.879510402679443
-0.25951995849609377,-0.15221796035766602,-0.14060580902882003,-0.11576717424301666,-2.419182491302494,-6.031728363037109
-0.15658111572265626,-0.17236175537109374,-0.14146810736094018,-0.11728154376373331,-2.5757636070251504,-6.204090118408203
-0.11795501708984375,-0.10011167526245117,-0.14264186599120265,-0.11901265688694339,-2.693718624114994,-6.3042017936706545
-0.1776458740234375,-0.15027694702148436,-0.14362295626272914,-0.12063144910389229,-2.8713644981384316,-6.454478740692139
-0.10455102920532226,-0.12090606689453125,-0.14445628020414752,-0.12212808384129993,-2.975915527343754,-6.57538480758667
-0.16164398193359375,-0.14775238037109376,-0.14504732601773423,-0.12356693672823683,-3.137559509277348,-6.7231371879577635
-0.17252960205078124,-0.15849266052246094,-0.1456152216933094,-0.12506355493755122,-3.310089111328129,-6.881629848480224
-0.10194931030273438,-0.1500823974609375,-0.14618551120093512,-0.12673141736799978,-3.4120384216308635,-7.031712245941161
-0.1510293960571289,-0.22724456787109376,-0.14645548116555845,-0.12877591654391468,-3.563067817687992,-7.258956813812255
-0.1220855712890625,-0.1150634765625,-0.14646517836392436,-0.131228281126302,-3.6851533889770547,-7.374020290374755
-0.1474917411804199,-0.15598640441894532,-0.1463169543623224,-0.13360167465741346,-3.8326451301574744,-7.5300066947937
-0.28333892822265627,-0.10489273071289062,-0.14660986495302306,-0.1355796627959003,-4.115984058380131,-7.634899425506591
-0.14861068725585938,-0.1717437744140625,-0.14785590278299052,-0.13721820319596117,-4.26459474563599,-7.806643199920654
-0.27855987548828126,-0.16398353576660157,-0.14986857449965238,-0.13881990334393848,-4.5431546211242715,-7.970626735687255
-0.06439628601074218,-0.11512603759765624,-0.15217159506845124,-0.1403765147830904,-4.607550907135014,-8.085752773284911
-0.16387481689453126,-0.1598968505859375,-0.1539639766436047,-0.1416529764960133,-4.7714257240295455,-8.245649623870849
-0.11552734375,0.26152381896972654,-0.15507272253189414,-0.14129750375206526,-4.886953067779546,-7.984125804901122
-0.1272125244140625,-0.16147918701171876,-0.15564548032872533,-0.13822257995648868,-5.014165592193608,-8.14560499191284
-0.11891250610351563,-0.10913848876953125,-0.15564070217774403,-0.13426367876448458,-5.133078098297124,-8.254743480682372
-0.10725250244140624,0.25904693603515627,-0.15509246188538253,-0.12944148857496887,-5.24033060073853,-7.995696544647215
-0.15680084228515626,-0.17148284912109374,-0.15416211791120008,-0.12266920615635044,-5.397131443023686,-8.16717939376831
-0.17249069213867188,0.0672119140625,-0.15329885281648947,-0.11528300727590739,-5.569622135162358,-8.099967479705809
-0.0998504638671875,-0.11739501953125,-0.152534266626713,-0.10798872709841044,-5.669472599029545,-8.217362499237058
-0.13652305603027343,-0.11662445068359376,-0.1515268495005797,-0.1013469776825259,-5.805995655059818,-8.333986949920652
-0.15962448120117187,-0.1734130859375,-0.1504169520769274,-0.09621640861106676,-5.96562013626099,-8.507400035858153
-0.116650390625,-0.1510478973388672,-0.14938184879720856,-0.09275284750040506,-6.08227052688599,-8.658447933197019
-0.20510444641113282,-0.17530441284179688,-0.14851709854441894,-0.09086657107214145,-6.287374973297123,-8.833752346038816
-0.1625701904296875,-0.16457977294921874,-0.14813851295945496,-0.09038395233612617,-6.44994516372681,-8.998332118988035
-0.02447967529296875,-0.11672897338867187,-0.1476845614749681,-0.09092030818758963,-6.474424839019779,-9.115061092376706
-0.1654266357421875,-0.16878509521484375,-0.14653027105356026,-0.09210504957811332,-6.639851474761967,-9.28384618759155
-0.1072662353515625,-0.11633453369140626,-0.14511656330306574,-0.09382924622385522,-6.747117710113529,-9.400180721282956
-0.16150665283203125,-0.18531570434570313,-0.14379178574615614,-0.09603852701301893,-6.90862436294556,-9.585496425628659
-0.06837940216064453,-0.07701873779296875,-0.14240561795052925,-0.09853938541105868,-6.977003765106205,-9.662515163421627
-0.060589599609375,-0.07063064575195313,-0.14048181125547085,-0.10069037593464245,-7.03759336471558,-9.73314580917358
-0.03662300109863281,-0.09277801513671875,-0.13765527180248555,-0.10215902500959251,-7.0742163658142125,-9.8259238243103
-0.09498672485351563,-0.14848785400390624,-0.1341234922132849,-0.10337420352240288,-7.169203090667728,-9.974411678314206
-0.13516807556152344,-0.1883544921875,-0.13053393675296046,-0.10498769874535448,-7.304371166229251,-10.162766170501706
-0.08318023681640625,-0.14799728393554687,-0.12726215283516498,-0.10725565401777988,-7.3875514030456575,-10.310763454437254
-0.13863983154296874,-0.12446203231811523,-0.12427361311439188,-0.10980548115895691,-7.526191234588627,-10.43522548675537
-0.10655517578125,-0.07431259155273437,-0.12166272457326796,-0.1120560869801759,-7.632746410369877,-10.509538078308104
0.15928955078125,-0.10048599243164062,-0.11841147314503307,-0.11366989022386693,-7.473456859588627,-10.610024070739744
-0.07287368774414063,-0.12761993408203126,-0.11347023268701863,-0.11483342394526369,-7.546330547332767,-10.737644004821775
-0.11671066284179688,-0.11478042602539062,-0.10806334806853488,-0.11584797659315393,-7.663041210174564,-10.852424430847165
-0.06886444091796876,-0.06886634826660157,-0.10333002741587194,-0.1165620905838663,-7.731905651092532,-10.921290779113766
-0.07231674194335938,-0.07164993286132812,-0.09905387161817715,-0.1166453459841969,-7.804222393035891,-10.992940711975095
-0.13791351318359374,-0.10140762329101563,-0.09531168645224498,-0.11616090127435116,-7.942135906219485,-11.09434833526611
-0.06251373291015624,-0.05796880722045898,-0.09228531408493883,-0.11527651192104357,-8.00464963912964,-11.152317142486568
-0.09484596252441406,-0.256317138671875,-0.08971056895709462,-0.11458159240550755,-8.099495601654054,-11.408634281158443
-0.036165618896484376,-0.08058271408081055,-0.08729981606508387,-0.11469829396707332,-8.135661220550539,-11.489216995239254
-0.05477333068847656,-0.051848983764648436,-0.08482072359315426,-0.11483416101004561,-8.190434551239015,-11.541065979003902
-0.09130477905273438,-0.0834731101989746,-0.0823748985794914,-0.11425405433092974,-8.28173933029175,-11.624539089202877
-0.13878707885742186,-0.08233413696289063,-0.08049632398426623,-0.11320382704545576,-8.420526409149172,-11.706873226165767
-0.0941497802734375,-0.0897247314453125,-0.07943443015364249,-0.11190828666637057,-8.514676189422609,-11.796597957611079
0.11937103271484376,-0.04428176879882813,-0.07814696706682635,-0.11031097062779946,-8.395305156707765,-11.840879726409907
-0.058795166015625,-0.053632354736328124,-0.07562630304915406,-0.10821562477225681,-8.45410032272339,-11.894512081146235
-0.07327041625976563,-0.07175788879394532,-0.07267938483080522,-0.10570248685590831,-8.527370738983155,-11.96626996994018
-0.03947639465332031,-0.04305953979492187,-0.07004602515145518,-0.10293720662021137,-8.566847133636475,-12.009329509735101
-0.12232894897460937,-0.06713027954101562,-0.0678210276317899,-0.09994584622317997,-8.689176082611084,-12.076459789276116
-0.04043235778808594,-0.046125030517578124,-0.06615127292392793,-0.09680289318617878,-8.72960844039917,-12.122584819793694
-0.02073974609375,-0.0830108642578125,-0.06460608504496339,-0.09364717732339453,-8.75034818649292,-12.205595684051506
-0.03999481201171875,-0.031829833984375,-0.06281805855338013,-0.09053223441935149,-8.790342998504638,-12.23742551803588
-0.05098800659179688,-0.10276870727539063,-0.060960599595521414,-0.08751633517857157,-8.841331005096436,-12.340194225311272
0.060107421875,-0.1578643798828125,-0.05881893270581901,-0.08515505758142802,-8.781223583221436,-12.498058605194085
-0.07156829833984375,-0.0972137451171875,-0.05618235474410309,-0.08381236307591097,-8.85279188156128,-12.595272350311273
-0.04153099060058594,-0.040470123291015625,-0.053612278918425724,-0.08289657597964478,-8.894322872161867,-12.635742473602289
-0.04343490600585938,-0.06383819580078125,-0.05140132121794974,-0.08180541447091418,-8.937757778167727,-12.699580669403069
-0.04068756103515625,-0.037020111083984376,-0.04941809534082776,-0.08044986962438613,-8.978445339202883,-12.736600780487054
-0.0378570556640625,-0.00012969970703125,-0.04763099698687903,-0.07864939857732646,-9.016302394866946,-12.736730480194085
-0.02339019775390625,-0.03432769775390625,-0.045951135462604036,-0.0762620434636211,-9.039692592620852,-12.77105817794799
0.23766250610351564,-0.02100677490234375,-0.043324896693483585,-0.07348380379117751,-8.802030086517338,-12.792064952850334
-0.03870086669921875,-0.046112060546875,-0.03900202012427349,-0.07053685966167504,-8.840730953216557,-12.838177013397209
-0.018727493286132813,-0.0335906982421875,-0.03430538713675156,-0.06757962499999284,-8.859458446502689,-12.871767711639396
-0.02549285888671875,-0.05735321044921875,-0.030244618692931536,-0.06474290276937925,-8.884951305389407,-12.929120922088615
0.00926666259765625,-0.0199462890625,-0.026625790503186673,-0.0620394623129666,-8.87568464279175,-12.949067211151114
-0.0285125732421875,0.17879371643066405,-0.023338922084518175,-0.05858210224927636,-8.904197216033937,-12.770273494720449
-0.00733795166015625,0.10287857055664062,-0.020448653325707146,-0.053243578868439244,-8.911535167694094,-12.667394924163808
-0.00822296142578125,0.5188457489013671,-0.0179189351692305,-0.044731125117483006,-8.919758129119876,-12.148549175262442
-0.0049652099609375,-0.017059326171875,-0.015645634868506356,-0.032887649387292925,-8.924723339080813,-12.165608501434317
0.046234130859375,0.00415496826171875,-0.013414116011142998,-0.020725499314323777,-8.878489208221438,-12.161453533172597
-0.01108245849609375,-0.33367462158203126,-0.011074831695364084,-0.011483476514135608,-8.889571666717533,-12.495128154754628
-0.00648651123046875,-0.06641197204589844,-0.008892308787072901,-0.00622226808460373,-8.896058177948001,-12.561540126800526
0.007968521118164063,0.2709381103515625,-0.006994582058448697,-0.0024357983168460445,-8.888089656829838,-12.290602016448965
0.0079437255859375,-0.054737091064453125,-0.005241515010399019,0.0022931912081914224,-8.8801459312439,-12.345339107513418
0.006005859375,0.0038234710693359373,-0.0035897970085135528,0.006817611953365546,-8.8741400718689,-12.341515636444083
0.00605010986328125,0.01290435791015625,-0.002060820763484676,0.010382799059643077,-8.86808996200562,-12.328611278533927
0.021726226806640624,-0.03027172088623047,-0.0006066754340766716,0.013214779334149478,-8.84636373519898,-12.358882999420157
0.029387664794921876,0.03560333251953125,0.0009052123762233177,0.015350632710375433,-8.816976070404058,-12.323279666900625
0.018726348876953125,0.034326171875,0.002517195416337803,0.017188921348517426,-8.798249721527105,-12.288953495025625
0.018560028076171874,-0.1264190673828125,0.004139545135316544,0.018398622927341266,-8.779689693450933,-12.415372562408438
0.02124366760253906,0.02079353332519531,0.0057169737866139825,0.018428753900885813,-8.758446025848395,-12.394579029083243
0.03463821411132813,0.03963623046875,0.007301290563396461,0.01802332200397086,-8.723807811737066,-12.354942798614493
0.02524261474609375,0.029730606079101562,0.008941135371415604,0.01789288487864065,-8.698565196990971,-12.32521219253539
0.025897216796875,0.033834075927734374,0.01058653705035543,0.018005911612517647,-8.672667980194097,-12.291378116607657
0.05047760009765625,0.052976226806640624,0.012272490327868906,0.018384299113779812,-8.622190380096441,-12.238401889801017
-0.001541900634765625,0.036871337890625,0.013959986051945646,0.019074548414783815,-8.623732280731208,-12.201530551910391
-0.015568923950195313,0.26508636474609376,0.015285751576044029,0.020795078600934096,-8.639301204681402,-11.936444187164298
0.05252532958984375,0.047786712646484375,0.016246092025046798,0.02416094356697052,-8.586775875091558,-11.888657474517814
0.04771270751953125,0.04284210205078125,0.01731159332045819,0.028090126330163286,-8.539063167572026,-11.845815372467033
0.042718124389648435,0.050861358642578125,0.01864336506267232,0.03164022487319882,-8.496345043182378,-11.794954013824455
0.08543891906738281,0.02104339599609375,0.020279874274022402,0.03475371917556145,-8.410906124114996,-11.773910617828362
-0.009366607666015625,0.040021514892578124,0.022095794454039402,0.03733838564722363,-8.420272731781012,-11.733889102935784
0.11995162963867187,0.047777557373046876,0.023971967201474313,0.039500447963561114,-8.30032110214234,-11.686111545562737
0.05127029418945313,0.2975883483886719,0.026216004284638383,0.042307040288622935,-8.249050807952885,-11.388523197174065
0.07857818603515625,0.11154327392578126,0.028805267999999454,0.04677632713315491,-8.17047262191773,-11.276979923248284
0.060562515258789064,-0.11667814254760742,0.03152985119259162,0.05130344381127916,-8.10991010665894,-11.393658065795892
0.08482284545898437,0.08174972534179688,0.03438452071112298,0.05420514742917668,-8.025087261199957,-11.311908340454094
0.07911415100097656,0.07359275817871094,0.03739654558334544,0.05628524673174011,-7.94597311019898,-11.238315582275384
0.1008270263671875,0.06421890258789062,0.040621821253592025,0.05827298969541985,-7.845146083831793,-11.174096679687493
0.06324958801269531,0.06324615478515624,0.043979408545597926,0.06005365458005498,-7.7818964958190975,-11.110850524902336
0.09239044189453124,0.09095840454101563,0.04731111323571696,0.061694531349838044,-7.689506053924566,-11.01989212036132
0.05764579772949219,0.06639175415039063,0.05052203422757595,0.06330284346155816,-7.631860256195074,-10.953500366210928
-0.03341989517211914,0.0618560791015625,0.0531093814748489,0.0647665868670765,-7.665280151367193,-10.891644287109365
0.171380615234375,0.12841110229492186,0.0550934683481768,0.06620731012733687,-7.493899536132818,-10.763233184814442
0.10446929931640625,0.106768798828125,0.05745507581544418,0.06799516387474062,-7.389430236816412,-10.656464385986318
0.1024017333984375,0.11710205078125,0.06034809584201193,0.07016943053309933,-7.287028503417974,-10.539362335205068
0.16646690368652345,0.15482864379882813,0.06361881036031425,0.07276879665417982,-7.120561599731451,-10.38453369140624
0.033686065673828126,0.22033653259277344,0.06713401114576395,0.07623433180710555,-7.086875534057622,-10.164197158813467
0.099676513671875,0.10649261474609376,0.0703122078127547,0.08057362823352228,-6.987199020385747,-10.057704544067374
0.07506484985351562,0.09411544799804687,0.07307019640777818,0.08494936909526604,-6.912134170532231,-9.963589096069327
-0.09194869995117187,0.2711494445800781,0.07489229557379001,0.08943143243842913,-7.004082870483403,-9.692439651489249
0.2586090087890625,0.07813568115234375,0.07587522202437434,0.09447603755903634,-6.74547386169434,-9.614303970336906
0.1198760986328125,0.11600799560546875,0.07757326953416671,0.09929876597717449,-6.625597763061528,-9.498295974731437
0.07008438110351563,0.090411376953125,0.07992978992228161,0.10334846348832438,-6.555513381958012,-9.407884597778313
0.2546989440917969,0.09114341735839844,0.08260894270465247,0.10664673392697181,-6.300814437866215,-9.316741180419914
0.13227462768554688,-0.04033660888671875,0.08623290392880874,0.10870456312110341,-6.168539810180668,-9.357077789306633
0.09014244079589843,0.0892822265625,0.09022460413118115,0.10921383825432052,-6.07839736938477,-9.267795562744134
-0.16940841674804688,0.08994140625,0.09277777083968285,0.10888439945133907,-6.247805786132816,-9.177854156494133
0.0861968994140625,-0.065692138671875,0.0929827472760264,0.1077681349053768,-6.161608886718754,-9.243546295166007
0.08499603271484375,0.1760784149169922,0.09212597486302564,0.10576001832152601,-6.07661285400391,-9.067467880249016
0.10100860595703125,0.09618263244628907,0.09136775279808085,0.10393257028909832,-5.975604248046879,-8.971285247802726
0.16949996948242188,0.14254531860351563,0.09106270906112177,0.1027476610631503,-5.806104278564457,-8.82873992919921
0.10180931091308594,0.012244415283203126,0.09145042323422083,0.10169239530701649,-5.7042949676513715,-8.816495513916008
0.14779739379882811,0.15831146240234376,0.09233678499052654,0.10051405449300793,-5.5564975738525435,-8.658184051513665
0.167144775390625,0.15018882751464843,0.09378578930077058,0.09980643847882113,-5.3893527984619185,-8.507995223999016
0.10135574340820312,0.2559471130371094,0.09575326368211085,0.10035635162815755,-5.287997055053715,-8.252048110961907
0.12352447509765625,0.09463462829589844,0.09780011372931709,0.1021034842926786,-5.164472579956059,-8.157413482666009
0.32378311157226564,0.21309356689453124,0.1005313457240707,0.10447119542323605,-4.840689468383793,-7.9443199157714774
0.0997314453125,0.10582199096679687,0.1045153534295853,0.10720945824485913,-4.740958023071293,-7.83849792480468
0.1582489013671875,0.16338729858398438,0.10880476377969354,0.1100787684711775,-4.582709121704106,-7.675110626220696
0.09523506164550781,-0.118035888671875,0.1126719154486021,0.11202546005114758,-4.487474060058598,-7.7931465148925705
0.23012466430664064,0.01093597412109375,0.1163735641830663,0.1118086789532543,-4.257349395751957,-7.782210540771477
-0.054044342041015624,0.018006134033203124,0.11960270079151734,0.10972438940999103,-4.311393737792972,-7.764204406738274
0.1126739501953125,0.11224517822265626,0.12142346776351497,0.10696646114501197,-4.19871978759766,-7.651959228515618
0.16775360107421874,0.1660369873046875,0.12241670899576322,0.1045875585306232,-4.0309661865234405,-7.48592224121093
0.09952926635742188,0.10959320068359375,0.12345844770126284,0.10308694773366257,-3.9314369201660186,-7.376329040527336
0.15302658081054688,0.16690292358398437,0.1244247537827142,0.10233689719562354,-3.7784103393554718,-7.209426116943352
0.09698715209960937,0.10769577026367187,0.12525136713863916,0.10222233196792928,-3.6814231872558625,-7.1017303466796795
0.1811431884765625,0.16913528442382814,0.12604168005672506,0.10264265606807858,-3.5002799987793,-6.932595062255851
0.09052886962890624,0.09598312377929688,0.12686859342357795,0.10347035600358102,-3.409751129150394,-6.836611938476555
0.12197647094726563,0.11422576904296874,0.1274764958977284,0.10438582859926902,-3.287774658203128,-6.722386169433586
0.14946212768554687,0.14722671508789062,0.1278913944386125,0.10534824384538974,-3.1383125305175814,-6.575159454345695
0.09902114868164062,0.048333740234375,0.12826900373144104,0.10628296439577148,-3.0392913818359406,-6.52682571411132
0.11498489379882812,0.10929107666015625,0.12840192240065348,0.10680492767131969,-2.9243064880371126,-6.417534637451164
0.6719696044921875,0.15153274536132813,0.13027823628395357,0.1072101397197453,-2.252336883544925,-6.266001892089836
0.11468276977539063,0.130572509765625,0.13566084964057107,0.10796256808923717,-2.137654113769534,-6.135429382324211
0.13416519165039062,0.19384384155273438,0.1419520456372488,0.10922509125591601,-2.0034889221191436,-5.941585540771476
0.1172027587890625,0.1271087646484375,0.1469741218128353,0.11103705933323067,-1.8862861633300811,-5.814476776123039
0.15243453979492189,0.187188720703125,0.15093625307724565,0.11324611581311664,-1.7338516235351593,-5.627288055419914
0.165313720703125,0.1795928955078125,0.1541940279423314,0.11592158349988715,-1.5685379028320343,-5.447695159912102
0.16526260375976562,0.1721954345703125,0.15703563580548655,0.119084543222867,-1.4032752990722688,-5.275499725341789
0.11192703247070312,0.133575439453125,0.15934078027630372,0.12238883992545747,-1.2913482666015657,-5.141924285888664
0.1567535400390625,0.12718048095703124,0.16093924674130689,0.12543390251751757,-1.1345947265625032,-5.014743804931633
0.14690017700195312,0.08965911865234374,0.16201878327298336,0.12789574532861164,-0.98769454956055,-4.9250846862792885
0.13026123046875,0.15129776000976564,0.16267895711939456,0.1297619573745128,-0.8574333190918,-4.773786926269523
0.123980712890625,0.11215057373046874,0.16279953075545284,0.1312712849610285,-0.733452606201175,-4.661636352539054
0.19804000854492188,0.30435791015625,0.162629080427313,0.13309576221480607,-0.5354125976562532,-4.357278442382803
0.106695556640625,0.115826416015625,0.16240033126027095,0.13572529413175075,-0.42871704101562813,-4.241452026367178
0.15218963623046874,0.20131301879882812,0.1618974324247926,0.1386308266842299,-0.27652740478515936,-4.04013900756835
0.15305328369140625,0.29617843627929685,0.16117414335213687,0.14200531205010014,-0.12347412109375311,-3.7439605712890534
0.09996109008789063,0.1081695556640625,0.16025556347047556,0.14603935248085573,-0.02351303100586248,-3.635791015624991
0.15594329833984374,0.14973907470703124,0.15900810847447938,0.14969942758375632,0.13243026733398128,-3.48605194091796
0.10110855102539062,0.24728317260742189,0.1575180192567027,0.15296687175669146,0.2335388183593719,-3.2387687683105377
0.11842508316040039,0.14822235107421874,0.15571466434646497,0.15635661007570967,0.3519639015197723,-3.090546417236319
0.10608367919921875,0.11086578369140625,0.153557313158457,0.15930007117374673,0.45804758071899104,-2.9796806335449126
0.09741973876953125,0.1433319091796875,0.15107679940000854,0.16131550409764892,0.5554673194885222,-2.8363487243652252
0.10294647216796875,0.10380935668945312,0.1482742377583119,0.16248154408341278,0.6584137916564909,-2.732539367675772
0.06134185791015625,0.09572219848632812,0.1451006389217829,0.1627216124444287,0.7197556495666472,-2.636817169189444
0.16110992431640625,0.01823577880859375,0.14174237651605925,0.16170064909271362,0.8808655738830534,-2.61858139038085
0.08550872802734374,0.09105072021484376,0.1385763415923263,0.1593119246941608,0.9663743019103972,-2.5275306701660063
0.14201507568359376,0.1281132698059082,0.13563547071647192,0.15619376331143522,1.108389377593991,-2.399417400360098
0.144805908203125,0.1419677734375,0.13307130668178577,0.15309244924807705,1.253195285797116,-2.257449626922598
0.09753360748291015,0.1048004150390625,0.13091331883456167,0.15015014095390897,1.350728893280026,-2.1526492118835354
0.11477365493774414,0.133355712890625,0.12885677144979868,0.14726795191073416,1.4655025482177702,-2.0192934989929103
0.09070549011230469,0.10955047607421875,0.12678144427452914,0.1444638601522567,1.556208038330075,-1.9097430229186916
0.12171640396118164,0.13831634521484376,0.1247208748588436,0.14180094115532893,1.6779244422912565,-1.7714266777038479
0.11881256103515625,-0.05665321350097656,0.12282945055834853,0.13871081538219898,1.7967370033264127,-1.8280798912048244
0.12066993713378907,0.1369140625,0.12120503688002982,0.13470079028867124,1.9174069404602019,-1.6911658287048243
0.09451980590820312,0.07644271850585938,0.11973592143949832,0.1304556869534004,2.011926746368405,-1.614723110198965
0.12722244262695312,0.13632278442382811,0.11835385197288285,0.12655516773242867,2.139149188995358,-1.4784003257751368
0.07338409423828125,0.07378158569335938,0.11701186173196518,0.12298785456631287,2.2125332832336393,-1.4046187400817773
0.08991241455078125,0.07332534790039062,0.11551119427312848,0.11951337965715597,2.3024456977844205,-1.3312933921813868
0.11136474609375,0.1083944320678711,0.11390185370310546,0.11606416105401877,2.4138104438781705,-1.2228989601135156
0.07697677612304688,0.012277603149414062,0.11231555313655943,0.11259031566908442,2.4907872200012173,-1.2106213569641016
0.12882232666015625,0.10167179107666016,0.11078789857418031,0.10890073508746329,2.6196095466613736,-1.1089495658874413
0.07951507568359376,0.01186370849609375,0.10940389079299881,0.10505814864158265,2.6991246223449674,-1.0970858573913476
0.10046405792236328,0.01094818115234375,0.10806667949780317,0.10081306397516608,2.799588680267331,-1.0861376762390038
0.11239166259765625,0.14989013671875,0.10680438108515318,0.09646382830515143,2.9119803428649873,-0.9362475395202539
0.13227691650390624,0.09458236694335938,0.10585736950348519,0.09289318966004625,3.0442572593688935,-0.8416651725768944
0.07971763610839844,-0.11195297241210937,0.10518491049306437,0.08938068905837242,3.123974895477292,-0.9536181449890038
0.08308200836181641,0.03896636962890625,0.10445554037986596,0.0848180094163415,3.207056903839108,-0.9146517753600976
0.01520538330078125,0.09246749877929687,0.10327728039776884,0.0799811598536412,3.2222622871398894,-0.8221842765808007
-0.00213470458984375,0.060794830322265625,0.10119801655604305,0.07580425195301643,3.2201275825500457,-0.7613894462585351
0.0870758056640625,-0.094744873046875,0.09834623452708942,0.07164137696949742,3.3072033882141083,-0.8561343193054101
0.05875701904296875,0.04290351867675781,0.09536984964159885,0.06680773629712686,3.3659604072570772,-0.8132308006286523
0.0485595703125,-0.03400421142578125,0.09241330449570155,0.06163775322478269,3.414519977569577,-0.8472350120544335
-0.06065826416015625,0.04455413818359375,0.08894422181399511,0.056487047944697354,3.353861713409421,-0.8026808738708398
0.02140960693359375,0.16567230224609375,0.08456549511794055,0.05215624129166167,3.375271320343015,-0.637008571624746
-0.25582427978515626,0.03967742919921875,0.07868350688640327,0.049280080786430515,3.1194470405578585,-0.5973311424255272
-0.2458465576171875,0.0361053466796875,0.06995348057048202,0.04717647735985178,2.873600482940671,-0.5612257957458398
0.09351348876953125,0.04749298095703125,0.05926287195590564,0.045309174062057735,2.9671139717102024,-0.5137328147888085
0.05313720703125,0.0455535888671875,0.04943378584606078,0.04372927197102649,3.0202511787414523,-0.468179225921621
0.07500839233398438,0.06944732666015625,0.041484146255210366,0.042526594677724225,3.0952595710754367,-0.39873189926146474
0.065911865234375,0.0486785888671875,0.03520235523338643,0.04174797532270526,3.161171436309812,-0.35005331039427723
0.03216094970703125,0.0331329345703125,0.030298944968872407,0.041215447730163966,3.193332386016843,-0.3169203758239647
0.067620849609375,0.08178558349609374,0.026471533750279254,0.040885042054951325,3.2609532356262183,-0.23513479232787096
0.03685760498046875,0.0323089599609375,0.02362357503424772,0.04084555445359911,3.297810840606687,-0.20282583236693347
0.0488677978515625,0.0305084228515625,0.02158594578807213,0.040861496453309255,3.3466786384582496,-0.17231740951537097
0.05249786376953125,0.03410491943359375,0.02024495453747784,0.040744406998961966,3.399176502227781,-0.13821249008177722
0.044580078125,0.021967315673828126,0.01954771768811798,0.040493213518328554,3.443756580352781,-0.1162451744079491
0.037158966064453125,0.05651016235351562,0.01932843953306956,0.0401836010628087,3.480915546417234,-0.059735012054433476
0.009770965576171875,0.2678356170654297,0.019330856127773008,0.04080116792063396,3.490686511993406,0.2081006050109962
0.055905914306640624,0.2691642761230469,0.019460664447043943,0.043846627920292536,3.546592426300047,0.4772648811340431
0.0018428802490234376,-0.010790252685546875,0.019734424758915032,0.04864162807561805,3.54843530654907,0.4664746284484962
0.017058563232421876,0.02519683837890625,0.01995532741364106,0.05293918077211657,3.565493869781492,0.4916714668274024
0.017469024658203124,0.0174957275390625,0.020044678636498878,0.05597689256716845,3.5829628944396954,0.509167194366465
0.00985565185546875,0.00381927490234375,0.020053109275080278,0.05794090226263793,3.592818546295164,0.5129864692688088
0.003133392333984375,0.0231414794921875,0.019915666807363893,0.05892060057999427,3.5959519386291485,0.5361279487609962
0.00328216552734375,-0.002336883544921875,0.019582366974505418,0.05906021032156213,3.5992341041564924,0.5337910652160743
-0.0022418975830078127,6.3323974609375e-05,0.019046652710608045,0.058388613459480626,3.5969922065734847,0.5338543891906837
-0.00682525634765625,-0.01046295166015625,0.018293168093784815,0.05693460679329103,3.5901669502258287,0.5233914375305275
-0.004698562622070313,-0.07847900390625,0.017322782537210018,0.05453275946389383,3.5854683876037585,0.4449124336242775
-0.01261138916015625,-0.016095733642578124,0.016155016414855127,0.051067336787834205,3.5728569984436023,0.4288166999816994
-0.008506011962890626,-0.21638107299804688,0.01480417911328435,0.04624187345892619,3.5643509864807115,0.21243562698365254
-0.0669921875,-0.02652130126953125,0.013108907888528178,0.03981051875579098,3.4973587989807116,0.18591432571412128
0.06128387451171875,-0.016053009033203124,0.011205648642700614,0.032815676894645374,3.55864267349243,0.16986131668091817
-0.016680908203125,-0.024920654296875,0.009590805809261917,0.026181747761704205,3.541961765289305,0.14494066238404316
-0.01555938720703125,-0.015958404541015624,0.008144723299662074,0.019952211717462406,3.5264023780822735,0.12898225784302753
0.331451416015625,-0.026019287109375,0.007843395420675034,0.014147835458318376,3.8578537940978985,0.10296297073365253
-0.04157867431640625,-0.03674163818359375,0.009671391200280986,0.008704232427671389,3.8162751197814924,0.06622133255005877
-0.02016143798828125,-0.028802490234375,0.011887872657435971,0.003556171981655466,3.7961136817932113,0.03741884231568377
-0.04741973876953125,0.1607818603515625,0.013102893387009892,-0.0005645997658235587,3.74869394302368,0.19820070266724626
0.05115509033203125,-0.049261474609375,0.013699039175702397,-0.0031243764950008145,3.799849033355711,0.14893922805787127
0.23590240478515626,-0.037640380859375,0.015052826341142916,-0.005132952141573663,4.035751438140867,0.11129884719849627
-0.03645248413085937,0.01019134521484375,0.017730100858702313,-0.00715427765505214,3.9992989540100075,0.12149019241334001
-0.05876235961914063,-0.06907882690429687,0.02009212109725869,-0.00905553559449991,3.940536594390867,0.05241136550904314
0.16362533569335938,-0.053615570068359375,0.021813434509071073,-0.011173680525625477,4.104161930084226,-0.0012042045593162326
-0.06326217651367187,-0.057445526123046875,0.02368174496377618,-0.013631670496416564,4.040899753570554,-0.05864973068236311
-0.045550537109375,-0.04180068969726562,0.024872187648261948,-0.016253642427083482,3.995349216461179,-0.10045042037962873
0.01613311767578125,-0.1401336669921875,0.025007862333921847,-0.019231593634048114,4.01148233413696,-0.24058408737181622
-0.0333343505859375,-0.02964324951171875,0.024590326728881416,-0.022719863130902834,3.9781479835510223,-0.27022733688353495
-0.09773216247558594,-0.08772964477539062,0.023347561699709533,-0.026351007076771158,3.8804158210754363,-0.3579569816589256
-0.05027008056640625,-0.04998016357421875,0.020958213734583973,-0.029933022649320174,3.83014574050903,-0.40793714523314434
-0.08521957397460937,-0.09068565368652344,0.01762756219353265,-0.03350637671939132,3.7449261665344205,-0.49862279891966776
-0.3546016693115234,-0.051952362060546875,0.012500243328041014,-0.03703856173462132,3.390324497222897,-0.5505751609802146
-0.09618263244628907,0.179583740234375,0.0048011688133608585,-0.03951342398261831,3.2941418647766083,-0.37099142074583963
-0.10208892822265625,0.003607177734375,-0.004064581938454895,-0.03988721373274283,3.192052936553952,-0.3673842430114646
-0.2394866943359375,-0.10318565368652344,-0.013383097871776144,-0.03931949087867355,2.9525662422180146,-0.47056989669798804
-0.060396575927734376,-0.05549697875976563,-0.023313670970111805,-0.039209932511392855,2.8921696662902803,-0.5260668754577537
-0.000839996337890625,-0.07103824615478516,-0.032597486848067056,-0.03958315694718275,2.89132966995239,-0.5971051216125388
-0.10488052368164062,-0.12222671508789062,-0.0405021617074428,-0.04048039766803027,2.786449146270749,-0.7193318367004294
-0.07714881896972656,-0.07016410827636718,-0.04757520509593341,-0.042041845130714725,2.7093003273010225,-0.7894959449767966
-0.07759647369384766,-0.0740570068359375,-0.0540271087472729,-0.04395911283770567,2.631703853607175,-0.8635529518127342
-0.10956344604492188,-0.11299095153808594,-0.05988411996324123,-0.04612714163694925,2.522140407562253,-0.9765439033508201
-0.12606163024902345,-0.12252197265625,-0.06545117004813696,-0.04880432523958822,2.3960787773132295,-1.0990658760070702
-0.10459480285644532,-0.04695262908935547,-0.07085235218340466,-0.0518053351749593,2.291483974456784,-1.1460185050964256
-0.10283861160278321,-0.1198944091796875,-0.07593432604817817,-0.05478528579568919,2.188645362854001,-1.265912914276113
-0.13525009155273438,-0.10441169738769532,-0.08070236075779738,-0.05790301846374822,2.0533952713012664,-1.3703246116638084
-0.12120094299316406,-0.16302566528320311,-0.08531602436300284,-0.06145524011308097,1.9321943283081024,-1.5333502769470115
-0.1298450469970703,-0.09331283569335938,-0.0897805415975416,-0.06543575903398237,1.8023492813110322,-1.626663112640371
-0.13139934539794923,-0.09428253173828124,-0.09407288000455774,-0.06942801360646839,1.670949935913083,-1.7209456443786522
-0.08944931030273437,0.1206298828125,-0.09804952639838252,-0.07234846022787018,1.5815006256103488,-1.600315761566152
-0.07572021484375,-0.07690143585205078,-0.1013563200736085,-0.07349152000623108,1.5057804107665989,-1.6772171974182029
-0.243365478515625,-0.12811737060546874,-0.10441020399304045,-0.07396795947444802,1.262414932250974,-1.8053345680236716
-0.09654655456542968,-0.09733428955078124,-0.10784097743659792,-0.07485429922072882,1.1658683776855443,-1.9026688575744528
-0.08907394409179688,-0.08461227416992187,-0.111054206770715,-0.07598739948252134,1.0767944335937474,-1.9872811317443746
-0.1336761474609375,-0.15224876403808593,-0.11361443975705308,-0.07735198934065086,0.9431182861328099,-2.1395298957824607
-0.14176769256591798,-0.1405059814453125,-0.11591621832381879,-0.0792919215454246,0.8013505935668919,-2.2800358772277733
-0.09333877563476563,-0.10295886993408203,-0.118013029218183,-0.08170933344766532,0.7080118179321262,-2.3829947471618556
-0.13929576873779298,0.1687408447265625,-0.11975282737834807,-0.08319295639522513,0.5687160491943333,-2.214253902435293
-0.06923370361328125,-0.10304412841796876,-0.12107228363424047,-0.08275365078974138,0.49948234558105203,-2.317298030853262
-0.148065185546875,-0.18837432861328124,-0.12196518190029282,-0.08200453498399697,0.351417160034177,-2.505672359466543
-0.15549325942993164,-0.14642410278320311,-0.12283220314501621,-0.0824573698719493,0.19592390060424536,-2.652096462249746
-0.1488983154296875,-0.16530303955078124,-0.12398042229291682,-0.08398344732156032,0.04702558517455785,-2.817399501800527
-0.14982280731201172,-0.14152603149414061,-0.12532990198895627,-0.08628461976981099,-0.10279722213745388,-2.9589255332946673
-0.15945987701416015,-0.16443939208984376,-0.1268460378210821,-0.08918048396373801,-0.262257099151614,-3.1233649253845113
-0.024001312255859376,-0.09586181640625,-0.1280622964974731,-0.0923637524842929,-0.2862584114074734,-3.219226741790761
-0.11007843017578126,-0.10382957458496093,-0.12837535465916886,-0.0953566247952023,-0.39633684158325466,-3.3230563163757223
-0.16393280029296875,-0.1491790771484375,-0.12825567814511296,-0.0981203326536039,-0.5602696418762234,-3.47223539352416
-0.1005126953125,-0.10292243957519531,-0.1282476010599799,-0.1008419639421523,-0.6607823371887234,-3.575157833099355
-0.16812896728515625,-0.15092010498046876,-0.12831362311484945,-0.10349196206577886,-0.8289113044738796,-3.726077938079824
-0.1186614990234375,-0.10817337036132812,-0.1285216495340274,-0.1060689230685163,-0.9475728034973171,-3.8342513084411523
-0.1708953857421875,-0.1562591552734375,-0.12892129405316116,-0.10858576054438922,-1.1184681892395045,-3.99051046371459
-0.0889169692993164,-0.09776229858398437,-0.12937786206207277,-0.11099743372525928,-1.207385158538821,-4.088272762298574
-0.16755905151367187,-0.181146240234375,-0.12975566284300405,-0.11333855554862572,-1.3749442100524927,-4.269419002532949
-0.15944137573242187,-0.16703948974609376,-0.13030538184865845,-0.11592773089769287,-1.5343855857849145,-4.436458492279042
-0.11686115264892578,-0.1098968505859375,-0.1310628693048887,-0.11867992075820183,-1.6512467384338403,-4.54635534286498
-0.1636810302734375,-0.15878829956054688,-0.1318150662176956,-0.12124078737559395,-1.8149277687072778,-4.705143642425527
-0.15260467529296876,-0.11567535400390624,-0.13269674344772375,-0.12359542782726989,-1.9675324440002466,-4.820818996429433
-0.110552978515625,-0.11188507080078125,-0.13361108537928676,-0.1255943678282299,-2.078085422515872,-4.9327040672302145
-0.163800048828125,-0.17891082763671876,-0.13438766097294058,-0.12732571403165735,-2.2418854713439966,-5.111614894866933
0.3409778594970703,-0.11859588623046875,-0.13344289626638034,-0.1290612772617725,-1.9009076118469264,-5.2302107810974015
-0.10382003784179687,-0.11813812255859375,-0.12921821420590296,-0.13057943333377764,-2.004727649688723,-5.348348903655995
-0.18436431884765625,-0.179669189453125,-0.12399424089005853,-0.1318946756817738,-2.1890919685363794,-5.52801809310912
-0.1773345947265625,-0.173150634765625,-0.12017822590940128,-0.13344141467953116,-2.3664265632629418,-5.7011687278747445
-0.40855159759521487,-0.12739715576171876,-0.11867439061143015,-0.13516947638103158,-2.7749781608581565,-5.828565883636463
-0.14915313720703124,-0.16065216064453125,-0.11983792602777141,-0.13678972601572081,-2.9241312980651877,-5.989218044280994
-0.1188873291015625,-0.1207427978515625,-0.12206654345389434,-0.13822687979595952,-3.04301862716675,-6.109960842132557
-0.15392837524414063,-0.15862579345703126,-0.12412276529013483,-0.1394584906116888,-3.196947002410891,-6.268586635589588
-0.27559051513671873,-0.17597503662109376,-0.126589696202831,-0.14069287734208072,-3.4725375175476096,-6.444561672210682
-0.09743576049804688,-0.09605178833007813,-0.12972765823963772,-0.14188511625537512,-3.5699732780456563,-6.54061346054076
-0.1635284423828125,-0.14889068603515626,-0.13277148502858516,-0.14270008414147603,-3.733501720428469,-6.689504146575916
-0.10420913696289062,-0.13129730224609376,-0.13531108630534264,-0.14321695856391956,-3.8377108573913596,-6.82080144882201
-0.17898101806640626,-0.15533447265625,-0.13747226404724994,-0.14362777215919006,-4.016691875457766,-6.97613592147826
-0.09207611083984375,-0.09233932495117188,-0.13929734651074518,-0.14382608618868173,-4.108767986297609,-7.068475246429432
-0.112640380859375,-0.10818939208984375,-0.14053041008850375,-0.14353178870674924,-4.221408367156984,-7.176664638519275
-0.0368133544921875,-0.14634208679199218,-0.14080957450107173,-0.14285418565076255,-4.258221721649171,-7.323006725311267
-0.156610107421875,-0.01134185791015625,-0.1402452080998028,-0.14171033233121186,-4.414831829071046,-7.3343485832214235
-0.09661026000976562,-0.12645034790039061,-0.13935863869364382,-0.13976992106845645,-4.511442089080812,-7.460798931121814
-0.15091400146484374,-0.14782028198242186,-0.13841110619764257,-0.13761299616050013,-4.662356090545655,-7.608619213104236
-0.166729736328125,-0.1400726318359375,-0.13765958409469078,-0.13584967374137763,-4.82908582687378,-7.748691844940173
-0.22542190551757812,-0.11077117919921875,-0.1376068397011313,-0.13435656839586213,-5.054507732391358,-7.859463024139392
-0.15260009765625,-0.13641891479492188,-0.1383585341253958,-0.13296390138418243,-5.207107830047608,-7.995881938934313
-0.14815750122070312,-0.15709304809570312,-0.13944180026030115,-0.13183002514501452,-5.355265331268312,-8.152974987030017
-0.1560760498046875,-0.10529022216796875,-0.14051972089452325,-0.1309842547922187,-5.511341381072999,-8.258265209197987
-0.08680191040039062,-0.10004806518554688,-0.14136792921524577,-0.13007259687372677,-5.59814329147339,-8.358313274383534
-0.13276872634887696,-0.1499847412109375,-0.1417049167288212,-0.12907425658602492,-5.730912017822266,-8.508298015594471
-0.09665756225585938,-0.09843063354492188,-0.14156032004673821,-0.12817382158275747,-5.8275695800781255,-8.606728649139393
-0.0983856201171875,-0.0993316650390625,-0.14092581401691495,-0.12717908831048594,-5.925955200195313,-8.706060314178456
-0.141070556640625,-0.1392333984375,-0.13992668184594287,-0.12608414599580034,-6.067025756835938,-8.845293712615957
-0.1326324462890625,-0.1303386688232422,-0.1389216463321686,-0.1251812447506877,-6.199658203125001,-8.9756323814392
