0.00030517578125,-0.0005155563354492188,1.1052494857570317e-06,-1.8671808500007857e-06,0.00030517578125,-0.0005155563354492188
0.01732940673828125,-0.009429931640625,6.698662364899228e-05,-4.128987186961401e-05,0.01763458251953125,-0.009945487976074219
8.392333984375e-06,0.005999755859375,0.00024782971233555873,-0.00012213806455135606,0.017642974853515625,-0.003945732116699219
-0.38081512451171873,-0.00018291473388671876,-0.0009207307294905565,-0.00017940956555955413,-0.3631721496582031,-0.004128646850585938
-0.006995677947998047,0.00060272216796875,-0.004669377633164602,-0.00020217000331145256,-0.37016782760620115,-0.003525924682617188
0.01920928955078125,-0.0001922607421875,-0.009100325446502884,-0.00021528887333424447,-0.3509585380554199,-0.003718185424804688
-0.0061248779296875,-0.00025615692138671877,-0.012586378348630804,-0.00022329038507563174,-0.3570834159851074,-0.003974342346191407
-0.07736129760742187,-0.006481075286865234,-0.015577475225372573,-0.00025277849256101416,-0.4344447135925293,-0.01045541763305664
0.00139312744140625,0.000748443603515625,-0.018433392887726066,-0.00031896533785241227,-0.43305158615112305,-0.009706974029541016
0.000400543212890625,0.0004913330078125,-0.020825911652791504,-0.00038602667697647323,-0.4326510429382324,-0.009215641021728515
-0.11713790893554688,-0.00104217529296875,-0.02294347464181887,-0.0004340818361645981,-0.5497889518737793,-0.010257816314697264
0.00090789794921875,0.001129150390625,-0.025227617331425745,-0.00046970428825541985,-0.5488810539245605,-0.009128665924072264
-4.2724609375e-05,0.000562286376953125,-0.027192208798572544,-0.00048628143278732397,-0.5489237785339356,-0.008566379547119139
7.476806640625e-05,0.000543975830078125,-0.028439753213770385,-0.00048298251345426014,-0.5488490104675293,-0.008022403717041014
0.001584625244140625,-0.07349014282226562,-0.029066049748012353,-0.0007334051385502352,-0.5472643852233887,-0.08151254653930665
-0.08884963989257813,-0.28451004028320315,-0.029479338110760894,-0.0024931801560816357,-0.6361140251159668,-0.36602258682250977
-0.34944839477539064,-0.056247711181640625,-0.031301698429738074,-0.006460992188202017,-0.9855624198913575,-0.4222702980041504
-0.07624969482421876,-0.07187099456787109,-0.0355030047126373,-0.011387294191100097,-1.0618121147155763,-0.4941412925720215
-0.15160293579101564,-0.14462738037109374,-0.04087289150288885,-0.016594632535822443,-1.213415050506592,-0.6387686729431152
-0.13663845062255858,-0.10703854560852051,-0.04664547597197727,-0.022409260748884125,-1.3500535011291506,-0.7458072185516358
-0.2164825439453125,-0.17005462646484376,-0.05312524781706367,-0.028867521027333976,-1.566536045074463,-0.9158618450164795
-0.18712234497070312,-0.13903579711914063,-0.06052100314219677,-0.0359790324550884,-1.753658390045166,-1.0548976421356202
-0.115704345703125,-0.11820750236511231,-0.06839431279755948,-0.043462521324148434,-1.8693627357482911,-1.1731051445007326
-0.05394821166992188,-0.30420379638671874,-0.07570606286098408,-0.05155942374738461,-1.923310947418213,-1.4773089408874513
-0.1764373779296875,-0.17136917114257813,-0.0821794036210838,-0.06084328765839039,-2.0997483253479006,-1.6486781120300296
-0.17579612731933594,-0.3260955810546875,-0.08851831602581538,-0.0712581808594249,-2.2755444526672366,-1.974773693084717
-0.18077468872070312,-0.18353195190429689,-0.09510986009255677,-0.08259240811447562,-2.4563191413879397,-2.158305644989014
-0.03153305053710938,-0.08634452819824219,-0.10131064629790108,-0.09370783688752106,-2.487852191925049,-2.244650173187256
0.11657600402832032,-0.07329254150390625,-0.10549508367463872,-0.10321151142325903,-2.371276187896729,-2.317942714691162
-0.12694320678710938,-0.02697296142578125,-0.10719948770339119,-0.11061390081487321,-2.4982193946838382,-2.3449156761169436
-0.1520263671875,-0.13532028198242188,-0.1081212995263732,-0.1161595162676781,-2.6502457618713384,-2.4802359580993656
-0.17846755981445311,-0.187274169921875,-0.10953398251853622,-0.12087554148121903,-2.8287133216857914,-2.6675101280212408
-0.1599517822265625,-0.11905593872070312,-0.11155245682122436,-0.1253503848553154,-2.988665103912354,-2.786566066741944
-0.17865753173828125,-0.13538131713867188,-0.11407823875624284,-0.12931164573166673,-3.167322635650635,-2.921947383880616
-0.12638168334960936,-0.127093505859375,-0.11687124683285914,-0.13262672918598215,-3.2937043190002444,-3.049040889739991
-0.11453399658203126,-0.09637641906738281,-0.1194936949605643,-0.13524066624324008,-3.4082383155822757,-3.145417308807374
-0.16344757080078126,-0.17905044555664062,-0.1218373685584391,-0.1372766571816888,-3.571685886383057,-3.3244677543640146
-0.11769218444824218,-0.11501121520996094,-0.12405938386774865,-0.13905496817586832,-3.6893780708312995,-3.4394789695739756
-0.22152252197265626,0.0457763671875,-0.12636912629081698,-0.1398450305295356,-3.910900592803956,-3.3937026023864756
-0.1810943603515625,-0.17959518432617189,-0.1291588031037052,-0.13921595529293276,-4.091994953155519,-3.5732977867126476
-0.1336181640625,-0.2358978271484375,-0.13222111979812437,-0.13866195413573953,-4.2256131172180185,-3.809195613861085
-0.15228729248046874,-0.24688262939453126,-0.13504463104236883,-0.1394426572021637,-4.377900409698487,-4.056078243255616
-0.11711654663085938,-0.13997039794921876,-0.13746322168355857,-0.14122571542188245,-4.495016956329346,-4.196048641204834
-0.18270034790039064,0.0005401611328125,-0.13955816556339407,-0.14257859116407332,-4.677717304229737,-4.1955084800720215
-0.1314666748046875,-0.12155838012695312,-0.14151392742960853,-0.1425889582776917,-4.809183979034424,-4.317066860198975
-0.11894683837890625,0.257464599609375,-0.14314591276843894,-0.1404780706611178,-4.92813081741333,-4.0596022605896
-0.0515777587890625,-0.17145919799804688,-0.14396296909757167,-0.1358721137375307,-4.979708576202393,-4.2310614585876465
-0.013934326171875,-0.340716552734375,-0.14341629125681588,-0.13159120229938048,-4.993642902374268,-4.571778011322022
-0.11827850341796875,-0.1321094512939453,-0.14159708674351854,-0.12966833874051872,-5.111921405792237,-4.703887462615967
-0.05176239013671875,-0.14432907104492188,-0.1391174706205278,-0.12889368043415442,-5.163683795928955,-4.848216533660889
-0.06943168640136718,-0.17368659973144532,-0.13608098512088715,-0.1285308270374724,-5.233115482330323,-5.021903133392334
-0.1726715087890625,-0.20684738159179689,-0.1328832742363438,-0.12889498631242285,-5.405786991119386,-5.228750514984131
-0.18366546630859376,-0.250469970703125,-0.1304485254685257,-0.13036701810559057,-5.58945245742798,-5.4792204856872555
-0.14974288940429686,-0.1804492950439453,-0.12901846433593886,-0.13292769497482396,-5.739195346832276,-5.659669780731201
-0.16340789794921876,-0.057495498657226564,-0.12829381954283467,-0.13556817216179615,-5.902603244781495,-5.717165279388428
-0.12735977172851562,-0.25875091552734375,-0.12801580311185243,-0.13782189629410097,-6.029963016510011,-5.975916194915771
-0.17738571166992187,0.16884918212890626,-0.1280852819644835,-0.1391830239664403,-6.207348728179933,-5.807067012786865
-0.11651458740234374,0.1201751708984375,-0.1284560163573199,-0.13758507002766093,-6.323863315582277,-5.686891841888428
-0.11553573608398438,-0.18208465576171876,-0.12881030691628706,-0.13343159737136995,-6.439399051666261,-5.868976497650146
0.28749847412109375,-0.11649761199951172,-0.12745849093900172,-0.12932698559246475,-6.151900577545168,-5.985474109649657
-0.182470703125,-0.18529281616210938,-0.12347714775834953,-0.12619151400812093,-6.334371280670168,-6.170766925811766
-0.24263839721679686,0.06871719360351562,-0.11951449331970924,-0.12325364142754444,-6.577009677886965,-6.1020497322082505
-0.20874786376953125,-0.12140045166015626,-0.11764004505656592,-0.11962156842929621,-6.785757541656496,-6.223450183868406
-0.1695404052734375,-0.17353515625,-0.11737138916686088,-0.11610690348758412,-6.955297946929933,-6.396985340118406
-0.17083892822265626,-0.21819610595703126,-0.1180489333948833,-0.11396937029402093,-7.126136875152589,-6.615181446075438
-0.11490001678466796,-0.15286483764648437,-0.1191736194261797,-0.1132914141102872,-7.241036891937258,-6.768046283721922
-0.16797218322753907,-0.18802032470703126,-0.1204480788299329,-0.11366106200334636,-7.409009075164796,-6.956066608428953
-0.48441162109375,-0.22766151428222656,-0.12315733391821829,-0.11506399249151034,-7.893420696258547,-7.18372812271118
-0.2633781433105469,-0.11708755493164062,-0.12871230873952993,-0.11732563817924696,-8.156798839569094,-7.300815677642821
-0.17716197967529296,-0.16939239501953124,-0.13580196416269635,-0.11980549254097499,-8.333960819244387,-7.470208072662352
-0.238153076171875,-0.16914329528808594,-0.1428696026241383,-0.12240959935037717,-8.572113895416262,-7.639351367950438
-0.12337684631347656,-0.09600143432617188,-0.1495302721642847,-0.12500273367400663,-8.695490741729738,-7.735352802276609
-0.17681655883789063,0.007586669921875,-0.1553368095415955,-0.12664325767345516,-8.872307300567629,-7.727766132354734
-0.18354568481445313,-0.11316375732421875,-0.1603399364672473,-0.12688460478674832,-9.055852985382081,-7.840929889678953
-0.17388076782226564,-0.17229194641113282,-0.16480526384524974,-0.12666470988223455,-9.229733753204346,-8.013221836090086
-0.001111602783203125,-0.33951644897460936,-0.16808431669277568,-0.12753309759977688,-9.23084535598755,-8.352738285064696
-0.18326416015625,0.13306522369384766,-0.1696960050456747,-0.12901386640569215,-9.4141095161438,-8.219673061370848
-0.10812225341796874,0.07798576354980469,-0.17031000050392192,-0.12836789146635874,-9.522231769561769,-8.141687297821044
-0.19578704833984376,0.16297836303710939,-0.17051276340112512,-0.12433040783921273,-9.718018817901612,-7.978708934783934
-0.11404647827148437,-0.22795867919921875,-0.17043512214156664,-0.118511802756918,-9.832065296173097,-8.206667613983154
-0.1561647415161133,-0.18271942138671876,-0.1700018127141295,-0.11364640862009004,-9.98823003768921,-8.389387035369872
-0.32586517333984377,-0.1111358642578125,-0.16990066213382593,-0.11047842107482037,-10.314095211029054,-8.500522899627684
-0.130718994140625,0.15065994262695312,-0.17075403764593455,-0.10714687604095104,-10.44481420516968,-8.349862957000731
-0.12178497314453125,-0.194879150390625,-0.17156289238947214,-0.10282256449024144,-10.566599178314211,-8.544742107391356
-0.28866729736328123,-0.3918190002441406,-0.17215568246685606,-0.09999774961550466,-10.855266475677492,-8.936561107635496
-0.12556304931640624,-0.12516746520996094,-0.1731447210215189,-0.10018142060131237,-10.980829524993899,-9.061728572845457
-0.24768218994140626,0.2674995422363281,-0.1743164115827904,-0.10024076465703004,-11.228511714935305,-8.794229030609129
-0.1497467041015625,-0.087628173828125,-0.17556319158193354,-0.09767136765160857,-11.378258419036868,-8.881857204437255
-0.00223388671875,-0.06316986083984374,-0.17605342323320833,-0.09400008292144665,-11.380492305755618,-8.945027065277099
0.2064666748046875,0.00075225830078125,-0.17372415764531474,-0.09033699638991168,-11.174025630950931,-8.944274806976317
-0.0228240966796875,-0.055760955810546874,-0.16785268390856345,-0.08638692089924276,-11.19684972763062,-9.000035762786863
-0.21627731323242189,-0.04131622314453125,-0.16070641220607534,-0.08237933312664349,-11.41312704086304,-9.041351985931394
-0.09252777099609374,-0.127777099609375,-0.15437991771393164,-0.07879483213149643,-11.505654811859134,-9.169129085540769
-0.1754655122756958,-0.15845947265625,-0.1489360130167105,-0.0763015343854268,-11.681120324134831,-9.32758855819702
-0.14948577880859376,-0.15111083984375,-0.14436833707633398,-0.07526665461574462,-11.830606102943424,-9.478699398040769
-0.11076889038085938,0.16226348876953126,-0.14057236764799524,-0.07439067859035614,-11.941374993324283,-9.316435909271238
-0.21990966796875,0.08608551025390625,-0.1374981902589146,-0.07163981783135473,-12.161284661293033,-9.230350399017333
-0.053302764892578125,-0.14004058837890626,-0.13511974757998335,-0.06759498839293548,-12.214587426185611,-9.370390987396238
-0.17299232482910157,-0.43035125732421875,-0.1329801734032756,-0.06549068703770353,-12.387579751014712,-9.800742244720457
-0.13729248046875,0.09914169311523438,-0.13120583530464264,-0.06604557207192473,-12.524872231483462,-9.701600551605223
-0.19425201416015625,-0.19131126403808593,-0.1301441503231326,-0.06708667191858163,-12.719124245643618,-9.89291181564331
-0.35961456298828126,-0.4467254638671875,-0.13057664139496192,-0.0696309700235361,-13.078738808631899,-10.339637279510496
-0.12311744689941406,-0.12445716857910157,-0.132801316892013,-0.07513169232920537,-13.201856255531313,-10.464094448089599
0.09563064575195312,-0.11642913818359375,-0.134587768136454,-0.08158943893297133,-13.10622560977936,-10.580523586273193
-0.3197486877441406,-0.1928424835205078,-0.13504484882064768,-0.08780627884673695,-13.425974297523501,-10.7733660697937
-0.14550857543945311,-0.06638031005859375,-0.1359678484515613,-0.09379778335853334,-13.571482872962955,-10.839746379852295
-0.49679031372070315,-0.1952301025390625,-0.13878205347692052,-0.0993412302018748,-14.068273186683658,-11.034976482391357
-0.13089599609375,-0.131793212890625,-0.14372703861565828,-0.10467481688732393,-14.199169182777409,-11.166769695281982
-0.15438003540039064,-0.2461090087890625,-0.14909121403908748,-0.11017661818531808,-14.353549218177799,-11.412878704071044
-0.20866050720214843,-0.49735870361328127,-0.1537701558542342,-0.11724777155668054,-14.562209725379947,-11.910237407684326
-0.15095672607421876,0.19100494384765626,-0.15807689027366975,-0.1252711940844746,-14.713166451454166,-11.71923246383667
-0.1318225860595703,-0.12744293212890626,-0.16171894839445372,-0.13105280111902146,-14.844989037513736,-11.846675395965576
-0.12382850646972657,-0.4273082733154297,-0.16437525796557031,-0.13577346123719597,-14.968817543983462,-12.273983669281005
-0.49507904052734375,-0.20096931457519532,-0.16738518512391654,-0.14204315184327476,-15.463896584510806,-12.4749529838562
-0.05370635986328125,-0.15951995849609374,-0.17170918955182296,-0.14881528021124402,-15.517602944374087,-12.634472942352295
-0.14663238525390626,-0.12466201782226563,-0.17555475179801552,-0.15466372957005875,-15.664235329627992,-12.75913496017456
-0.20418472290039064,-0.04635467529296875,-0.17822708331714987,-0.158967957586611,-15.868420052528382,-12.805489635467529
-0.19663734436035157,-0.1673004150390625,-0.18060458100610166,-0.1616616117384867,-16.065057396888733,-12.97279005050659
-0.12787933349609376,-0.191217041015625,-0.18260555528228323,-0.1636469688202377,-16.192936730384826,-13.164007091522215
-0.19880218505859376,-0.1962413787841797,-0.18399381004507828,-0.1656400515726343,-16.39173891544342,-13.360248470306395
-0.1485504150390625,0.03733062744140625,-0.18493170044490728,-0.1668878169581798,-16.54028933048248,-13.322917842864989
-0.1274261474609375,0.20646820068359376,-0.1852953299003266,-0.16520732757853393,-16.667715477943418,-13.116449642181395
-0.1630706787109375,-0.22319793701171875,-0.18496701732430135,-0.16058476747470363,-16.830786156654355,-13.339647579193114
-0.14339523315429686,-0.13287277221679689,-0.184174602463167,-0.1557386619206094,-16.974181389808653,-13.47252035140991
-0.229766845703125,-0.1964111328125,-0.18330451639923032,-0.15190758407615002,-17.203948235511778,-13.66893148422241
-0.1288726806640625,-0.27424468994140627,-0.1825709663431419,-0.14939675936850036,-17.33282091617584,-13.943176174163817
0.009914779663085937,-0.00303955078125,-0.18104170189431312,-0.14783927376872286,-17.322906136512756,-13.946215724945066
-0.19726982116699218,0.143939208984375,-0.17824809613876144,-0.14488760986397126,-17.520175957679747,-13.802276515960692
-0.0940948486328125,-0.3081989288330078,-0.17506087964920308,-0.1404021865921415,-17.61427080631256,-14.1104754447937
-0.2007965087890625,-0.172857666015625,-0.17197977409511778,-0.1369502346837245,-17.815067315101622,-14.283333110809325
-0.19781265258789063,-0.2012798309326172,-0.16942054319405409,-0.13517360398523978,-18.012879967689514,-14.484612941741942
-0.19286270141601564,-0.27754974365234375,-0.16768219018359012,-0.1348171934677863,-18.20574266910553,-14.762162685394285
-0.16077728271484376,-0.2184051513671875,-0.16649338008694195,-0.13609611226695836,-18.366519951820372,-14.980567836761473
-0.148089599609375,-0.13144779205322266,-0.1654855749708784,-0.13825845913652773,-18.514609551429746,-15.112015628814696
-0.2054615020751953,-0.23163604736328125,-0.16464358179607147,-0.14064785380414616,-18.72007105350494,-15.343651676177977
-0.13402938842773438,-0.11966323852539062,-0.1640635114648452,-0.14319795240803254,-18.854100441932676,-15.463314914703368
-0.14442977905273438,-0.47388534545898436,-0.16343916238226608,-0.14668031672399154,-18.998530220985412,-15.937200260162353
-0.22860107421875,-0.19789505004882812,-0.162908259778809,-0.15205338924089887,-19.227131295204163,-16.13509531021118
-0.15435562133789063,-0.134405517578125,-0.16284173665941726,-0.1579853326302146,-19.381486916542055,-16.269500827789305
-0.22659454345703126,-0.2096160888671875,-0.16319362844966745,-0.16311218007274625,-19.608081459999088,-16.47911691665649
-0.12564697265625,-0.11869964599609376,-0.16377947116729608,-0.1674763129315195,-19.733728432655337,-16.597816562652586
-0.2216827392578125,-0.21476516723632813,-0.16443092379293373,-0.17110045979557556,-19.95541117191315,-16.812581729888915
-0.12655258178710938,-0.16731338500976561,-0.1651133572513444,-0.17424731374175403,-20.081963753700258,-16.97989511489868
-0.16824684143066407,-0.2768058776855469,-0.16562159309238206,-0.17734975437790704,-20.250210595130923,-17.25670099258423
-0.1419708251953125,-0.12429122924804688,-0.16583894337480962,-0.18043894794617507,-20.392181420326235,-17.380992221832276
-0.05714111328125,-0.20290069580078124,-0.1654630713162557,-0.1830488254339639,-20.449322533607486,-17.583892917633058
-0.15260848999023438,-0.13341293334960938,-0.16423214622637108,-0.18498499458984832,-20.60193102359772,-17.71730585098267
-0.12350711822509766,-0.13552322387695312,-0.16258210126965725,-0.18611811490233762,-20.72543814182282,-17.85282907485962
-0.20251007080078126,-0.18682804107666015,-0.16102616476614337,-0.18651195501819828,-20.9279482126236,-18.03965711593628
-0.1424285888671875,-0.06378326416015626,-0.15982080973201632,-0.18621481108671964,-21.070376801490788,-18.103440380096437
-0.1855316162109375,-0.20802764892578124,-0.158933453704834,-0.18516045157411637,-21.255908417701725,-18.31146802902222
-0.20822372436523437,-0.21583099365234376,-0.15850197396593205,-0.18411488596753756,-21.46413214206696,-18.527299022674562
-0.14139251708984374,-0.13177032470703126,-0.158536827486232,-0.18336631799003303,-21.605524659156803,-18.659069347381593
-0.1985166549682617,0.05749664306640625,-0.15876656806793374,-0.18161114988635876,-21.804041314125065,-18.601572704315185
-0.14791717529296874,-0.12771854400634766,-0.15914461065284272,-0.1780341213577203,-21.951958489418033,-18.729291248321534
-0.2039661407470703,-0.07332954406738282,-0.15968469889023126,-0.17344282066689928,-22.155924630165103,-18.802620792388918
-0.07606792449951172,-0.0767120361328125,-0.16011214586264924,-0.16835798430478935,-22.231992554664615,-18.87933282852173
-0.23031768798828126,-0.044747543334960935,-0.16027432113573825,-0.16264538733545345,-22.462310242652897,-18.92408037185669
0.0007387161254882813,-0.0105194091796875,-0.16002933414175458,-0.15614675401457795,-22.461571526527408,-18.934599781036376
-0.009774017333984374,-0.0074737548828125,-0.15837011930234537,-0.14870948699956615,-22.471345543861393,-18.94207353591919
-0.0060150146484375,-0.07821464538574219,-0.15477669637756086,-0.1407043315234399,-22.47736055850983,-19.02028818130493
-0.016845703125,-0.01133556365966797,-0.14966611812312658,-0.13259887556923416,-22.49420626163483,-19.031623744964598
0.004614067077636719,-0.01312408447265625,-0.14334655705668367,-0.12430512037537182,-22.489592194557193,-19.044747829437256
0.11302413940429687,-0.018762969970703126,-0.1355975651564874,-0.11576503629150862,-22.376568055152898,-19.063510799407958
-0.011478424072265625,-0.0033880233764648437,-0.12635207218312203,-0.10713408682705254,-22.388046479225164,-19.066898822784424
0.21458358764648439,-0.014886856079101562,-0.11567813879556833,-0.09850280177122525,-22.17346289157868,-19.081785678863525
-0.03221282958984375,-0.006154632568359375,-0.10367024908912974,-0.08999225655394508,-22.205675721168525,-19.087940311431886
-0.18840484619140624,-0.01082763671875,-0.0922541398124229,-0.08170140102890062,-22.394080567359932,-19.098767948150638
-0.018455123901367186,-0.01019439697265625,-0.08290851003400028,-0.07371450257630326,-22.4125356912613,-19.108962345123295
-0.001309967041015625,-0.004700469970703125,-0.0747042111855619,-0.06609021551099506,-22.413845658302318,-19.113662815094
0.00034942626953125,0.22376632690429688,-0.0668285649225394,-0.05801042912834282,-22.413496232032788,-18.889896488189702
-0.0010711669921875,0.000511932373046875,-0.05927318395414744,-0.04880014783689576,-22.414567399024975,-18.889384555816655
0.0199981689453125,-0.022691726684570312,-0.052023349602457095,-0.03965057868864081,-22.39456923007966,-18.912076282501225
-0.0013599395751953125,0.24896240234375,-0.04506422399028937,-0.03067716803690978,-22.395929169654856,-18.663113880157475
-0.14940185546875,-0.0018329620361328125,-0.039063848126443146,-0.021005877111294643,-22.545331025123605,-18.664946842193608
-0.0032314300537109376,-0.04215164184570312,-0.03457333664095315,-0.011869217518118967,-22.548562455177315,-18.70709848403931
-0.01381072998046875,-0.009446334838867188,-0.030927618788368486,-0.004394397315398351,-22.562373185157785,-18.716544818878177
-0.00865631103515625,-0.415802001953125,-0.0275705404985734,0.00020005995588295964,-22.571029496192942,-19.1323468208313
-0.029906463623046876,0.2618865966796875,-0.02458167984029131,0.0019460104483478256,-22.60093595981599,-18.870460224151614
-0.0013767242431640624,-0.006365585327148438,-0.021976312308449708,0.003747479989716074,-22.602312684059154,-18.876825809478763
0.0102142333984375,0.0105743408203125,-0.01955807269947591,0.006142007014482704,-22.592098450660718,-18.86625146865845
-0.00628814697265625,-0.0081695556640625,-0.01720400875086929,0.008081635667896558,-22.598386597633375,-18.874421024322512
0.01407470703125,-0.19525909423828125,-0.014941580370046396,0.008860336329739385,-22.584311890602127,-19.069680118560793
-0.010995101928710938,-0.009474945068359376,-0.012791708471118289,0.007905657703857507,-22.595306992530837,-19.079155063629152
0.002524566650390625,-0.04311370849609375,-0.010826089420493812,0.00605995033780233,-22.592782425880447,-19.122268772125246
-0.11403350830078125,-0.0148193359375,-0.009458202079982572,0.004026694766235584,-22.70681593418123,-19.137088108062745
0.08627777099609375,0.09787063598632813,-0.008680385828425109,0.0023571272074502324,-22.620538163185135,-19.039217472076416
-0.00976715087890625,-0.008927154541015624,-0.007726887305138895,0.0015481591463621133,-22.630305314064042,-19.048144626617432
0.011187744140625,-0.0547760009765625,-0.0065344565023297855,0.0009398905935600391,-22.619117569923418,-19.102920627593996
0.0808807373046875,0.0159210205078125,-0.0051029247788129,4.5610479255858054e-05,-22.53823683261873,-19.086999607086184
0.14947433471679689,0.049003219604492186,-0.0026628325897513558,-0.0006093106142822356,-22.388762497901933,-19.03799638748169
-0.008840179443359375,-0.009840011596679688,0.0007621483713063971,-0.0007718000340657514,-22.397602677345294,-19.04783639907837
-0.207952880859375,0.04401664733886719,0.0033426152545913824,-0.0006310387827482295,-22.605555558204667,-19.003819751739503
-0.03274688720703125,-0.02368316650390625,0.0037976179097181616,-0.0003066360783745693,-22.6383024454117,-19.02750291824341
-0.00155487060546875,0.00890960693359375,0.0031275547906727146,-1.047366971903562e-05,-22.639857316017167,-19.018593311309818
-0.0367156982421875,-0.020414352416992188,0.002258448358774812,0.0001424481421265438,-22.676573014259354,-19.03900766372681
-0.0773162841796875,-0.01813201904296875,0.0009465395436983799,8.713866483248987e-05,-22.75388929843904,-19.05713968276978
0.028044891357421876,-0.022636032104492186,-0.000756911518926045,-0.0002476793468898294,-22.72584440708162,-19.079775714874273
-0.085821533203125,0.03375701904296875,-0.002559738210908086,-0.0006317670043823182,-22.811665940284744,-19.046018695831304
-0.14407997131347655,-0.0138702392578125,-0.0050738280365133295,-0.0008318656526206842,-22.95574591159822,-19.059888935089116
0.008867931365966798,0.004058837890625,-0.008427399726116174,-0.0009508437477667074,-22.946877980232255,-19.05583009719849
-0.0114715576171875,-0.07350921630859375,-0.011611987430334893,-0.001323736335713108,-22.958349537849443,-19.129339313507085
0.006182098388671875,-0.17059097290039063,-0.01413843238398795,-0.0027523188573303605,-22.952167439460773,-19.299930286407477
-0.010022354125976563,0.0145294189453125,-0.01608177106516231,-0.005357688230617161,-22.96218979358675,-19.285400867462165
0.01247100830078125,0.002165985107421875,-0.017480766276896566,-0.007965980111875057,-22.949718785285967,-19.283234882354744
-0.01343841552734375,0.03252601623535156,-0.01839337572129673,-0.009848084428085296,-22.96315720081331,-19.250708866119393
-0.01900634765625,0.003964996337890625,-0.01901194404747178,-0.011023278920367115,-22.98216354846956,-19.2467438697815
-0.0052093505859375,-0.01757049560546875,-0.01945958342068842,-0.011764554923464631,-22.987372899055497,-19.26431436538697
-0.0091156005859375,-0.12466583251953126,-0.01969201519362972,-0.012779117172903975,-22.996488499641433,-19.388980197906502
-0.19029197692871094,-0.00662078857421875,-0.02037540112771417,-0.014433975511517089,-23.186780476570146,-19.39560098648072
0.00955657958984375,-0.004473114013671875,-0.022029103223019094,-0.016125948409547695,-23.1772238969803,-19.40007410049439
-0.006964111328125,-0.000274658203125,-0.023739599643372918,-0.017366198377944835,-23.184188008308425,-19.400348758697515
-0.04318046569824219,-0.10535163879394531,-0.02499990537754021,-0.01855267326205715,-23.227368474006667,-19.50570039749146
-0.07708892822265626,0.1109649658203125,-0.02631002856089991,-0.01963941589408529,-23.304457402229325,-19.394735431671148
-0.00766143798828125,-0.02406158447265625,-0.027768209749973332,-0.019929639994686263,-23.312118840217607,-19.418797016143802
-0.1220250129699707,-0.01040802001953125,-0.029363323694717516,-0.019693996610994587,-23.434143853187578,-19.429205036163335
0.02126007080078125,0.00951976776123047,-0.03110796694493107,-0.019339473656204347,-23.412883782386796,-19.419685268402105
0.00921478271484375,-0.09374847412109374,-0.03237246598135097,-0.01907077440214274,-23.403668999671954,-19.513433742523198
-0.0026821136474609376,-0.24199275970458983,-0.03282808086567118,-0.020090548601621412,-23.406351113319413,-19.755426502227788
-0.029582977294921875,-0.006865692138671875,-0.0328271365089351,-0.022770472451088493,-23.435934090614335,-19.76229219436646
-0.011772060394287109,-0.01480560302734375,-0.032617416835865325,-0.025663958511958365,-23.44770615100862,-19.777097797393804
-0.00017242431640625,0.24651031494140624,-0.032162357686217447,-0.026953871070759368,-23.447878575325028,-19.530587482452397
-0.0002558708190917969,-0.1477076530456543,-0.03136027351871852,-0.0264462964039867,-23.44813444614412,-19.67829513549805
0.012757110595703124,0.0389312744140625,-0.030190751318864582,-0.02567436558056099,-23.435377335548417,-19.63936386108399
0.19839096069335938,0.0327850341796875,-0.02796429707280385,-0.02479040152882549,-23.236986374855057,-19.6065788269043
0.02923431396484375,0.07911148071289062,-0.024106142003233952,-0.02302624411975989,-23.207752060890215,-19.52746734619141
0.156304931640625,-0.12528305053710936,-0.0190305959900689,-0.020977714197591948,-23.05144712924959,-19.65275039672852
0.17843856811523437,0.31414031982421875,-0.012621452565468778,-0.0184420619755751,-22.873008561134355,-19.338610076904303
0.198834228515625,0.3846134185791016,-0.004494295505382008,-0.012837450982519984,-22.67417433261873,-18.953996658325202
0.11684722900390625,0.10406303405761719,0.0048843785029639855,-0.00365890688785977,-22.557327103614824,-18.849933624267585
0.2500885009765625,0.6088920593261719,0.015137495692259955,0.008430134153174108,-22.30723860263826,-18.241041564941412
0.12436027526855468,0.24794921875,0.026186983079644087,0.024114034950603595,-22.182878327369707,-17.99309234619141
0.118115234375,0.4106101989746094,0.0372923508082553,0.042383274187499174,-22.064763092994706,-17.5824821472168
0.08374481201171875,0.1812591552734375,0.047658558700517786,0.06159260594555495,-21.981018280982987,-17.401222991943364
0.10685615539550782,0.0593719482421875,0.05706791005571778,0.07979708233570396,-21.87416212558748,-17.341851043701176
0.11095778942108155,0.12281875610351563,0.06559766791875678,0.09541286339373843,-21.763204336166396,-17.21903228759766
0.026961851119995116,0.10891876220703126,0.07307668299638381,0.10860300494349961,-21.7362424850464,-17.110113525390627
0.1809295654296875,0.4202091217041016,0.07953175281404264,0.12082785960712605,-21.555312919616714,-16.689904403686526
0.10944008827209473,0.07239313125610351,0.08558820701463549,0.13301226466822808,-21.44587283134462,-16.617511272430423
0.18291587829589845,0.17501220703125,0.0915291130412875,0.143965984590151,-21.26295695304872,-16.442499065399172
0.1692671298980713,0.35488529205322267,0.09751108826206556,0.15386578545871893,-21.09368982315065,-16.08761377334595
0.11470489501953125,0.20832061767578125,0.10341042265578096,0.16388357802267445,-20.97898492813112,-15.879293155670169
0.02015533447265625,0.1753215789794922,0.10836803573374128,0.1733253359271438,-20.958829593658464,-15.703971576690677
-0.010491943359375,0.16897048950195312,0.11147197891454985,0.18135523181171137,-20.96932153701784,-15.535001087188723
0.11944539546966552,0.11651420593261719,0.11288527159865669,0.18773132060942152,-20.849876141548176,-15.418486881256106
0.195306396484375,0.16772384643554689,0.11396764174602522,0.19241300728749788,-20.6545697450638,-15.25076303482056
0.35244178771972656,0.11893692016601562,0.11634646438790142,0.1956126086439706,-20.302127957344073,-15.131826114654544
0.19771881103515626,0.16691207885742188,0.12062876764198904,0.1975309179509723,-20.104409146308917,-14.964914035797122
0.2725196838378906,0.11526260375976563,0.1261618779749169,0.19833251587538767,-19.831889462471025,-14.849651432037357
0.12649307250976563,0.1284881591796875,0.13211457504299204,0.19803514458757548,-19.70539638996126,-14.72116327285767
0.171099853515625,0.17971115112304686,0.13770704006977136,0.1969162972893973,-19.534296536445634,-14.541452121734622
0.12750167846679689,0.10892448425292969,0.1425532514573669,0.1952884924955084,-19.406794857978838,-14.432527637481693
0.17431106567382812,0.2677255630493164,0.1467197900915195,0.19350608615594336,-19.23248379230501,-14.164802074432377
0.1292255401611328,0.12435760498046874,0.15027483292956736,0.19199472548822813,-19.103258252143878,-14.040444469451907
0.17293624877929686,0.1782970428466797,0.15326770590467012,0.1904641861811398,-18.93032200336458,-13.862147426605228
0.17022781372070311,0.23859100341796874,0.15589010168199174,0.1890295987417209,-18.760094189643876,-13.623556423187258
0.10260696411132812,0.1819488525390625,0.15805813772385657,0.1881230655997297,-18.65748722553255,-13.441607570648197
-0.0561553955078125,0.05339813232421875,0.15873978623350812,0.18701425861742607,-18.71364262104036,-13.388209438323978
0.06724965572357178,0.18051986694335936,0.15721924272494794,0.18507628974183568,-18.64639296531679,-13.207689571380618
0.06354694366455078,0.317735481262207,0.15418256300233749,0.1834244069271147,-18.582846021652237,-12.88995409011841
0.10857033729553223,0.12369461059570312,0.1505037675054996,0.1827875031969119,-18.474275684356705,-12.766259479522708
0.18860321044921874,0.2561313629150391,0.1469432624854623,0.18258063450538542,-18.285672473907486,-12.51012811660767
0.11906280517578124,0.15101470947265624,0.14402428248968824,0.18261261430812767,-18.166609668731706,-12.359113407135013
0.23421630859375,0.13157253265380858,0.14188785842797802,0.18249192268907052,-17.932393360137954,-12.227540874481203
0.12511672973632812,0.11744155883789062,0.14062464712653938,0.18167246211130464,-17.807276630401628,-12.110099315643312
0.20369033813476561,0.09087657928466797,0.14002214336545932,0.18001089724264607,-17.60358629226686,-12.019222736358644
0.16831588745117188,0.17631301879882813,0.14002739838897046,0.1777342346445389,-17.43527040481569,-11.842909717559817
0.17761459350585937,0.19557342529296876,0.14060339733589083,0.17556799721115432,-17.25765581130983,-11.647336292266848
0.1784271240234375,0.16775283813476563,0.1415910499203769,0.17387376377157418,-17.079228687286395,-11.479583454132083
0.4212188720703125,-0.007166290283203125,0.1438279003156934,0.17183396638232756,-16.658009815216083,-11.486749744415286
0.18189773559570313,0.14677925109863282,0.14797297812052393,0.16872420084836529,-16.47611207962038,-11.339970493316654
0.050420379638671874,0.110333251953125,0.15232519569634234,0.16511331420527842,-16.425691699981705,-11.229637241363529
0.1734954833984375,0.1562225341796875,0.15541443317663436,0.16159495457411127,-16.25219621658327,-11.073414707183842
-0.03221817016601562,0.10775146484375,0.15707185316822495,0.15822987652485052,-16.284414386749283,-10.965663242340092
0.1135101318359375,0.11884765625,0.1569900328937746,0.1548971616521363,-16.170904254913346,-10.846815586090091
0.16978073120117188,0.17028388977050782,0.15596766573756832,0.1517309333873196,-16.001123523712174,-10.676531696319584
0.12160873413085938,0.11263427734375,0.15493360698807998,0.1489539225852404,-15.879514789581314,-10.563897418975834
0.16867389678955078,0.06803932189941406,0.15393006233355508,0.14615018715507738,-15.710840892791763,-10.49585809707642
0.1808197021484375,0.1769500732421875,0.15317703626255869,0.14322732937142935,-15.530021190643327,-10.318908023834233
0.17599658966064452,0.042686843872070314,0.15288561236515835,0.1403881999073065,-15.354024600982681,-10.276221179962162
0.11669464111328125,-0.04024200439453125,0.1527791350290575,0.13678187681298032,-15.2373299598694,-10.316463184356694
0.1773956298828125,0.16124725341796875,0.15260186039845566,0.1322283046141266,-15.059934329986588,-10.155215930938725
0.12211141586303711,0.1863800048828125,0.15239256841204293,0.1281978199843622,-14.93782291412355,-9.968835926055913
0.21010513305664064,0.12561569213867188,0.1522975852744861,0.12535534977120122,-14.72771778106691,-9.843220233917242
0.11355514526367187,0.115936279296875,0.15238715071840242,0.12316447061072862,-14.61416263580324,-9.727283954620367
0.013751983642578125,0.1627410888671875,0.15188780267974555,0.1214301618141858,-14.600410652160662,-9.564542865753179
0.10425639152526855,0.12602386474609376,0.15015785530138848,0.12027420019008848,-14.496154260635393,-9.438519001007085
0.4399017333984375,0.1595977783203125,0.14893243555631058,0.11964431625825062,-14.056252527236955,-9.278921222686773
0.10306472778320312,0.1268768310546875,0.14968621225325635,0.11945568497608683,-13.953187799453753,-9.152044391632085
0.18974456787109376,0.182965087890625,0.15117571073041272,0.11972691309094638,-13.76344323158266,-8.96907930374146
-0.044474029541015626,0.10700912475585937,0.1518192360536319,0.12039187229622976,-13.807917261123675,-8.8620701789856
0.20712203979492189,0.18586883544921876,0.15127380287855574,0.12131538480830767,-13.600795221328754,-8.676201343536382
0.15323562622070314,0.10521087646484376,0.15051987408003087,0.1224459784981925,-13.447559595108052,-8.570990467071539
0.21279983520507811,0.21755905151367189,0.15033892310343797,0.12384181733651745,-13.234759759902973,-8.353431415557868
0.0631134033203125,0.11188011169433594,0.15033444921109115,0.1255784191270009,-13.171646356582661,-8.241551303863531
0.057851409912109374,0.10519533157348633,0.14959021567118175,0.12719235197253914,-13.113794946670552,-8.136355972290044
-0.066705322265625,0.021930694580078125,0.14720611450901336,0.12794749427648092,-13.180500268936177,-8.114425277709966
0.0177886962890625,0.011217880249023437,0.14286842761532326,0.12730660881750938,-13.162711572647114,-8.103207397460942
0.043781280517578125,0.043578720092773436,0.13721312637239005,0.12524432471841473,-13.118930292129535,-8.059628677368169
0.10464096069335938,0.08302993774414062,0.1312513679002003,0.12236043015850272,-13.014289331436176,-7.976598739624028
0.07904205322265626,0.08215799331665039,0.12556166994983387,0.1192302788286623,-12.93524727821352,-7.894440746307377
0.1611602783203125,0.16326370239257812,0.12051455942853248,0.11636961447737579,-12.774086999893207,-7.731177043914799
0.08036165237426758,0.07628860473632812,0.11628800155542776,0.11404532542676799,-12.693725347518939,-7.65488843917847
0.0801666259765625,0.07602462768554688,0.11252107024370063,0.11186654207446386,-12.613558721542375,-7.578863811492924
0.12600812911987305,0.12727203369140624,0.10906548414511874,0.10970983045846942,-12.487550592422503,-7.451591777801517
0.12970046997070311,0.10564117431640625,0.10626532348358245,0.10789474802717883,-12.357850122451799,-7.345950603485111
0.2248779296875,0.12430496215820312,0.10459190886839145,0.10648848179415749,-12.1329721927643,-7.221645641326908
0.08465423583984374,0.08175392150878906,0.10408095948357218,0.10534758336468715,-12.048317956924455,-7.139891719818118
-0.042783164978027345,0.0815155029296875,0.10341808029132692,0.10420389205873606,-12.091101121902483,-7.058376216888431
0.11779098510742188,0.13798980712890624,0.10178823871476597,0.10312312962439155,-11.97331013679506,-6.920386409759525
0.08387603759765624,0.08590164184570312,0.09995121508599271,0.10233026046167233,-11.889434099197404,-6.834484767913821
0.014249134063720702,0.10490732192993164,0.09805107858743049,0.10168596731496042,-11.875184965133682,-6.72957744598389
0.09689407348632813,0.08190994262695313,0.0957977834812458,0.1010411220925984,-11.778290891647353,-6.647667503356937
0.11671199798583984,-0.05509796142578125,0.0936997083778835,0.09981121153842526,-11.661578893661513,-6.702765464782718
0.0853790283203125,0.07918701171875,0.09209135888607918,0.09751996263539313,-11.5761998653412,-6.623578453063969
0.11044578552246094,0.126373291015625,0.09085190035684884,0.09502074292803606,-11.465754079818739,-6.497205162048344
0.08140096664428711,0.08011627197265625,0.08990212477069039,0.09304421595570685,-11.384353113174452,-6.4170888900756875
0.13966693878173828,0.12873077392578125,0.08930004800605516,0.09154581469214712,-11.244686174392713,-6.288358116149906
0.13007354736328125,0.125726318359375,0.0892798867325966,0.090643121541767,-11.114612627029432,-6.162631797790532
0.1367950439453125,0.2480804443359375,0.08991306199921031,0.09084965291866186,-10.97781758308412,-5.914551353454594
0.08561210632324219,0.29907989501953125,0.09091259972504871,0.09304189269270878,-10.892205476760877,-5.615471458435063
0.1385589599609375,0.2409130096435547,0.09204973251312437,0.09746664600293459,-10.75364651679994,-5.374558448791508
0.15193710327148438,0.13540878295898437,0.09353218038886693,0.10307759568593064,-10.601709413528456,-5.239149665832524
0.08717193603515624,0.11528091430664063,0.09533634448439834,0.10855255883756303,-10.514537477493299,-5.123868751525883
0.08502197265625,0.08629417419433594,0.0969552543387523,0.11320148536091573,-10.429515504837049,-5.037574577331547
0.13420867919921875,0.12500381469726562,0.0983236268496212,0.11694885722873209,-10.29530682563783,-4.912570762634282
0.12172393798828125,0.08719100952148437,0.0997657057885017,0.11992563823217854,-10.173582887649548,-4.825379753112797
0.06404495239257812,0.09060592651367187,0.10112741155095956,0.12209284074855145,-10.10953793525697,-4.734773826599125
0.1149688720703125,0.12316741943359374,0.10212352833674719,0.12355660024408925,-9.994569063186658,-4.611606407165531
0.0546661376953125,0.12230377197265625,0.10274071849117761,0.12465533966676468,-9.939902925491346,-4.489302635192875
0.131768798828125,0.11933975219726563,0.1030586140623394,0.12553351075435903,-9.808134126663221,-4.369962882995609
0.1286529541015625,0.17344436645507813,0.10345014110353123,0.12638565660902024,-9.679481172561658,-4.196518516540531
0.0802215576171875,0.00216827392578125,0.10397890811008423,0.12696452698140748,-9.59925961494447,-4.1943502426147505
0.09143218994140626,0.012353515625,0.10429342035051367,0.12629845266417983,-9.507827425003065,-4.181996726989751
0.35944976806640627,0.12293014526367188,0.10530048007408098,0.12445372401260428,-9.148377656936658,-4.059066581726079
0.02364044189453125,0.08559951782226563,0.10763849437227822,0.12235160638710206,-9.124737215042126,-3.9734670639038137
0.3732452392578125,0.0748321533203125,0.11086133192858683,0.12015553832145258,-8.751491975784313,-3.898634910583501
0.1372161865234375,0.1330963134765625,0.11523953689424803,0.117910453166173,-8.614275789260876,-3.7655385971069384
0.0779632568359375,0.08676376342773437,0.1198634862769456,0.1158720864950913,-8.536312532424938,-3.678774833679204
0.12660369873046876,0.08239593505859374,0.12351833014016753,0.11389590187398185,-8.40970883369447,-3.5963788986206104
0.11577377319335938,0.1325714111328125,0.12640741251981036,0.11198268345701569,-8.293935060501111,-3.4638074874877978
0.08331031799316406,0.08476943969726562,0.12859370290259087,0.11032439225071786,-8.210624742507948,-3.379038047790532
0.046794700622558597,0.13018569946289063,0.1297533414623047,0.10890350042805087,-8.163830041885388,-3.2488523483276412
0.08065032958984375,0.08500747680664063,0.12977723272449887,0.10769416089071857,-8.083179712295545,-3.163844871521001
0.1244415283203125,0.07306632995605469,0.12912152953231093,0.10647344234545185,-7.958738183975232,-3.090778541564946
0.12730331420898439,0.10559310913085937,0.1283565556577178,0.10512856815806867,-7.831434869766247,-2.9851854324340867
0.08309783935546874,0.06806411743164062,0.12753041291768738,0.10375567415257143,-7.748337030410778,-2.917121315002446
0.12884902954101562,0.12671318054199218,0.12652089324400817,0.10243758496043447,-7.6194880008697625,-2.790408134460454
0.08466644287109375,0.02922210693359375,0.12538375747218122,0.10112028893029225,-7.534821557998669,-2.7611860275268603
0.1291217803955078,-0.11905059814453126,0.12416292601808394,0.0987919887018153,-7.405699777603161,-2.8802366256713916
0.127239990234375,-0.0468475341796875,0.12304488757157961,0.0944854456093692,-7.278459787368786,-2.9270841598510793
0.12908477783203126,0.12958984375,0.12218315607961865,0.08921013807873046,-7.1493750095367545,-2.7974943161010795
0.11597900390625,0.13114166259765625,0.1215075660176272,0.08474533734722321,-7.033396005630505,-2.666352653503423
0.0899871826171875,0.02559661865234375,0.12081521448960932,0.08129174822408718,-6.943408823013317,-2.6407560348510795
0.11265716552734376,0.10643157958984376,0.11996523079818912,0.07826863571269053,-6.8307516574859735,-2.5343244552612356
0.13029632568359376,0.326300048828125,0.11912955007048733,0.07664926532841881,-6.70045533180238,-2.2080244064331107
0.07970733642578125,0.07793121337890625,0.11834460289069379,0.07721437427628573,-6.620747995376599,-2.1300931930542046
0.1318523406982422,0.1834644317626953,0.11749980182491548,0.07897957829657135,-6.488895654678356,-1.9466287612915094
0.08198394775390624,0.09293746948242188,0.1166310111376285,0.08126095063050637,-6.40691170692445,-1.8536912918090875
0.3131439208984375,0.13310623168945312,0.11641954823807082,0.08381336650755457,-6.093767786026012,-1.7205850601196344
0.08475875854492188,0.08104629516601562,0.11742808135213102,0.08633027150744442,-6.00900902748109,-1.6395387649536188
0.09352645874023438,0.09243621826171874,0.1186580273783474,0.08859062585724992,-5.915482568740856,-1.5471025466919002
0.12822036743164061,0.12697830200195312,0.11941753794328223,0.09062251284018165,-5.787262201309216,-1.4201242446899471
0.08138542175292969,-0.2049896240234375,0.11988563888672345,0.09152286517058489,-5.705876779556286,-1.6251138687133846
0.12592086791992188,0.12656478881835936,0.12005069676781065,0.0903841950064437,-5.579955911636365,-1.4985490798950252
-0.105340576171875,0.08668365478515624,0.11927507125933126,0.08860983833531844,-5.685296487808239,-1.411865425109869
0.121795654296875,0.05483856201171875,0.1170319568467671,0.08712557937612044,-5.563500833511364,-1.3570268630981503
0.08487396240234375,0.08564605712890624,0.11426673930259795,0.08564215955335011,-5.478626871109021,-1.2713808059692442
0.2849540710449219,0.11875152587890625,0.11238428984581006,0.08440864668835445,-5.193672800064099,-1.152629280090338
0.1186676025390625,0.12659454345703125,0.11198144578744061,0.08378199568169625,-5.075005197525036,-1.0260347366333067
0.08242340087890625,0.15585708618164062,0.11221202432870377,0.08395516330700217,-4.99258179664613,-0.8701776504516661
0.0455841064453125,0.19439773559570311,0.1119713655885122,0.0851753618728422,-4.946997690200817,-0.6757799148559629
0.12618865966796874,0.16049957275390625,0.11123350068204535,0.08751681402345682,-4.820809030532848,-0.5152803421020566
0.140350341796875,0.19098358154296874,0.11059179009461509,0.09076748775494205,-4.680458688735973,-0.3242967605590879
0.13709716796875,0.13109359741210938,0.1104225946899415,0.09461338943505487,-4.543361520767223,-0.19320316314697852
0.08149795532226563,-0.019820404052734376,0.11047779395635365,0.098031926532752,-4.461863565444958,-0.2130235671997129
0.13380889892578124,0.13180923461914062,0.11049499900397361,0.10028228534533358,-4.328054666519177,-0.08121433258057228
-0.16297454833984376,0.10791282653808594,0.10958283613332481,0.10198726729068375,-4.4910292148590205,0.026698493957513655
0.08597640991210938,0.0873748779296875,0.10684720215916911,0.1035126521152122,-4.405052804946911,0.11407337188720115
0.11548080444335937,0.2054656982421875,0.10345986457817911,0.10505796203741069,-4.289572000503552,0.31953907012938865
-0.12492218017578124,0.2118865966796875,0.09982067320575967,0.10740181362662561,-4.414494180679333,0.5314256668090762
0.12641067504882814,0.29851226806640624,0.09529913141393395,0.11116816174348125,-4.288083505630505,0.8299379348754825
0.0176971435546875,0.09382171630859375,0.09066051065706761,0.11598022744599636,-4.270386362075818,0.9237596511840762
0.4622627258300781,0.12828216552734376,0.08772394289961243,0.12055392503555522,-3.8081236362457394,1.05204181671142
0.086041259765625,0.0116119384765625,0.0877187137217882,0.12394755046227192,-3.7220823764801145,1.0636537551879826
0.03958892822265625,0.08574600219726562,0.08888435391281237,0.12585228853602382,-3.6824934482574583,1.1493997573852481
0.03625030517578125,0.12554550170898438,0.08930222128583437,0.1267415426618368,-3.646243143081677,1.2749452590942325
0.08656539916992187,0.0861175537109375,0.0890778202827723,0.12718174659950984,-3.559677743911755,1.36106281280517
0.09412384033203125,0.12692947387695314,0.0886987081448748,0.12724599479299045,-3.465553903579724,1.4879922866821231
0.0888427734375,0.09814987182617188,0.08841341421410212,0.12704315852028766,-3.376711130142224,1.586142158508295
0.15564231872558593,0.215789794921875,0.08844184440022163,0.12698506347291688,-3.221068811416638,1.80193195343017
-0.04969940185546875,0.08468017578125,0.08845355150096956,0.12732202556357253,-3.270768213272107,1.8866121292114202
0.12496471405029297,0.11360626220703125,0.0878382285948592,0.12756598160314073,-3.145803499221814,2.0002183914184513
0.09809799194335937,0.07985916137695312,0.08713105226190024,0.1273410041686522,-3.0477055072784545,2.0800775527954043
0.16532573699951172,0.12056732177734375,0.0870386724550048,0.12673445398250555,-2.8823797702789427,2.200644874572748
0.12433624267578125,0.1370147705078125,0.08770352865834209,0.12604945517027344,-2.7580435276031614,2.3376596450805605
0.17311267852783202,0.094281005859375,0.08911592577528234,0.12542050274646843,-2.5849308490753296,2.4319406509399353
0.0900054931640625,0.09799118041992187,0.0910375561998242,0.12461105111281888,-2.494925355911267,2.5299318313598573
0.13076400756835938,0.1249755859375,0.09307996083245423,0.1236320501351065,-2.3641613483429076,2.6549074172973572
-0.07132415771484375,-0.198431396484375,0.09445622964643091,0.12156290590243417,-2.435485506057751,2.4564760208129823
-0.000604248046875,0.13360366821289063,0.09419482554908586,0.11756878886384989,-2.4360897541046262,2.590079689025873