-0.004055600608896021,0.0014025225968414044,0.0006219375517829126,-4.055600608896021e-05,1.4025225968414045e-05,-4.055600608896021e-07,1.4025225968414046e-07
-0.0028708819211719014,-0.00040258790594337683,0.0018073213863761786,-6.926482530067923e-05,9.999346908980277e-06,-1.0982083138963945e-06,2.4024572877394323e-07
0.010245933948210866,-0.014859623273304328,-0.009098486478124381,3.319451418142943e-05,-0.000138596885824063,-7.662631720821003e-07,-1.1457231294666868e-06
0.0007120501181963703,-0.0034172285102006335,-0.0030149132546560264,4.031501536339313e-05,-0.00017276917092606933,-3.6311301844816896e-07,-2.8734148387273804e-06
0.016676827486015098,-0.008249670045258235,0.011280790500589569,0.00020708329022354409,-0.0002552658713786517,1.7077198837872718e-06,-5.426073552513898e-06
0.013685334232028695,0.009789549071244387,0.009578690431923264,0.00034393663254383104,-0.00015737038066620783,5.147086209225582e-06,-6.999777359175976e-06
-0.001712075249927516,-0.010017904973159367,0.013143713750760158,0.0003268158800445559,-0.00025754943039780153,8.415245009671141e-06,-9.57527166315399e-06
-0.009408710977401407,0.00081330834491495,0.004835274498453684,0.00023272877027054182,-0.000249416346948652,1.0742532712376559e-05,-1.206943513264051e-05
-0.00822164872364386,0.008023219262745102,0.0012685249081570108,0.0001505122830341032,-0.000169184154321201,1.224765554271759e-05,-1.3761276675852521e-05
0.013670580173891823,0.024215762178744195,0.006649460188541875,0.0002872180847730214,7.297346746624095e-05,1.5119836390447805e-05,-1.3031542001190112e-05
0.0035859523444876852,0.0050022711281605394,0.01618846899910073,0.00032307760821789826,0.00012299617874784633,1.8350612472626786e-05,-1.1801580213711648e-05
0.031463608216922255,0.01336402022711529,0.011322045158406003,0.0006377136903871208,0.0002566363810189992,2.4727749376497994e-05,-9.235216403521656e-06
0.0019179649789578008,-0.006426874531410677,-0.006629150263887366,0.0006568933401766987,0.00019236763570489244,3.1296682778264984e-05,-7.311540046472732e-06
-0.00531043606475928,0.020645464340947606,0.009105629844451279,0.0006037889795291059,0.0003988222791143685,3.7334572573556044e-05,-3.3233172553290465e-06
-0.007459194218417642,0.006199105418234552,-0.04069002577773588,0.0005291970373449295,0.00046081333329671403,4.2626542947005336e-05,1.2848160776380942e-06
-0.013541884567086302,0.014041352083375307,-0.0058732419522984965,0.00039377819167406644,0.0006012268541304672,4.6564324863746e-05,7.297084618942765e-06
-0.022301703729365997,0.00322359183923095,-0.03525139738069579,0.00017076115438040648,0.0006334627725227767,4.8271936407550065e-05,1.3631712344170532e-05
0.009610261699794011,0.004379136778576345,-0.007208963334765165,0.0002668637713783466,0.0006772541403085401,5.094057412133353e-05,2.0404253747255934e-05
-0.005225439626214991,-0.0010012577709010231,-0.0023807627091463517,0.0002146093751161967,0.00066724156259953,5.30866678724955e-05,2.7076669373251234e-05
-0.0010956791013046452,0.014620051990295277,-0.00412250361705708,0.00020365258410315025,0.0008134420825024828,5.5123193713527004e-05,3.5211090198276066e-05
-0.00163376138405432,-0.019042423877561592,-0.002478797701135365,0.00018731497026260705,0.0006230178437268668,5.699634341615307e-05,4.1441268635544736e-05
0.011397354618081933,0.010385079227649365,-0.011982180479802863,0.00030128851644342636,0.0007268686360033605,6.0009228580587334e-05,4.870995499557834e-05
0.010204593156267632,0.004978898872114152,-0.007807796495672972,0.0004033344480061027,0.0007766576247245021,6.404257306064835e-05,5.6476531242823365e-05
0.01423822799566645,0.010995210314854679,0.019169973086992684,0.0005457167279627672,0.0008866097278730488,6.949974034027603e-05,6.534262852155385e-05
0.009545872851087215,0.01099793669922944,0.006005357562464565,0.0006411754564736394,0.0009965890948653432,7.591149490501242e-05,7.530851947020728e-05
-0.006407082607827878,-0.02143424296659798,0.005918566662945224,0.0005771046303953606,0.0007822466651993634,8.168254120896602e-05,8.313098612220092e-05
0.013721255751827276,0.0031741012036926876,0.003555420667675173,0.0007143171879136333,0.0008139876772362902,8.882571308810235e-05,9.127086289456382e-05
-0.010656863860593571,0.007434046881574759,0.017455085689419943,0.0006077485493076976,0.0008883281460520378,9.490319858117933e-05,0.0001001541443550842
-0.005822172071473252,0.007414560231693017,-0.00533555445096369,0.0005495268285929651,0.000962473748368968,0.00010039846686710897,0.00010977888183877388
0.006588323620904856,-0.0022198720319828945,0.01015054447022305,0.0006154100648020136,0.000940275028049139,0.00010655256751512911,0.00011918163211926527
-0.0028948164416571355,0.016428785509788685,8.777317549579056e-05,0.0005864619003854422,0.001104562883147026,0.00011241718651898353,0.00013022726095073553
0.002363585865506977,0.009215893992278946,0.02340381832999366,0.000610097759040512,0.0011967218230698154,0.00011851816410938865,0.00014219447918143368
0.026210761560936897,0.063849684974197,-0.033366030208954796,0.0008722053746498809,0.0018352186728117855,0.00012724021785588747,0.00016054666590955153
-0.16235030644852372,0.3708558262666361,0.11682403450760764,-0.0007512976898353562,0.005543776935478147,0.00011972724095753392,0.000215984435264333
-0.037527384492317094,-0.009323120189455998,0.07141650709782747,-0.0011265715347585272,0.0054505457335835865,0.00010846152560994865,0.00027048989260016886
0.04764562661930267,-0.22108357484727248,0.07668579939049514,-0.0006501152685655005,0.0032397099851108617,0.00010196037292429364,0.00030288699245127745
-0.11902323761507594,0.25898128668931103,0.1598768510850096,-0.00184034764471626,0.005829522852003972,8.355689647713104e-05,0.0003611822209713172
0.01277451010446327,0.16789628811450372,0.01690751788595508,-0.0017126025436716274,0.007508485733149009,6.643087104041476e-05,0.0004362670783028073
-0.09144003604034487,0.06169147718904405,0.02462091627155125,-0.002627002904075076,0.00812540050503945,4.0160841999664004e-05,0.0005175210833532018
-0.0989049147402762,-0.14581224626865033,-0.2411775982321492,-0.003616052051477838,0.006667278042352946,4.000321484885624e-06,0.0005841938637767312
0.05212315966271459,-0.055780553817288456,0.06784693182965018,-0.003094820454850692,0.006109472504180062,-2.6947883063621295e-05,0.0006452885888185318
-0.08601419497221334,0.018929974602639822,-0.12780697407101363,-0.003954962404572826,0.00629877225020646,-6.649750710934955e-05,0.0007082763113205965
0.006501621248126942,-0.04021136238065155,-0.2500970430723109,-0.0038899461920915567,0.005896658626399945,-0.0001053969690302651,0.0007672428975845959
-0.016730642916060124,0.047730314793377596,0.03504433833304578,-0.004057252621252158,0.0063739617743337204,-0.0001459694952427867,0.0008309825153279331
0.04598447136485847,0.005559051096116597,0.09212574956063353,-0.0035974079076035734,0.0064295522852948865,-0.00018194357431882243,0.000895278038180882
-0.005616362949629961,0.039914121907133615,0.07751000369048787,-0.003653571537099873,0.006828693504366223,-0.00021847928968982117,0.0009635649732245442
-0.04568171423978027,0.0026953013318684956,0.028359279735348495,-0.0041103886794976756,0.006855646517684908,-0.00025958317648479794,0.0010321214384013933
0.05196857522386512,-0.13276161430710307,-0.0074150308589892204,-0.003590702927259024,0.005528030374613877,-0.00029549020575738816,0.001087401742147532
-0.015382641438986797,0.024200538569985518,-0.14484325399471917,-0.0037445293416488922,0.005770035760313732,-0.00033293549917387706,0.0011451020997506694
0.04124933028909742,0.032543982372533795,-0.07252211974889515,-0.003332036038757918,0.00609547558403907,-0.00036625585956145626,0.00120605685559106
-0.02127125963689631,0.07482979129906159,0.12088000560091655,-0.003544748635126881,0.006843773497029686,-0.00040170334591272506,0.001274494590561357
0.14139950008538948,-0.09731704070215914,0.30639605278181264,-0.0021307536342729866,0.005870603090008094,-0.0004230108822554549,0.0013332006214614377
-0.02710749512632945,0.015929817092912205,0.12422550293821863,-0.002401828585536281,0.006029901260937216,-0.00044702916811081774,0.0013934996340708098
-0.039053825972442224,0.028583417984039072,0.1399122202038015,-0.002792366845260703,0.0063157354407776065,-0.00047495283656342476,0.0014566569884785858
0.047755277755336854,0.060249517137163366,0.0690019139064027,-0.0023148140677073346,0.00691823061214924,-0.0004981009772404981,0.0015258392946000782
-0.0025807104036621683,0.060867266309361436,-0.09978097848392356,-0.0023406211717439565,0.007526903275242854,-0.0005215071889579377,0.0016011083273525068
-0.011139882510170146,-0.1333538923020676,-0.24506555992590026,-0.002452019996845658,0.006193364352222178,-0.0005460273889263943,0.0016630419708747286
0.005535351865354404,-0.10147033079752803,-0.12753247178673877,-0.002396666478192114,0.005178661044246898,-0.0005699940537083155,0.0017148285813171976
0.0006430136155641877,0.02243475308131536,0.002498490331214457,-0.002390236342036472,0.005403008575060052,-0.0005938964171286801,0.001768858667067798
0.060226794691325254,0.008605237128007943,0.2382984492173054,-0.0017879683951232195,0.005489060946340131,-0.0006117761010799123,0.0018237492765311994
-0.04726042238657206,0.11400113794436563,0.22603307876182435,-0.00226057261898894,0.006629072325783787,-0.0006343818272698018,0.0018900399997890372
-0.052106707589898535,-0.06882548776708627,0.036442522509439,-0.0027816396948879257,0.0059408174481129245,-0.000662198224218681,0.0019494481742701663
-0.004042380216739154,0.02130334543654538,0.13794097252240917,-0.002822063497055317,0.006153850902478378,-0.0006904188591892341,0.0020109866832949503
0.037656976133302815,0.06387638954427406,0.07145601993219079,-0.002445493735722289,0.006792614797921119,-0.000714873796546457,0.0020789128312741615
0.016520095675532157,0.09213909606750595,0.004556233424217121,-0.0022802927789669675,0.007714005758596178,-0.0007376767243361267,0.0021560528888601234
0.044334799464347305,0.05355998614456398,-0.11258624841296871,-0.0018369447843234945,0.008249605620041818,-0.0007560461721793616,0.0022385489450605415
0.041537800657602805,-0.06725927624652475,-0.09935300791552393,-0.0014215667777474664,0.007577012857576571,-0.0007702618399568362,0.002314319073636307
0.06014276247647822,-0.07326101487168686,-0.002377664273196454,-0.0008201391529826842,0.006844402708859702,-0.0007784632314866631,0.002382763100724904
0.012695429405600062,0.31869285073295184,-0.18253989526426964,-0.0006931848589266836,0.01003133121618922,-0.00078539508007593,0.0024830764128867962
-0.1703233525704433,0.2704621941738614,0.07983624240872966,-0.0023964183846311164,0.012735953157927835,-0.0008093592639222411,0.0026104359444660747
0.054757752573372995,0.01036502792071414,0.12087671695210435,-0.0018488408588973864,0.012839603437134977,-0.000827847672511215,0.0027388319788374245
-0.02924748434735638,-0.4663858996508125,-0.3112566384274648,-0.00214131570237095,0.008175744440626853,-0.0008492608295349245,0.002820589423243693
0.21990824681309226,0.36095090353527126,-0.26167179847324135,5.776676575997269e-05,0.011785253475979566,-0.0008486831618773247,0.002938441958003489
-0.001981933469199663,0.5026837819422294,-0.15526099957799488,3.7947431067976054e-05,0.01681209129540186,-0.000848303687566645,0.0031065628709575077
-0.39509446338451215,-0.5660122040805066,-0.13288254831988788,-0.003912997202777145,0.011151969254596794,-0.0008874336595944165,0.003218082563503476
-0.3980695409094988,-0.04131520531038375,-0.37253078977865167,-0.007893692611872134,0.010738817201492957,-0.0009663705857131379,0.0033254707355184054
-0.27026243274439615,-0.22898690376769665,-1.4106028355801317,-0.010596316939316095,0.00844894816381599,-0.0010723337551062989,0.0034099602171565654
0.17441211370559243,0.1801092961987335,-0.2209813957510316,-0.008852195802260172,0.010250041125803324,-0.0011608557131289007,0.003512460628414599
-0.6785379222263525,-0.6457664538706951,-0.8548088964147997,-0.015637575024523696,0.0037923765870963733,-0.0013172314633741375,0.0035503843942855627
-0.8151560024582895,-0.3963892694776226,-0.3161844854710296,-0.02378913504910659,-0.0001715161076798529,-0.0015551228138652035,0.0035486692332087643
0.8099031072083009,1.0739417678978258,4.828056927685301,-0.01569010397702358,0.010567901571298405,-0.0017120238536354393,0.003654348248921748
-0.1250737736156863,-0.2413344144780041,-1.5268936112084224,-0.016940841713180443,0.008154557426518364,-0.0018814322707672436,0.003735893823186932
-0.060247044130678266,0.6081604047910889,2.8296935125697127,-0.017543312154487227,0.014236161474429253,-0.0020568653923121157,0.0038782554379312244
-0.1407842028885939,-0.4455668792433967,-2.557877983577385,-0.018951154183373165,0.009780492681995287,-0.0022463769341458475,0.003976060364751177
-0.20782514169686428,0.10660740603317315,0.49030678235227126,-0.02102940560034181,0.010846566742327018,-0.0024566709901492657,0.004084526032174448
-0.6353876221546351,-0.12893593356856642,0.2913724725880231,-0.027383281821888157,0.009557207406641354,-0.002730503808368147,0.004180098106240862
-0.11020475273829253,0.024507325001663246,0.1377803228054644,-0.02848532934927108,0.009802280656657987,-0.003015357101860858,0.0042781209128074415
0.21726911391616693,0.27838965321101705,0.5930761737065098,-0.026312638210109412,0.012586177188768158,-0.003278483483961952,0.004403982684695123
0.5617053861249105,-0.01788914653873501,-0.43617723887608034,-0.020695584348860305,0.012407285723380807,-0.0034854393274505553,0.004528055541928932
-0.15610650460828568,0.02896503642914474,0.4951333368590237,-0.02225664939494316,0.012696936087672254,-0.003708005821399987,0.004655024902805655
-0.2859123575784543,-0.6164337981966278,0.47467989480821127,-0.025115772970727705,0.006532598105705976,-0.003959163551107264,0.004720350883862715
-0.17185856896473642,0.33241055860813307,0.13945487670185563,-0.02683435866037507,0.009856703691787306,-0.004227507137711015,0.004818917920780588
0.22477766381469447,-0.7086305676297552,-0.5488970909978469,-0.024586582022228125,0.002770398015489754,-0.004473372957933296,0.004846621900935486
0.40407171424881366,0.11442711546477458,0.3716475383574594,-0.020545864879739986,0.0039146691701374995,-0.004678831606730696,0.004885768592636861
-0.14156848880604259,-0.04904132941506064,-0.4449003912191017,-0.02196154976780041,0.003424255875986893,-0.0048984471044087,0.0049200111513967295
0.31644166615848024,0.42363592410748463,0.4926812848928984,-0.018797133106215606,0.00766061511706174,-0.005086418435470856,0.004996617302567347
0.0008113244845654995,0.011922696012573461,-0.6345467875081083,-0.01878901986136995,0.007779842077187474,-0.005274308634084556,0.0050744157233392215
-0.23971993293818572,-0.41752364247525753,-0.7991725765734934,-0.02118621919075181,0.003604605652434898,-0.005486170825992074,0.005110461779863571
0.036560473147112214,0.22593722992574966,-0.4754963013617745,-0.020820614459280688,0.005863977951692394,-0.005694376970584881,0.005169101559380495
-0.2028844594720989,-0.14920161339156177,-0.19044185202020122,-0.022849459054001677,0.004371961817776777,-0.005922871561124898,0.005212821177558263
0.23283890410461588,-0.09636709732533759,0.12865941981317092,-0.020521070012955517,0.0034082908445234004,-0.006128082261254453,0.005246904086003497
-0.23409809486082248,0.2171273524801099,0.18471096117580033,-0.022862050961563744,0.005579564369324499,-0.0063567027708700905,0.005302699729696742
-0.20821570612808427,-0.06264552746495763,-0.23196605342708287,-0.024944208022844586,0.004953109094674923,-0.006606144851098537,0.005352230820643492
0.08232500617526513,0.15119386466443888,0.5828375344694616,-0.024120957961091934,0.006465047741319312,-0.006847354430709456,0.005416881298056685
0.21223785328291758,0.37339341839298085,0.621701455854981,-0.021998579428262756,0.01019898192524912,-0.007067340224992083,0.005518871117309177
-0.04832504139015794,-0.0022139550959944907,-0.20056396135414417,-0.022481829842164337,0.010176842374289174,-0.007292158523413726,0.005620639541052069
-0.22024820340129703,-0.056404330583901714,-1.0906050031913306,-0.024684311876177308,0.009612799068450157,-0.0075390016421754994,0.005716767531736571
-0.2550311975265736,-0.27425869156963456,-0.4430954135064305,-0.027234623851443044,0.006870212152753812,-0.00781134788068993,0.005785469653264109
-0.1381128235279469,-0.017576678245456615,0.016050040690563663,-0.028615752086722512,0.0066944453702992455,-0.008097505401557155,0.005852414106967101
-0.3040472388113833,-0.5251601048724499,-1.1289991119637435,-0.03165622447483635,0.0014428443215747464,-0.008414067646305519,0.005866842550182849
0.10642806243527886,0.2586185447773556,0.28721342526369265,-0.03059194385048356,0.004029029769348302,-0.008719987084810353,0.0059071328478763315
-0.035195323346364535,0.10253559164391547,0.17978998093623405,-0.030943897083947205,0.005054385685787457,-0.009029426055649825,0.005957676704734206
-0.0694770431724117,0.2042273015149768,0.25350630141231634,-0.03163866751567132,0.007096658700937225,-0.009345812730806539,0.006028643291743578
-0.16664106242319374,0.45083313413571385,1.4637123404448948,-0.03330507813990326,0.011604990042294365,-0.00967886351220557,0.006144693192166522
-0.1939208876402533,-0.10389232195339894,-0.9776733771594391,-0.03524428701630579,0.010566066822760376,-0.010031306382368628,0.006250353860394126
0.17077595436478216,-0.0843411259085374,-1.4278716776462026,-0.033536527472657965,0.009722655563675003,-0.010366671657095207,0.006347580416030876
-0.02014048723131151,-0.46742324045496303,0.08540139466019796,-0.03373793234497108,0.005048423159125372,-0.010704050980544918,0.00639806464762213
-0.04154133050589762,0.3050193248795911,1.2402172062295893,-0.03415334565003005,0.008098616407921283,-0.011045584437045218,0.0064790508117013425
0.27165738854193944,0.7339498682899825,0.5763960500229823,-0.031436771764610655,0.015438115090821108,-0.011359952154691325,0.006633431962609553
0.04487820770727093,0.10145764278605328,0.7769111459198313,-0.030987989687537944,0.01645269151868164,-0.011669832051566706,0.006797958877796369
-0.004299495370473789,0.1069533374347143,0.7627510830770753,-0.03103098464124268,0.017522224893028786,-0.011980141897979132,0.006973181126726657
0.09314195711750975,-0.1031428964311589,0.5144991297940965,-0.030099565070067585,0.016490795928717196,-0.012281137548679807,0.007138089086013829
-0.1204751718792096,0.34128579331325254,0.03921729990777719,-0.031304316788859685,0.01990365386184972,-0.012594180716568404,0.007337125624632327
0.011802415901365673,-0.8443815338127107,0.13026604857642649,-0.031186292629846027,0.011459838523722612,-0.012906043642866865,0.007451724009869553
-0.2171938453941253,0.591840148891188,0.6855517497376382,-0.03335823108378728,0.017378240012634494,-0.013239625953704738,0.007625506409995898
0.24171344674595255,0.3920417391742429,-0.5408620582123125,-0.030941096616327754,0.021298657404376923,-0.013549036919868016,0.007838492984039668
-0.4266520754086214,-0.5502259606258642,1.38999437145733,-0.03520761737041397,0.015796397798118283,-0.013901113093572155,0.007996456962020851
0.07787466758977646,-0.1079576846572976,-0.8703139914998687,-0.0344288706945162,0.014716820951545308,-0.014245401800517317,0.008143625171536304
-0.36694763956212717,-0.20742504231351186,-0.6670549637925364,-0.03809834709013747,0.01264257052841019,-0.014626385271418692,0.008270050876820405
0.022802629161455718,-0.09589517921135271,0.30208206093013146,-0.03787032079852291,0.011683618736296662,-0.01500508847940392,0.008386887064183371
0.06164465333785,-0.4964870954454261,-0.0367063044685104,-0.03725387426514441,0.006718747781842401,-0.015377627222055365,0.008454074542001795
0.05729667678791486,0.1720153016126345,0.004164811240651446,-0.03668090749726526,0.008438900797968746,-0.015744436297028017,0.008538463549981482
0.08780882986642254,0.07916423103355462,-0.4697901044776671,-0.03580281919860104,0.009230543108304292,-0.016102464489014028,0.008630768981064525
-0.21327875503935304,-0.2153956377998932,-0.38066765104667605,-0.03793560674899457,0.00707658673030536,-0.016481820556503973,0.00870153484836758
0.3452438642144809,-0.10923521107219043,0.054444124340522274,-0.03448316810684976,0.0059842346195834555,-0.01682665223757247,0.008761377194563415
-0.40557022987264824,0.5633867557669033,0.7940354465469764,-0.03853887040557624,0.011618102177252489,-0.01721204094162823,0.00887755821633594
0.481355746146273,-0.27327670031610585,-0.5455044436002727,-0.03372531294411351,0.00888533517409143,-0.017549294071069366,0.008966411568076853
-0.08541548263834593,0.22997239304774553,1.271804058397134,-0.03457946777049697,0.011185059104568885,-0.017895088748774334,0.009078262159122542
0.22516061016092168,0.11307339982580301,0.6234383768407139,-0.03232786166888775,0.012315793102826916,-0.01821836736546321,0.00920142009015081
-0.06356504912953384,0.012699263953368456,0.796107989157795,-0.03296351216018309,0.0124427857423606,-0.018548002487065042,0.009325847947574416
0.1267818939573663,-0.4000392617199359,-0.5057264907872722,-0.031695693220609424,0.00844239312516124,-0.018864959419271136,0.009410271878826029
0.13476562788885332,-0.03138587013376057,-0.14570043091697443,-0.03034803694172089,0.008128534423823634,-0.019168439788688346,0.009491557223064264
0.030746801209979406,-0.31318024147121387,-0.25625416168068704,-0.030040568929621096,0.004996732009111495,-0.019468845477984557,0.00954152454315538
0.15220323183178455,-0.12240629861930265,-0.6136022337887225,-0.028518536611303248,0.0037726690229184685,-0.01975403084409759,0.009579251233384564
-0.2964907229709927,0.20317713151116198,0.9711027383940808,-0.031483443841013176,0.005804440338030088,-0.02006886528250772,0.009637295636764865
0.31974299941857026,-0.1937427780333562,-0.8057605715807418,-0.028286013846827475,0.0038670125576965265,-0.020351725420975995,0.00967596576234183
0.4501466004989091,-0.22329086712162965,-0.4750364862889134,-0.023784547841838383,0.00163410388648023,-0.02058957089939438,0.009692306801206632
0.27053845240094604,-0.20292579150707254,-0.057151655892940016,-0.021079163317828924,-0.0003951540285904954,-0.02080036253257267,0.009688355260920727
-0.020270595222461277,0.015330942061249736,-1.1533916985205441,-0.021281869270053537,-0.00024184460797799806,-0.021013181225273205,0.009685936814840947
0.19417808818640422,0.26513719284022286,0.43970051965905516,-0.019340088388189496,0.0024095273204242304,-0.0212065821091551,0.00971003208804519
-0.059134680502082856,0.04130143703340202,0.26289628980935537,-0.019931435193210324,0.0028225416907582505,-0.021405896461087204,0.009738257504952772
-0.006877085433798738,0.21710602830218972,1.0634934005318708,-0.020000206047548312,0.004993601973780148,-0.021605898521562687,0.009788193524690575
-0.1599764989624476,0.33645562894917225,-0.16738645232232993,-0.021599971037172788,0.00835815826327187,-0.021821898231934415,0.009871775107323294
0.14789273080485238,-0.49288292416595714,-1.0018158577270748,-0.020121043729124266,0.003429329021612299,-0.022023108669225657,0.009906068397539417
-0.1039093625376364,0.2691370846354467,0.08256123188915997,-0.02116013735450063,0.0061206998679667664,-0.022234710042770663,0.009967275396219085
0.017940468960036614,-0.45796129417282366,-0.10047218571059563,-0.020980732664900262,0.00154108692623853,-0.022444517369419666,0.00998268626548147
0.32447955572588694,0.47460084451947826,0.23640943091563454,-0.017735937107641393,0.006287095371433312,-0.02262187674049608,0.010045557219195802
0.20264518769658962,-0.027130746770672145,0.23336951353408342,-0.015709485230675495,0.006015787903726591,-0.022778971592802837,0.010105715098233069
-0.24140082008551159,0.04393139066428627,0.011953707384697655,-0.01812349343153061,0.006455101810369453,-0.02296020652711814,0.010170266116336764
-0.3390253662120089,0.2879811954647746,0.8901688290998111,-0.021513747093650698,0.0093349137650172,-0.023175343998054647,0.010263615253986936
-0.3053590783108874,0.058138554518715226,0.5815562199474502,-0.024567337876759573,0.009916299310204352,-0.023421017376822242,0.010362778247088979
0.6865392459189137,-0.00814496504182496,-0.9639645626328515,-0.017701945417570437,0.009834849659786102,-0.023598036830997947,0.01046112674368684
-0.5425887033967193,0.10492967534270238,0.7115575148402551,-0.023127832451537628,0.010884146413213126,-0.023829315155513325,0.010569968207818971
-0.06497576821399254,0.46222203063376827,0.4955811505768851,-0.023777590133677553,0.015506366719550808,-0.0240670910568501,0.010725031875014479
-0.09063200820788891,-0.34330236307341117,-0.8917067955892864,-0.02468391021575644,0.012073343088816697,-0.024313930159007666,0.010845765305902645
-0.28399639125816745,0.6886182047086901,-0.9113157930166146,-0.027523874128338115,0.0189595251359036,-0.024589168900291048,0.011035360557261682
0.03968875217969024,-0.5833175789794155,0.6059667630770744,-0.027126986606541212,0.013126349346109444,-0.02486043876635646,0.011166624050722777
0.008094358490821695,0.30906851111595335,-0.2143260869236871,-0.027046043021632996,0.016217034457268978,-0.02513089919657279,0.011328794395295466
0.10784613522081332,-1.4552621320762342,0.2702678086862913,-0.025967581669424863,0.0016644131365066359,-0.02539057501326704,0.011345438526660532
0.1338028600975967,0.14743656066504923,0.46456366891365114,-0.024629553068448894,0.003138778743157128,-0.02563687054395153,0.011376826314092104
-0.1474017909499352,0.35899953788332956,0.5409737600344264,-0.026103570977948246,0.006728774121990423,-0.02589790625373101,0.011444114055312008
0.08643574302122528,-0.314273346944625,0.20853144725499598,-0.025239213547735992,0.0035860406525441728,-0.02615029838920837,0.01147997446183745
-0.005692635915220888,-0.04595400656162354,0.2862479155360662,-0.025296139906888202,0.0031265005869279376,-0.02640325978827725,0.01151123946770673
0.11269899532915235,-0.1587465445214923,-0.05571745927739143,-0.024169149953596678,0.0015390351417130146,-0.026644951287813218,0.01152662981912386
-0.06033481959111926,-0.07778285495103378,-1.1770342733645207,-0.024772498149507872,0.0007612065922026768,-0.026892676269308295,0.011534241885045888
-0.2660069714244908,-0.05623931972863354,-0.9172402286555865,-0.02743256786375278,0.00019881339491634143,-0.027167001947945822,0.011536230018995052
0.11106442920112918,-0.03881367706440831,0.6016163484528282,-0.026321923571741488,-0.00018932337572774165,-0.02743022118366324,0.011534336785237775
-0.31709093637756924,-0.032952135488151346,-0.15828603130760394,-0.02949283293551718,-0.000518844730609255,-0.02772514951301841,0.011529148337931682
-0.024854107934752425,-0.24517812536226444,-0.32462975596160715,-0.029741374014864704,-0.0029706259842318993,-0.028022563253167057,0.011499442078089363
-0.013282187782162223,0.3558711105086443,0.8196713995613971,-0.029874195892686327,0.0005880851208545437,-0.02832130521209392,0.01150532292929791
-0.09369377494627301,-0.05967283178783855,-1.1480534199701526,-0.030811133642149057,-8.643197023841705e-06,-0.02862941654851541,0.01150523649732767
-0.2137314437095293,0.10178995841586942,-0.8621845652818173,-0.03294844807924435,0.0010092563871348524,-0.028958901029307853,0.01151532906119902
-0.01340461428403145,-0.1825770197667811,-0.09966871461270864,-0.03308249422208467,-0.0008165138105329585,-0.0292897259715287,0.011507163923093689
-0.01325819464261846,0.07172335863254752,1.244415167038318,-0.033215076168510854,-9.92802242074834e-05,-0.029621876733213807,0.011506171120851614
-0.08151794570083164,0.26557464414410625,0.27061779078440645,-0.034030255625519173,0.002556466217233579,-0.029962179289469,0.01153173578302395
0.022448200389044035,0.15544156733324183,0.4254951897437424,-0.03380577362162873,0.004110881890565997,-0.030300237025685288,0.01157284460192961
0.2557758167406119,0.18604044910328832,1.245669450996507,-0.031248015454222615,0.00597128638159888,-0.030612717180227515,0.0116325574657456
-0.06416663858249792,-0.09101766021844815,0.09691129345626252,-0.0318896818400476,0.005061109779414399,-0.03093161399862799,0.011683168563539743
-0.23449779429471274,0.13409623092368966,0.024329331915101213,-0.034234659782994725,0.0064020720886512955,-0.031273960596457935,0.011747189284426257
0.1303601137422141,0.03189633807864503,0.1889886128001246,-0.03293105864557259,0.006721035469437746,-0.03160327118291366,0.011814399639120635
-0.052632109015091175,-0.012800052222720674,0.2931807580904261,-0.0334573797357235,0.006593034947210539,-0.03193784498027089,0.01188032998859274
0.14049176123439383,0.08489885337581447,0.4516627231106455,-0.03205246212337956,0.007442023480968684,-0.03225836960150469,0.011954750223402425
-0.3722365345464866,-0.012415473515159828,-0.16995551989233137,-0.035774827468844424,0.007317868745817086,-0.03261611787619313,0.012027928910860596
0.21049513379562065,0.5374708614569925,0.5367778054330687,-0.03366987613088822,0.012692577360387012,-0.03295281663750201,0.012154854684464466
0.2769617613503624,0.2987879401111467,-0.5630081495039883,-0.030900258517384593,0.015680456761498478,-0.033261819222675855,0.01231165925207945
-0.13553328109108112,-0.04738161032755016,0.5767933819646932,-0.032255591328295405,0.015206640658222977,-0.033584375135958806,0.01246372565866168
0.22803998788580152,-0.3538632097416037,-0.33812823932469555,-0.02997519144943739,0.01166800856080694,-0.03388412705045318,0.01258040574426975
-0.2105973984756848,0.26165333000051877,0.369989974417581,-0.03208116543419424,0.014284541860812128,-0.03420493870479512,0.01272325116287787
0.4711015345768826,-0.07970920462067596,-0.5913064796664975,-0.027370150088425412,0.013487449814605368,-0.034478640205679374,0.012858125661023925
-0.18871866751360344,-0.0028287960451056464,0.5082993568483417,-0.029257336763561445,0.01345916185415431,-0.03477121357331499,0.012992717279565467
-0.04976449338374916,-0.6629600900773022,0.9175609289548503,-0.029754981697398937,0.006829560953381289,-0.03506876339028898,0.01306101288909928
0.44404529919731445,-0.08308461681873805,-0.19691192821154863,-0.025314528705425794,0.005998714785193909,-0.035321908677343236,0.01312100003695122
-0.7422687959274282,-0.9201267980776074,0.9892433451538288,-0.03273721666470007,-0.0032025531955821654,-0.03564928084399024,0.0130889745049954
-0.21011322419324024,0.3375309919887694,0.6621716483078687,-0.034838348906632476,0.0001727567243055288,-0.03599766433305656,0.013090702072238454
0.6964508566063327,-0.08914396123012129,-0.5838602860905454,-0.02787384034056915,-0.0007186828879956841,-0.03627640273646225,0.013083515243358497
0.2665673461523766,0.019712969106340142,0.3939289607180311,-0.025208166879045382,-0.0005215531969322827,-0.036528484405252706,0.013078299711389175
-0.4491998866972458,0.04554809113884186,0.06911949177471842,-0.02970016574601784,-6.607228554386408e-05,-0.03682548606271289,0.013077638988533737
0.15632612674900437,-0.6785777182027313,-2.1478653446149982,-0.028136904478527795,-0.006851849467571177,-0.037106855107498164,0.013009120493858025
-0.7458394107866637,0.5748412822825056,2.100599051338311,-0.03559529858639443,-0.0011034366447461212,-0.03746280809336211,0.012998086127410564
0.8681429961226216,-0.48713448327788206,-2.573483421331257,-0.026913868625168216,-0.005974781477524942,-0.03773194677961379,0.012938338312635314
-0.27232059454496066,-0.28597888743443955,-1.1639707063301126,-0.029637074570617823,-0.008834570351869337,-0.038028317525319974,0.012849992609116621
-0.2646600920836806,0.02274803306910814,-0.3949380684541678,-0.03228367549145463,-0.008607090021178257,-0.03835115428023452,0.012763921708904839
-1.063404298629801,0.0793155076826734,-0.8966498453062323,-0.04291771847775264,-0.007813934944351522,-0.03878033146501205,0.012685782359461323
0.9923717206087741,0.3731765302690776,0.7048777391356691,-0.032994001271664894,-0.004082169641660746,-0.0391102714777287,0.012644960663044715
-1.0487089480781875,-0.28840094020013735,-1.7427485538680687,-0.04348109075244677,-0.00696617904366212,-0.039545082385253165,0.012575298872608094
0.2395254078415503,-0.15009540090663004,-0.33722872987173147,-0.04108583667403127,-0.00846713305272842,-0.03995594075199348,0.01249062754208081
0.14698703046152442,0.18680598529616238,1.161014638343727,-0.03961596636941603,-0.006599073199766796,-0.04035210041568764,0.012424636810083142
0.2831220477805143,0.2580866420200503,-0.15273976994497365,-0.03678474589161088,-0.004018206779566293,-0.04071994787460375,0.01238445474228748
-0.1859347455421378,-0.09504391324354924,-0.002695032641243346,-0.03864409334703226,-0.0049686459120017856,-0.041106388808074074,0.012334768283167461
-0.04727424811023119,0.13550202899800107,-0.08008054250314893,-0.03911683582813457,-0.003613625622021775,-0.04149755716635542,0.012298632026947243
-0.4429829957900969,-0.13701805899162278,-0.8180334428830989,-0.04354666578603554,-0.004983806211938002,-0.04193302382421578,0.012248793964827863
0.013076980857496,-0.007637117033890275,0.021485139981019124,-0.04341589597746058,-0.005060177382276905,-0.04236718278399038,0.012198192191005094
0.3061252813015335,0.32664326391674686,-0.0027026507262360978,-0.040354643164445245,-0.0017937447431094367,-0.04277072921563484,0.012180254743573999
-0.028107844911940193,0.32670613345516136,0.08372425315108213,-0.04063572161356464,0.001473316591442177,-0.043177086431770484,0.012194987909488421
-0.6862605357672084,0.02225738855854126,-0.5604465325359559,-0.04749832697123672,0.0016958904770275895,-0.04365206970148285,0.012211946814258696
0.11480160832068362,-0.10629305233563743,0.2878840225079136,-0.046350310888029884,0.0006329599536712151,-0.04411557281036315,0.012218276413795408
-0.06007317282526895,-0.2476960986467689,-0.7152076264979615,-0.04695104261628257,-0.001844001032796474,-0.04458508323652598,0.012199836403467444
-0.3060886415427482,-0.035552139565362004,-0.5394608713045522,-0.050011929031710055,-0.0021995224284500937,-0.04508520252684308,0.012177841179182943
0.13706103058970015,0.6565815762811323,4.351209114773115,-0.04864131872581305,0.00436629333436123,-0.04557161571410121,0.012221504112526555
-0.39217313475095755,-0.003801636743968852,-1.1304233086464315,-0.052563050073322626,0.004328276966921542,-0.046097246214834436,0.012264786882195771
0.6156179491461967,0.03943960780627148,-1.0479540633271363,-0.04640687058186066,0.004722673044984257,-0.046561314920653046,0.012312013612645613
-0.840709168613779,0.3421466548620432,1.6037245395324047,-0.05481396226799845,0.00814413959360469,-0.04710945454333303,0.01239345500858166
0.22139787073923856,-0.08391044630222018,-0.2829174065177987,-0.052599983560606065,0.007305035130582488,-0.047635454378939096,0.012466505359887485
-0.0038641854566872696,0.2822624176147708,0.27218299979943733,-0.05263862541517294,0.010127659306730196,-0.04816184063309083,0.012567781952954788
-0.09828795632721449,-0.34769010428039976,-0.0042169760058576745,-0.05362150497844508,0.006650758263926198,-0.04869805568287528,0.01263428953559405
0.17387778304258797,0.40703158948323803,0.4086799383635636,-0.051882727148019205,0.01072107415875858,-0.04921688295435547,0.012741500277181636
0.7381770126328833,0.6714047331286184,1.1093682881247606,-0.04450095702169037,0.017435121490044763,-0.04966189252457238,0.012915851492082084
0.47085060433197534,-0.2970426581096513,0.02191081842459852,-0.03979245097837062,0.01446469490894825,-0.05005981703435609,0.013060498441171567
-0.32048653028006413,0.6353869004224308,0.8407708762746035,-0.04299731628117126,0.020818563913172557,-0.0504897901971678,0.013268684080303293
0.17529553402145415,-0.16357189135600822,0.1639326738362123,-0.041244360940956716,0.019182844999612474,-0.05090223380657737,0.013460512530299418
-0.14645908283976505,-0.47465723902061496,0.8373233578493349,-0.04270895176935437,0.014436272609406324,-0.05132932332427092,0.013604875256393482
0.20089747003732356,-0.031406991537590585,0.07755334111934196,-0.04069997706898113,0.014122202694030419,-0.05173632309496073,0.013746097283333786
-0.13194523483793394,0.22988456136086063,0.8908705028191984,-0.04201942941736047,0.016421048307639026,-0.052156517389134335,0.013910307766410177
0.15215682707096972,-0.15124978602603187,-0.588567636947339,-0.04049786114665077,0.014908550447378707,-0.052561496000600845,0.014059393270883964
-0.12733961436643015,0.4503288732552683,0.5245385766850704,-0.04177125729031507,0.01941183917993139,-0.052979208573503994,0.014253511662683278
-0.5122309086549783,0.11239836607589841,0.08046759479142594,-0.046893566376864856,0.020535822840690374,-0.05344814423727264,0.014458869891090182
0.11728690925606167,0.10871684934132908,-0.13958748954518804,-0.04572069728430424,0.021622991334103666,-0.053905351210115686,0.014675099804431218
-0.1742075865705959,-0.3643071718015716,0.15540772210049858,-0.0474627731500102,0.01797991961608795,-0.05437997894161579,0.014854899000592097
0.17962556476533148,0.5805993151626461,0.07508436858253101,-0.04566651750235688,0.02378591276771441,-0.054836644116639355,0.015092758128269242
0.1524165202669719,-0.10532795712849623,-0.07600243613555911,-0.04414235229968716,0.022732633196429448,-0.055278067639636226,0.015320084460233536
-0.03875802343639278,-0.23631248803259328,-0.7116444287440898,-0.04452993253405109,0.020369508316103516,-0.055723366964976734,0.015523779543394572
0.12176516128017094,-0.05259137257367818,0.7513205927680808,-0.04331228092124938,0.019843594590366734,-0.05615648977418923,0.01572221548929824
0.16028629037454795,0.24396876874927906,0.022064868114077797,-0.0417094180175039,0.022283282277859525,-0.05657358395436427,0.015945048312076833
-0.2655933015137561,-0.28907136996133365,-0.015262121372455634,-0.04436535103264146,0.01939256857824619,-0.05701723746469069,0.016138973997859296
0.1329658086533303,0.13211478472242316,1.1326524253705057,-0.04303569294610816,0.020713716425470423,-0.05744759439415177,0.016346111162114
0.1985045288120241,0.14991919742403298,0.8981692323774497,-0.04105064765798792,0.022212908399710754,-0.05785810087073165,0.016568240246111105
0.018739409642114895,0.10149408709214927,-0.560495840734628,-0.04086325356156677,0.023227849270632248,-0.05826673340634732,0.016800518738817428
0.02685678545656521,0.023299110838239115,-0.6274070424070181,-0.040594685707001116,0.02346084037901464,-0.05867268026341733,0.017035127142607576
0.2644176823940795,0.3867943632316168,1.217203396155584,-0.03795050888306032,0.027328784011330806,-0.05905218535224793,0.017308414982720885
0.1396283694956283,0.1968589313188983,0.7679869146540955,-0.036554225188104035,0.029297373324519788,-0.05941772760412897,0.017601388715966084
-0.17861660709398036,-0.04239735799215685,-0.5274172986182019,-0.038340391259043836,0.028873399744598217,-0.05980113151671941,0.017890122713412067
-0.1888199385168841,-0.18240185644946974,-0.4321471451063383,-0.04022859064421268,0.02704938118010352,-0.060203417423161536,0.018160616525213103
0.09021822031732665,0.23978267650543986,1.0949709712223403,-0.039326408441039414,0.02944720794515792,-0.06059668150757193,0.01845508860466468
-0.14207820305339133,0.34236882946797903,1.0016936049051066,-0.040747190471573325,0.03287089623983771,-0.06100415341228766,0.018783797567063058
0.017715847905638214,0.25034141049491115,0.22880324200284094,-0.04057003199251694,0.03537431034478682,-0.06140985373221283,0.019137540670510926
-0.20809597610290684,0.5285552142944077,0.3640273215450691,-0.04265099175354601,0.0406598624877309,-0.061836363649748295,0.019544139295388237
-0.025130543451651794,-0.19953679344496833,-0.4256890571106115,-0.04290229718806253,0.03866449455328122,-0.06226538662162892,0.01993078424092105
0.28611350514528117,-0.04663902947762263,-0.018736410762858056,-0.040041162136609715,0.03819810425850499,-0.06266579824299502,0.0203127652835061
-0.02929774480665295,0.16797083540679028,0.008087135665767428,-0.04033413958467624,0.039877812612572894,-0.06306913963884178,0.02071154340963183
-0.16433155167016097,-0.0016118972887159374,0.6394419911292619,-0.041977455101377854,0.03986169363968573,-0.06348891418985556,0.021110160346028688
-0.11945278611282523,0.6557911844111391,1.5837243256863687,-0.04317198296250611,0.04641960548379712,-0.06392063401948062,0.02157435640086666
-0.05620944472883194,-0.871923401175189,0.09505436370574645,-0.043734077409794424,0.03770037147204523,-0.06435797479357856,0.021951360115587112
0.11773319768209355,0.06465240060401314,-0.5316989483015767,-0.04255674543297349,0.03834689547808536,-0.06478354224790829,0.022334829070367965
-0.10365999586639202,0.13260749585387963,-0.06728480355449594,-0.04359334539163741,0.039672970436624155,-0.06521947570182467,0.022731558774734206
0.038987382322362096,0.051510668643991786,0.640075419105152,-0.04320347156841379,0.040188077123064075,-0.0656515104175088,0.02313343954596485
0.02627286067743953,-0.11766561445358967,0.03470460978494136,-0.04294074296163939,0.03901142097852818,-0.06608091784712519,0.023523553755750132
0.14542474043634704,0.11124394028204779,0.24203003440384657,-0.04148649555727592,0.04012386038134866,-0.06649578280269795,0.02392479235956362
-0.4159675843977112,0.3161486735329824,0.3884405599550786,-0.04564617140125303,0.04328534711667848,-0.06695224451671049,0.024357645830730405
-0.16145294915242242,0.02408166510084689,-0.9987820163903858,-0.04726070089277726,0.04352616376768695,-0.06742485152563826,0.024792907468407274
-0.23263888465558863,0.5799202863444572,0.8473538396132767,-0.049587089739333144,0.04932536663113152,-0.0679207224230316,0.02528616113471859
0.285666373322591,-0.2315805428918288,-0.869319913953519,-0.04673042600610723,0.04700956120221323,-0.06838802668309267,0.02575625674674072
-0.25961050282603193,0.625543634772015,0.5983878607378679,-0.04932653103436755,0.05326499754993338,-0.06888129199343634,0.026288906722240053
-0.15252715192040897,-0.03950912639682611,-0.6773189049293346,-0.05085180255357164,0.052869906285965114,-0.06938981001897206,0.026817605785099705
-0.02234782616165407,-0.1623950557353475,-0.6963859105416027,-0.05107528081518818,0.05124595572861164,-0.06990056282712394,0.02733006534238582
0.20817588151210803,-0.019951225049454475,0.1812465628542931,-0.048993522000067104,0.05104644347811709,-0.0703904980471246,0.027840529777166993
-0.13989385236444649,-0.3370582902695659,-0.5852677799304778,-0.05039246052371157,0.04767586057542143,-0.07089442265236172,0.028317288382921208
0.2862704283649348,0.039631954283726276,0.6510181904731233,-0.04752975624006222,0.048072180118258694,-0.07136972021476234,0.028798010184103794
0.09119285906608682,-0.04075095320692758,0.22895721991387977,-0.04661782764940135,0.047664670586189416,-0.07183589849125636,0.029274656889965688
0.1979122944822767,-0.010432142531715864,-0.07694225635986779,-0.044638704704578584,0.047560349160872255,-0.07228228553830215,0.02975026038157441
-0.28047109850162516,0.20948270707231254,0.3670306079965846,-0.047443415689594835,0.04965517623159538,-0.0727567196951981,0.030246812143890366
-0.2700531878279393,0.06210573687928591,0.20031484373016162,-0.05014394756787423,0.050276233600388236,-0.07325815917087684,0.030749574479894248
0.1795632216021363,-0.05328059153759059,-0.5157140478483849,-0.04834831535185286,0.04974342768501233,-0.07374164232439537,0.031247008756744372
0.18877145502854967,-0.06034005125835049,-0.14185561045767683,-0.046460600801567366,0.049140027172428824,-0.07420624833241105,0.03173840902846866
-0.08711089295649654,-0.25467980998269624,-0.3238261066139289,-0.04733170973113233,0.04659322907260186,-0.07467956542972237,0.03220434131919468
-0.10411804160073244,0.0943336129760281,0.36579250648746736,-0.04837289014713965,0.047536565202362144,-0.07516329433119377,0.0326797069712183
0.2444533230746319,-0.17243232355254443,-0.5231175117195984,-0.04592835691639333,0.0458122419668367,-0.0756225779003577,0.03313782939088667
-0.1680606975860838,0.17478857106559859,1.2005679294278808,-0.04760896389225417,0.04756012767749268,-0.07609866753928024,0.0336134306676616
0.5695225904889906,-0.09658107184277104,-0.2771747497755988,-0.041913737987364266,0.04659431695906497,-0.07651780491915389,0.03407937383725225
-0.4407269312627451,0.04865509743471428,0.3243778174449697,-0.046321007299991716,0.04708086793341211,-0.0769810149921538,0.03455018251658637
0.19647626512391853,0.09397077416318,-0.5115029408185539,-0.044356244648752534,0.04802057567504391,-0.07742457743864133,0.03503038827333681
0.3463302201220112,-0.21213752054346532,-0.17255165391537144,-0.04089294244753242,0.04589920046960926,-0.07783350686311664,0.0354893802780329
0.15314163802084382,-0.25053401953789584,-0.7915764844944513,-0.03936152606732399,0.043393860274230305,-0.07822712212378988,0.035923318880775205
-0.15578802606704817,0.4866472488652477,0.9526804742359981,-0.04091940632799447,0.04826033276288278,-0.07863631618706982,0.03640592220840403
-0.2676759935958496,0.15579108885304038,0.00598585894950895,-0.04359616626395297,0.049818243651413185,-0.07907227784970934,0.03690410464491816
-0.09239453495542842,-0.5644762956224307,-0.7938506886296469,-0.04452011161350725,0.04417348069518888,-0.07951747896584441,0.03734583945187005
0.5027222649713283,-0.9980109736906385,0.08444835045481294,-0.03949288896379397,0.034193370958282496,-0.07991240785548234,0.03768777316145287
-0.3112707960067751,0.6585662166229344,0.2997247529145662,-0.042605596923861726,0.04077903312451184,-0.08033846382472096,0.03809556349269799
0.23593285150981919,-0.45286126740239563,0.11081359274671687,-0.04024626840876353,0.03625042045048788,-0.0807409265088086,0.03845806769720287
-0.16733379613800262,0.8103070515233692,0.12427588781347508,-0.04191960637014356,0.044353490965721575,-0.08116012257251003,0.03890160260686008
-0.1893591465248188,-0.16023808134303805,-0.605822781294634,-0.04381319783539175,0.042751110152291195,-0.08159825455086395,0.039329113708383
-0.14079895455411615,0.05979009624756239,-0.38986739667267667,-0.045221187380932906,0.04334901111476682,-0.08205046642467327,0.039762603819530666
0.0731993143647822,-0.23382749694081026,-0.08047711359340712,-0.04448919423728508,0.04101073614535872,-0.08249535836704612,0.040172711180984255
-0.2861315414160983,0.5686831635612117,1.0320822105417882,-0.04735050965144606,0.04669756778097083,-0.08296886346356058,0.04063968685879396
0.14816020597994964,-0.5065316996172428,-0.6135704610626975,-0.045868907591646566,0.0416322507847984,-0.08342755253947705,0.04105600936664194
-0.04499452780199894,-0.10441836160854505,1.1029024313093185,-0.046318852869666555,0.04058806716871295,-0.08389074106817371,0.04146189003832907
-0.1444506431602045,0.14697311659394216,0.9420707009911671,-0.0477633593012686,0.042057798334652376,-0.0843683746611864,0.04188246802167559
0.059142642381872286,0.31344994838153656,0.37155062909065506,-0.047171932877449876,0.045192297818467744,-0.0848400939899609,0.04233439099986027
-0.2290755804303655,-0.11206693868033873,0.7158911333097748,-0.04946268868175353,0.04407162843166436,-0.08533472087677843,0.04277510728417691
-0.06135628778979173,0.6518043317675136,0.9920206156566128,-0.05007625155965145,0.050589671749339496,-0.08583548339237494,0.04328100400167031
-0.03584433442136263,0.43425501419369816,1.2395955511140029,-0.05043469490386508,0.05493222189127648,-0.0863398303414136,0.043830326220583075
0.350508261217609,0.13412524137611967,1.1593586690815012,-0.046929612291688995,0.05627347430503768,-0.08680912646433049,0.04439306096363345
0.27245094464478525,-0.2918270219945983,0.10002930577944716,-0.044205102845241144,0.053355204085091694,-0.0872511774927829,0.04492661300448437
0.045980314196932943,0.12061172043006031,-0.7091282618836325,-0.04374529970327182,0.0545613212893923,-0.08768863048981562,0.04547222621737829
-0.2730256574029755,-0.030994734465796883,-0.9536489493941245,-0.04647555627730157,0.05425137394473433,-0.08815338605258864,0.04601473995682564
-0.0498714133501793,0.03736053874088658,-0.42748747427395933,-0.04697427041080336,0.0546249793321432,-0.08862312875669667,0.046560989750147073
-0.17819167753878082,0.015181784072388817,-0.8111932818454861,-0.04875618718619117,0.054776797172867084,-0.08911069062855859,0.04710875772187574
-0.201105325586389,-0.07615541462754252,-0.8235104416410152,-0.050767240442055064,0.05401524302659166,-0.08961836303297914,0.047648910152141656
-0.16893023355922793,-0.11335867124461736,-0.5445639929220096,-0.052456542777647344,0.052881656314145487,-0.09014292846075561,0.04817772671528311
0.23988847514909592,-0.0377986623455558,0.7179593596437962,-0.05005765802615639,0.05250366969068993,-0.09064350504101717,0.04870276341219001
0.23648380007775996,0.20786954706926075,0.26608460791723626,-0.047692820025378786,0.05458236516138254,-0.09112043324127096,0.049248587063803834
-0.15552966077216754,0.05934294767656979,-0.11415866757219695,-0.04924811663310046,0.055175794638148236,-0.09161291440760197,0.049800345010185314
0.11952835490800338,-0.07879036702854962,-0.020018405983731325,-0.048052833084020426,0.05438789096786274,-0.09209344273844218,0.05034422391986394
-0.31916805964910355,-0.14516698501893646,0.2684622675128729,-0.05124451368051146,0.05293622111767338,-0.09260588787524729,0.05087358613104068
0.16394802676578926,0.07853204542281225,-0.22740331818026788,-0.049605033412853564,0.053721541571901496,-0.09310193820937583,0.05141080154675969
-0.04801932864429695,-0.40179068613742275,0.20626510405517876,-0.050085226699296534,0.04970363471052727,-0.0936027904763688,0.051907837893864966
0.22473084632785534,1.0253521569357442,1.3599480317365695,-0.04783791823601798,0.05995715627988472,-0.09408116965872898,0.052507409456663816
-0.15742174042426185,-0.15439731603595025,0.46252799769063985,-0.049412135640260604,0.05841318311952522,-0.09457529101513158,0.05309154128785907
0.2417485356358587,0.29649296329570457,0.8429469939765947,-0.04699465028390202,0.06137811275248226,-0.0950452375179706,0.053705322415383894
0.49902788494233624,-0.3660415715696345,0.42656684662327277,-0.04200437143447866,0.05771769703678592,-0.09546528123231539,0.054282499385751755
0.2588968880216068,0.35407843382595566,-0.6693448766391072,-0.03941540255426259,0.06125848137504548,-0.09585943525785802,0.05489508419950221
0.05893444184170291,0.33631321753542387,0.4136045757145963,-0.03882605813584556,0.06462161355039972,-0.09624769583921647,0.055541300335006205
0.6469557397008623,-0.5789199520869154,-0.43912032355449643,-0.03235650073883694,0.058832414029530565,-0.09657126084660483,0.05612962447530151
0.13249957419540703,0.08494651126854354,0.5230048197857048,-0.03103150499688287,0.059681879142216,-0.09688157589657366,0.05672644326672367
-0.5908682213336997,0.1489735446034028,-0.44638312920033413,-0.03694018721021987,0.06117161458825003,-0.09725097776867586,0.05733815941260617
0.07590925908439768,-0.042403763021530476,0.49507466635929004,-0.036181094619375895,0.060747576958034726,-0.09761278871486961,0.05794563518218652
0.06338785613330282,-0.3151156465890898,-0.41099824415264874,-0.03554721605804287,0.05759642049214383,-0.09796826087545005,0.05852159938710796
-0.04327935448697642,-0.2067424778090486,-0.48197893758364135,-0.03598000960291263,0.05552899571405334,-0.09832806097147917,0.05907688934424849
0.33151678087885866,0.39011050677628756,-0.45373990239328515,-0.032664841794124044,0.059430100781816216,-0.0986547093894204,0.05967119035206665
-0.5451017730175327,1.1066795789606165,2.5325220588060753,-0.03811585952429937,0.07049689657142238,-0.0990358679846634,0.06037615931778088
1.3149881213717252,-0.7537889371239185,-2.8191976502959326,-0.02496597831058212,0.0629590072001832,-0.09928552776776922,0.06100574938978271
-1.2075791854048068,0.6728510662818953,2.8909019088892367,-0.037041770164630186,0.06968751786300215,-0.09965594546941553,0.06170262456841273
0.07507578340270084,-1.021093321407126,-3.487840070938337,-0.03629101233060318,0.05947658464893089,-0.10001885559272156,0.06229739041490204
0.5142209136933853,-0.3775493158162204,-1.0093346001639418,-0.031148803193669326,0.055701091490768684,-0.10033034362465824,0.06285440132980973
0.5165940368916763,0.1940510180023499,1.4238394080087922,-0.025982862824752564,0.05764160167079218,-0.10059017225290577,0.06343081734651765
0.0931240184892958,0.31225014844562454,1.8257733980171842,-0.025051622639859605,0.060764103155248425,-0.10084068847930437,0.06403845837807014
-0.007837748920485235,-0.013452523018478655,0.3637096744374167,-0.025130000129064457,0.06062957792506364,-0.10109198848059502,0.06464475415732078
0.09057854688480964,0.2740495950192111,-0.2106230695558691,-0.02422421466021636,0.06337007387525576,-0.10133423062719718,0.06527845489607334
-0.3355903372351263,0.047374963668024746,0.5828254338209522,-0.027580118032567623,0.063843823511936,-0.10161003180752286,0.0659168931311927
0.17746694545046163,0.13795310059028004,-0.3739962578674592,-0.025805448578063005,0.0652233545178388,-0.10186808629330349,0.06656912667637109
-0.20150745232782483,-0.1955560503428092,0.981457876430246,-0.027820523101341255,0.06326779401441071,-0.1021462915243169,0.0672018046165152
0.2223960085526208,-0.19887398176876478,0.7166826485123383,-0.025596563015815046,0.06127905419672306,-0.10240225715447504,0.06781459515848244
-0.12754724067908751,-0.0032279786742351185,-0.11276291309596218,-0.02687203542260592,0.06124677440998071,-0.1026709775087011,0.06842706290258224
-0.08366527426724653,0.2991409775781491,0.048462750454812735,-0.027708688165278387,0.0642381841857622,-0.1029480643903539,0.06906944474443986
0.23092128568392462,0.46059172993948283,-0.5428979292186453,-0.02539947530843914,0.06884410148515703,-0.10320205914343829,0.06975788575929144
-0.19200545128410776,-0.6221794475015794,0.12611795344558038,-0.027319529821280216,0.06262230701014124,-0.1034752544416511,0.07038410882939285
0.14892593118937972,-0.5933573871551995,0.13208182057001874,-0.025830270509386417,0.05668873313858924,-0.10373355714674495,0.07095099616077874
-0.06165375080039674,-0.34473774522951095,0.02860889404220813,-0.026446808017390386,0.05324135568629413,-0.10399802522691885,0.07148340971764168
-0.0726009592722057,-0.10755782790899518,-0.611437591066512,-0.027172817610112445,0.05216577740720418,-0.10426975340301997,0.07200506749171372
-0.3009794163653621,-0.17917896565828947,-0.41550495273890176,-0.030182611773766067,0.05037398775062128,-0.10457157952075763,0.07250880736921993
0.17151505455857174,0.3422447030134127,-0.6127221188699761,-0.02846746122818035,0.05379643478075541,-0.10485625413303944,0.07304677171702748
1.0551996287250478,0.3691998605933318,1.465048520013064,-0.01791546494092987,0.05748843338668873,-0.10503540878244874,0.07362165605089437
-1.709562665182025,-0.5572776431527582,-2.1704166251948407,-0.03501109159275012,0.05191565695516115,-0.10538551969837624,0.07414081262044597
0.9550713764751051,0.37342765132500194,-0.2100170370175312,-0.02546037782799907,0.05564993346841117,-0.10564012347665623,0.07469731195513009
-0.1772047527138781,-0.4471361808257572,-2.19579682564956,-0.02723242535513785,0.0511785716601536,-0.10591244773020761,0.07520909767173163
0.15568197985955595,-0.6324120106937667,-1.107361884344914,-0.025675605556542292,0.04485445155321593,-0.10616920378577303,0.07565764218726378
0.2910069416051881,0.0317932624457771,-0.6919417568649407,-0.02276553614049041,0.0451723841776737,-0.10639685914717793,0.07610936602904052
0.16065562752874035,-0.2698092209051042,0.46551695596942283,-0.021158979865203008,0.04247429196862266,-0.10660844894582996,0.07653410894872674
-0.3919285999649654,-0.21437603763509572,-0.19598211629425322,-0.02507826586485266,0.0403305315922717,-0.1068592316044785,0.07693741426464945
0.4957727626412757,0.046761264594247356,0.009623774469461164,-0.020120538238439904,0.04079814423821417,-0.10706043698686289,0.0773453957070316
-0.19784031819797057,0.17971825743166248,0.03158559854514549,-0.02209894142041961,0.042595326812530795,-0.10728142640106708,0.0777713489751569
0.09029505195843443,-0.3448299924867017,0.446273948428415,-0.021195990900835265,0.03914702688766378,-0.10749338631007543,0.07816281924403354
-0.051129350830914785,-0.2626576239874266,0.778002057365624,-0.021707284409144413,0.03652045064778951,-0.10771045915416688,0.07852802375051143
-0.5554819952255132,0.0032261136550545766,0.41990479780050494,-0.027262104361399545,0.03655271178434006,-0.10798308019778088,0.07889355086835484
-0.33991959636078434,0.797150283774838,0.8811489889533243,-0.030661300325007388,0.04452421462208844,-0.10828969320103096,0.07933879301457572
-0.03188418515150683,-0.5671154817550317,0.25157545183270136,-0.030980142176522455,0.038853059804538126,-0.10859949462279618,0.0797273236126211
-0.37807922291758606,0.11840140090003816,-0.7020527620743701,-0.034760934405698315,0.04003707381353851,-0.10894710396685317,0.08012769435075648
-0.06583001059439995,0.2848155940365302,0.34375214722905517,-0.03541923451164231,0.04288522975390381,-0.1093012963119696,0.08055654664829552
-0.046457067330495164,0.18122076259684142,-0.007962479031721696,-0.035883805184947264,0.044697437379872224,-0.10966013436381906,0.08100352102209424
-0.2556574883330129,0.07674190730424968,-0.5966685623398781,-0.038440380068277394,0.04546485645291472,-0.11004453816450184,0.08145816958662339
0.23298008750890364,0.2645030745950104,0.525833769568264,-0.03611057919318836,0.048109887198864824,-0.11040564395643372,0.08193926845861203
-0.2088330820523995,0.07138586478651106,-0.2876706584900265,-0.03819891001371235,0.04882374584672994,-0.11078763305657084,0.08242750591707933
-0.22809585259028006,-0.10351063172985427,-0.2848097206461267,-0.04047986853961515,0.047788639529431395,-0.111192431741967,0.08290539231237364
0.02843863989159991,-0.18329434716740675,-0.18253465543822214,-0.04019548214069915,0.04595569605775733,-0.11159438656337399,0.08336494927295121
0.21875637274274817,0.12923033585082783,0.4359756816457798,-0.03800791841327167,0.04724799941626561,-0.1119744657475067,0.08383742926711386
0.3730764755275196,0.03817359764376289,0.44632292046473004,-0.034277153657996474,0.04762973539270324,-0.11231723728408667,0.08431372662104089
-0.003435565293415743,0.17449194786272987,-0.0860670640992426,-0.03431150931093063,0.04937465487133054,-0.11266035237719597,0.08480747316975419
-0.1878711340246281,-0.10003641232343023,-0.41019604353313355,-0.03619022065117691,0.04837429074809624,-0.11302225458370774,0.08529121607723515
0.02118841700611887,0.0898725710289769,0.3245231125575057,-0.03597833648111572,0.049273016458386006,-0.1133820379485189,0.08578394624181901
-0.3253171917098344,-0.2769771982607156,-1.4136019552932622,-0.03923150839821407,0.046503244475778846,-0.11377435303250104,0.0862489786865768
0.06451318892951859,0.1069938802896773,-1.489480443331714,-0.038586376508918885,0.04757318327867562,-0.11416021679759022,0.08672471051936355
-0.31315351694673077,-0.3522999040515145,-1.7549695030402668,-0.04171791167838619,0.04405018423816048,-0.11457739591437409,0.08716521236174515
0.3200106959105211,0.07134416869129477,-0.8458796083580365,-0.03851780471928098,0.04476362592507342,-0.1149625739615669,0.08761284862099589
-0.23962666523085377,-0.4028527558101167,-1.5787206744143423,-0.04091407137158951,0.040735098366972256,-0.11537171467528279,0.0880201996046656
0.03990010857856108,0.4355410960003663,1.7306788636157198,-0.0405150702858039,0.04509050932697592,-0.11577686537814083,0.08847110469793536
0.03787947733113604,-0.03183190494264132,1.1083015995095156,-0.04013627551249254,0.04477219027754951,-0.11617822813326575,0.08891882660071085
-0.29629097673463034,-0.09004162896797131,-1.3415405716661926,-0.043099185279838845,0.043871773987869796,-0.11660921998606415,0.08935754434058954
0.07936722486146336,-0.23393524594821086,-0.2902374554687402,-0.042305513031224214,0.04153242152838769,-0.11703227511637639,0.08977286855587342
0.06399222101924162,0.059592166603860554,0.012605168497079277,-0.0416655908210318,0.04212834319442629,-0.1174489310245867,0.09019415198781769
-0.16521276958425274,-0.2973648458017243,-0.6497008692781552,-0.043317718516874326,0.03915469473640905,-0.11788210820975545,0.09058569893518179
-0.145762665694728,0.34817684047888914,-0.7672315456617662,-0.044775345173821604,0.04263646314119794,-0.11832986166149366,0.09101206356659376
0.0866050623772946,-0.5393671084216983,-1.6783328026023339,-0.04390929455004866,0.03724279205698096,-0.11876895460699415,0.09138449148716357
-0.04663413397274739,0.012355041476829203,0.11469895964989803,-0.04437563588977614,0.03736634247174925,-0.11921271096589191,0.09175815491188107
0.03260618578310827,0.8289508341128253,-0.3540327108406786,-0.04404957403194506,0.0456558508128775,-0.11965320670621135,0.09221471342000984
0.07458373024026857,-0.37061068133998626,0.5319088717396214,-0.04330373672954237,0.04194974399947764,-0.12008624407350678,0.09263421086000462
0.09157962881049822,-0.7144709943818722,0.5919678248852692,-0.04238794044143739,0.034805034055658914,-0.12051012347792116,0.0929822612005612
-0.1744887175937133,0.9098704529180439,-1.7101172309047672,-0.044132827617374526,0.043903738584839355,-0.1209514517540949,0.0934212985864096
-0.3353300590448463,0.30964635267237356,-0.35317566311961457,-0.04748612820782299,0.04700020211156309,-0.12142631303617313,0.09389130060752524
-0.06758514775164418,0.1766325184891127,0.387601271416131,-0.04816197968533943,0.04876652729645422,-0.12190793283302652,0.09437896588048977
0.1381951921339132,0.0004254810648355996,1.0708977628298795,-0.0467800277640003,0.048770782107102575,-0.12237573311066652,0.0948666737015608
0.27647416443268485,-0.33991877650745406,-1.1939765761706553,-0.04401528611967345,0.04537159434202803,-0.12281588597186326,0.09532038964498107
-0.16202428877857636,0.39767466163704895,0.9211319278287355,-0.045635529007459215,0.04934834095839852,-0.12327224126193785,0.09581387305456505
0.07568777833670559,-0.06817031870017547,-0.6358164679414642,-0.04487865122409216,0.048666637771396765,-0.12372102777417877,0.09630053943227902
-0.018686297927885884,-0.26431232097682156,-0.07605709302424454,-0.045065514203371015,0.04602351456162855,-0.12417168291621249,0.09676077457789531
0.03803512169826811,0.35821163433255515,0.8889896792226463,-0.04468516298638833,0.0496056309049541,-0.12461853454607637,0.09725683088694485
-0.003668024553353188,-0.13033518186031892,-0.18635551505827178,-0.04472184323192187,0.048302279086350916,-0.1250657529783956,0.09773985367780837
-0.2834037035279469,-0.3855939549495079,0.4835309958076779,-0.04755588026720134,0.04444633953685584,-0.12554131178106762,0.09818431707317693
0.06081801455246817,-0.10718630450318149,0.7417226718037093,-0.04694770012167666,0.04337447649182402,-0.1260107887822844,0.09861806183809517
-0.12043416724962236,-0.06928430093257038,0.06847301687123102,-0.04815204179417288,0.042681633482498316,-0.1264923092002261,0.09904487817292015
0.13006329195233085,-0.17402984303373767,-0.5400464158837858,-0.04685140887464957,0.04094133505216094,-0.1269608232889726,0.09945429152344176
0.11273902855719845,0.18109984404034488,0.37671512366607274,-0.04572401858907759,0.04275233349256439,-0.12741806347486337,0.0998818148583674
0.13493217300825514,0.5088601246110322,0.7616629781682476,-0.04437469685899504,0.04784093473867471,-0.12786181044345332,0.10036022420575415
-0.2164180484733959,0.42538624911854744,-0.48254991712129225,-0.046538877343728996,0.052094797229860185,-0.12832719921689062,0.10088117217805274
-0.029242286392065327,0.18426056573104452,0.13640059645466054,-0.04683130020764965,0.05393740288717063,-0.12879551221896712,0.10142054620692445
0.026775251131395436,0.2477640076536813,-0.11101593714723319,-0.046563547696335694,0.056415042963707446,-0.12926114769593047,0.10198469663656153
-0.11343779359890137,0.15690620398846422,0.44402165585803244,-0.04769792563232471,0.057984105003592086,-0.12973812695225373,0.10256453768659744
0.23343098769964143,-0.0854810081943389,0.27372448723668386,-0.045363615755328296,0.0571292949216487,-0.130191763109807,0.10313583063581393
-0.10787740265055315,-0.2701977115375906,-0.16441644355144416,-0.04644238978183383,0.054427317806272794,-0.13065618700762535,0.10368010381387666
0.11206766089106585,0.23619782080390633,-0.0784516349087348,-0.04532171317292317,0.05678929601431186,-0.1311094041393546,0.10424799677401977
-0.2568200059495537,0.05792106166146337,0.30511022339598864,-0.0478899132324187,0.05736850663092649,-0.13158830327167878,0.10482168184032904
-0.10945296450910202,0.24425460664353404,-0.45325576639267445,-0.04898444287750972,0.05981105269736183,-0.13207814770045387,0.10541979236730266
-0.27515166298777755,0.20646976761705962,0.3729878332227996,-0.0517359595073875,0.06187575037353243,-0.13259550729552774,0.10603854987103799
-0.2722710734035859,0.20199216219705507,-0.20291743759737402,-0.054458670241423354,0.06389567199550297,-0.13314009399794197,0.10667750659099302
0.27499351161510643,-0.5272626137852445,-0.7334223289439823,-0.05170873512527229,0.058623045857650526,-0.1336571813491947,0.10726373704956953
0.02289353535814451,-0.18300254089594872,-0.87943135581512,-0.05147979977169084,0.056793020448691035,-0.1341719793469116,0.10783166725405643
-0.025934873498191808,-0.20952196925636682,0.08182707005197443,-0.05173914850667276,0.05469780075612737,-0.13468937083197832,0.10837864526161771
0.055842126199679556,-0.015743961156877994,-0.44073989636291905,-0.05118072724467596,0.05454036114455859,-0.13520117810442508,0.1089240488730633
0.025798078603738454,-0.46199406826910816,0.3135549986153371,-0.050922746458638576,0.04992042046186751,-0.13571040556901148,0.10942325307768197
-0.2831194979950256,0.109475464896376,-0.11641304889515414,-0.05375394143858883,0.05101517511083127,-0.13624794498339737,0.10993340482879028
-0.4298264350027314,0.029375975768429093,0.27630538748235445,-0.05805220578861615,0.05130893486851556,-0.13682846704128354,0.11044649417747544
-0.06653483658356604,-0.07806616923500417,-0.5094535862324542,-0.05871755415445181,0.05052827317616552,-0.13741564258282807,0.1109517769092371
0.08198888329741358,0.26755638822589467,0.014696645063800414,-0.05789766532147767,0.053203837058424464,-0.13799461923604284,0.11148381527982135
0.23922671741963836,-0.268323684761059,0.0924807896460844,-0.05550539814728129,0.05052060021081387,-0.13854967321751566,0.11198902128192949
-0.0666160766171359,-0.19338368426056304,-0.2858711933614696,-0.05617155891345265,0.04858676336820824,-0.1391113888066502,0.11247488891561157
-0.23652380653244834,0.1614494131072557,0.6734450263806542,-0.05853679697877713,0.050201257499280796,-0.13969675677643797,0.11297690149060438
-0.3076681655711299,0.5780864243897765,0.47551458713444844,-0.06161347863448843,0.05598212174317856,-0.14031289156278287,0.11353672270803616
-0.012143419258472572,0.882006702323705,-1.5089494165765451,-0.061734912827073156,0.06480218876641561,-0.14093024069105362,0.11418474459570033
0.23551106943916994,-0.35657970484193174,0.32279491504472557,-0.05937980213268146,0.06123639171799629,-0.14152403871238042,0.11479710851288029
-0.16928004697801177,0.4240804766916,0.7942437726994147,-0.06107260260246158,0.06547719648491229,-0.14213476473840503,0.11545188047772942
0.013250949063797979,0.4882524791452508,-0.10145683635528964,-0.0609400931118236,0.0703597212763648,-0.14274416566952328,0.11615547769049307
0.11285417313643092,-0.4654911036486763,-0.40290467365749355,-0.059811551380459294,0.06570481023987804,-0.14334228118332787,0.11681252579289185
0.016732101669275946,-0.23329498645938812,0.8503758865561323,-0.05964423036376654,0.06337186037528415,-0.14393872348696554,0.1174462443966447
-0.028752478698466477,0.229949122477821,0.14140455496232712,-0.0599317551507512,0.06567135160006236,-0.14453804103847306,0.11810295791264531
0.20686779004342717,0.036956060657419736,-0.26372212087195923,-0.057863077250316926,0.06604091220663656,-0.14511667181097623,0.11876336703471169
-0.258716214058198,-0.19783888643344777,-0.2965107534621795,-0.060450239390898906,0.06406252334230209,-0.14572117420488523,0.11940399226813471
0.023416691314503704,-0.18198204589327838,0.036814596814773094,-0.06021607247775387,0.062242702883369305,-0.14632333492966276,0.1200264192969684
-0.12199982368358894,-0.13340906479920653,0.49364465083781406,-0.06143607071458976,0.06090861223537724,-0.14693769563680867,0.12063550541932218
-0.0740069158572366,0.3335676085020829,0.43929067793173315,-0.062176139873162124,0.06424428832039807,-0.1475594570355403,0.12127794830252615
0.10538232116115052,-0.3207963884461128,-0.829464173649865,-0.061122316661550616,0.061036324435936935,-0.1481706802021558,0.12188831154688552
-0.08162063073936066,-0.3132815896363165,-0.9347490176690904,-0.06193852296894422,0.05790350853957377,-0.14879006543184523,0.12246734663228126
0.1859682138902266,0.03869473483152515,0.8204008479477556,-0.06007884083004195,0.05829045588788902,-0.14939085384014564,0.12305025119116016
0.060822091567803466,0.4978515114791181,1.3605519563814161,-0.05947061991436392,0.0632689710026802,-0.14998556003928928,0.12368294090118696
0.02948281998467995,0.04212009286005954,1.0978918201366623,-0.05917579171451712,0.06369017193128079,-0.15057731795643445,0.12431984262049978
0.06794203539018846,0.4110848048826429,0.9502384449325731,-0.05849637136061523,0.06780101998010722,-0.1511622816700406,0.12499785282030085
0.11891925384139777,0.13824951204675368,0.03372437829947487,-0.05730717882220125,0.06918351510057476,-0.1517353534582626,0.12568968797130659
0.12707188363616392,0.11314630518629742,0.3829343342131101,-0.056036459985839615,0.07031497815243773,-0.152295718058121,0.12639283775283097
-0.006580220576852083,-0.28019600725133137,-0.5801428831272426,-0.05610226219160814,0.06751301807992442,-0.15285674068003707,0.1270679679336302
0.15099895232312505,0.06018813999212637,0.3556271841406298,-0.054592272668376886,0.06811489947984568,-0.15340266340672085,0.12774911692842866
0.2525420497214618,0.3493488178955368,0.788617972452219,-0.05206685217116227,0.07160838765880105,-0.15392333192843247,0.12846520080501667
-0.07659297099113453,0.025926284250919376,-0.5634621409528321,-0.05283278188107361,0.07186765050131025,-0.1544516597472432,0.12918387731002978
-0.3292714838590677,0.07709425629639126,-0.1283639388684508,-0.05612549671966429,0.07263859306427416,-0.15501291471443984,0.12991026324067254
0.13936699070261696,0.08276466744158086,1.0365189638613888,-0.05473182681263812,0.07346623973868996,-0.15556023298256622,0.13064492563805943
-0.4389540205676967,0.0912386857951324,-1.1921169882252824,-0.05912136701831509,0.07437862659664128,-0.15615144665274935,0.13138871190402585
0.24167665790334936,-0.12508837177105364,0.45627708978494164,-0.05670460043928159,0.07312774287893074,-0.15671849265714216,0.13211998933281516
0.08046410229184407,0.4293415401843901,0.17545132362029567,-0.05589995941636315,0.07742115828077464,-0.1572774922513058,0.1328942009156229
-0.1662792225269551,-0.4364009681790799,0.28327971677815167,-0.0575627516416327,0.07305714859898385,-0.15785311976772212,0.13362477240161275
-0.17948153848026246,0.057336328776745285,-0.6545900109947947,-0.059357567026435326,0.07363051188675131,-0.15844669543798648,0.13436107752048027
0.05909010534975204,0.17256010235727476,1.19905171278639,-0.0587666659729378,0.07535611291032406,-0.15903436209771585,0.1351146386495835
-0.0649862239399405,-0.42362874324888994,-0.29173983561980377,-0.05941652821233721,0.07111982547783516,-0.1596285273798392,0.13582583690436187
0.003813428984451043,0.5304904967907836,1.514337255961794,-0.059378393922492695,0.076424730445743,-0.16022231131906414,0.1365900842088193
0.07457845811392386,0.39187792163552315,-0.26813917938420595,-0.058632609341353455,0.08034350966209823,-0.16080863741247767,0.13739351930544028
0.1656652625146258,0.2699864383060045,-0.8994723936483385,-0.0569759567162072,0.08304337404515827,-0.16137839697963974,0.13822395304589186
0.37860745645679406,-0.09169694265378805,-0.8912139121895771,-0.05318988215163926,0.08212640461862039,-0.16191029580115612,0.13904521709207807
0.8024456886807967,0.025402947652155367,-0.7455476668428146,-0.04516542526483129,0.08238043409514194,-0.16236195005380444,0.13986902143302948
0.2502464843228199,0.1517286415500725,-0.18845735164635483,-0.04266296042160309,0.08389772051064266,-0.16278857965802046,0.1407079986381359
0.2984087426092317,0.08097880612167546,0.41206341008401864,-0.039678872995510775,0.08470750857185942,-0.16318536838797557,0.1415550737238545
-0.08988479944310676,-0.029176921571923385,-0.17655343348354074,-0.04057772098994184,0.08441573935614019,-0.163591145597875,0.1423992311174159
-0.3215121640208133,-0.44423385373946744,-1.6984345231241915,-0.04379284263014997,0.07997340081874552,-0.1640290740241765,0.14319896512560334
-0.446703299798642,0.6827824985852446,2.7404971751988434,-0.04825987562813639,0.08680122580459797,-0.16451167278045786,0.14406697738364932
-0.6994009284611887,0.33451442293711764,1.2669495210659363,-0.055253884912748276,0.09014637003396915,-0.16506421162958534,0.144968441083989
1.3022202515983217,-0.41374018779607846,-1.9978039786395643,-0.04223168239676506,0.08600896815600836,-0.165486528453553,0.1458285307655491
-1.2275712177051041,0.5551373243729916,3.051632088268194,-0.0545073945738161,0.09156034139973827,-0.16603160239929116,0.1467441341795465
-1.2023932159167467,0.32210324893849096,0.9932475424590841,-0.06653132673298356,0.09478137388912318,-0.16669691566662098,0.14769194791843773
0.7286241254611431,0.4893384899181202,2.5581317648379662,-0.059245085478372136,0.09967475878830438,-0.1672893665214047,0.14868869550632077
0.4028234154161288,0.11936475428372628,-0.6638173338970618,-0.05521685132421085,0.10086840633114165,-0.1678415350346468,0.1496973795696322
-0.5244400263478141,-0.33440615351210806,-2.9219687475844043,-0.06046125158768899,0.09752434479602057,-0.1684461475505237,0.1506726230175924
-0.029217695098863194,0.10834050421887542,1.0642764542527825,-0.06075342853867762,0.09860774983820932,-0.16905368183591046,0.1516587005159745
0.1684035872327154,-0.4540838139256276,-0.20831933098563948,-0.059069392666350466,0.09406691169895304,-0.16964437576257396,0.15259936963296403
0.0340666138291905,-0.0832943259024338,0.29730161449997894,-0.058728726528058564,0.0932339684399287,-0.17023166302785456,0.15353170931736332
0.14400566634158848,-0.1420306608196536,-0.1816059979574874,-0.05728866986464268,0.09181366183173217,-0.17080454972650097,0.15444984593568065
0.073834174320531,-0.19511086491212326,-0.8581180858250388,-0.056550328121437364,0.08986255318261094,-0.17137005300771535,0.15534847146750674
0.0870250081162127,-0.11300109199688714,-0.03323074699235369,-0.055680078040275235,0.08873254226264207,-0.1719268537881181,0.15623579689013317
-0.5703559508705883,-0.1063323821349813,0.03294382844977589,-0.061383637548981115,0.08766921844129226,-0.1725406901636079,0.15711248907454609
0.3456450171617609,0.11422820245645841,-0.2998721437421811,-0.05792718737736351,0.08881150046585684,-0.17311996203738153,0.15800060407920466
0.45629802827338073,0.3322892697945221,-0.18784284327067807,-0.0533642070946297,0.09213439316380206,-0.17365360410832784,0.15892194801084267
-0.11034961119865722,-0.07811255724751658,0.5214198920371728,-0.05446770320661627,0.09135326759132689,-0.174198281140394,0.15983548068675593
-0.3002845005860075,0.06916657115715268,-0.2561552797031178,-0.057470548212476345,0.09204493330289842,-0.17477298662251878,0.16075593001978492
0.25773487165783177,-0.021078501845059872,0.5465820595018865,-0.05489319949589803,0.09183414828444783,-0.17532191861747776,0.1616742715026294
-0.483019834291661,-0.13732063442154574,-1.6406363670976403,-0.05972339783881464,0.09046094194023237,-0.1759191525958659,0.1625788809220317
0.8627656354084993,-0.4728840142948959,-1.6709351396252976,-0.051095741484729645,0.08573210179728341,-0.1764301100107132,0.16343620194000455
-0.7560825708690624,-0.015219940868482473,0.016130523461601695,-0.05865656719342027,0.08557990238859858,-0.17701667568264742,0.16429200096389054
0.3736680602623942,-0.038912832996353085,-1.1660020780246265,-0.05491988659079633,0.08519077405863505,-0.17756587454855538,0.1651439087044769
0.03732515756917679,0.5109717769006487,2.3464621619448556,-0.05454663501510456,0.09030049182764154,-0.17811134089870642,0.1660469136227533
0.34642220179897765,-0.142498777068986,-0.3777694613892404,-0.05108241299711478,0.08887550405695167,-0.17862216502867756,0.16693566866332282
0.27152469054544903,0.04205422417920199,0.62951551751974,-0.048367166091660294,0.08929604629874369,-0.17910583668959415,0.16782862912631025
-0.5843798093401084,-0.5237131281058366,-0.4267586072929558,-0.054210964185061376,0.08405891501768532,-0.17964794633144476,0.1686692182764871
-0.27168971470365455,0.10217192379009693,1.0448413436828579,-0.05692786133209792,0.08508063425558629,-0.18021722494476575,0.16952002461904295
-0.14717060814990465,0.32097061627502865,0.20042610150692247,-0.05839956741359697,0.08829034041833658,-0.18080122061890172,0.17040292802322632
-0.5278087344396735,0.6275885259355155,0.03258346838568837,-0.06367765475799371,0.09456622567769174,-0.18143799716648165,0.17134859028000324
-0.5296652586420082,-0.6678029418786297,0.2003617090692937,-0.06897430734441379,0.08788819625890544,-0.18212774023992578,0.1722274722425923
-0.06944117309382775,0.21529882785052268,-0.5098786916448299,-0.06966871907535206,0.09004118453741067,-0.1828244274306793,0.1731278840879664
-0.09269522440686656,0.4388161577536278,0.467418755618465,-0.07059567131942072,0.09442934611494695,-0.18353038414387352,0.17407217754911586
0.3457771732310369,-0.06655687577044325,0.04984604778295692,-0.06713789958711036,0.09376377735724252,-0.18420176313974462,0.17500981532268828
-0.26588918539870304,-0.1454615164784619,-0.15661539172875436,-0.06979679144109739,0.0923091621924579,-0.1848997310541556,0.17593290694461286
0.17633483078806741,0.05974765485288779,-0.5013941834705709,-0.06803344313321671,0.09290663874098677,-0.18558006548548778,0.17686197333202272
-0.342821505337667,0.052192386761028484,-0.7390545079017917,-0.07146165818659339,0.09342856260859705,-0.18629468206735372,0.1777962589581087
0.027708080135744252,-0.11735353555834285,0.7208341327818126,-0.07118457738523595,0.09225502725301363,-0.18700652784120608,0.17871880923063882
0.15830180794531168,-0.005890529286884849,0.4889227732212722,-0.06960155930578284,0.09219612196014478,-0.1877025434342639,0.17964077045024027
0.45203613440903334,-0.009652738146272967,1.3464488581041605,-0.06508119796169251,0.09209959457868204,-0.18835335541388082,0.18056176639602708
-0.5824005164920119,0.06452094258005647,-1.048449202962446,-0.07090520312661262,0.09274480400448261,-0.18906240744514693,0.1814892144360719
0.4063553883527275,0.02501860880421151,0.7349644279096069,-0.06684164924308535,0.09299499009252472,-0.18973082393757779,0.18241916433699715
-0.2941304624689708,-0.09434821149028762,-0.23716341056449072,-0.06978295386777505,0.09205150797762185,-0.19042865347625554,0.18333967941677337
0.03698324695652705,0.31331022387402147,-0.023263037865932014,-0.06941312139820978,0.09518461021636207,-0.19112278469023763,0.184291525518937
0.06803832377349509,-0.5211945153950713,-0.14231330567397418,-0.06873273816047483,0.08997266506241136,-0.19181011207184237,0.18519125216956112
0.02823963536577402,0.17928149101371785,0.0001197935371349673,-0.06845034180681708,0.09176547997254854,-0.19249461548991054,0.1861089069692866
0.11561185410690471,-0.2163750874985275,0.13396374357299426,-0.06729422326574803,0.08960172909756327,-0.19316755772256802,0.18700492426026225
-0.06876843804843215,-0.06959505910453954,-0.39854532381389957,-0.06798190764623235,0.08890577850651787,-0.19384737679903036,0.18789398204532742
-0.02745510973226521,0.01530100387249563,0.0625018929466106,-0.068256458743555,0.08905878854524284,-0.1945299413864659,0.18878456993077986
-0.11662403491728086,-0.10376739337477683,0.9198228386397519,-0.06942269909272782,0.08802111461149507,-0.19522416837739318,0.1896647810768948
-0.17866174018011752,-0.46839515700642403,-1.3683343695207737,-0.071209316494529,0.08333716304143084,-0.19593626154233845,0.1904981527073091
-0.12942390591140615,-0.23642637589098958,-1.3291031243662759,-0.07250355555364306,0.08097289928252094,-0.1966612970978749,0.19130788170013432
-0.047966962684123,-0.058820708067689,-0.41475793777590386,-0.07298322518048429,0.08038469220184405,-0.19739112934967973,0.19211172862215276
0.11142213824820325,-0.1264847495233997,-0.4972051459181191,-0.07186900379800226,0.07911984470661006,-0.19810981938765976,0.19290292706921885
-0.07422949601135272,-0.3386387563899596,-1.1422344089134642,-0.07261129875811578,0.07573345714271046,-0.19883593237524091,0.19366026164064595
-0.005804280099244698,0.24855885397396812,0.17855239503557135,-0.07266934155910823,0.07821904568245014,-0.199562625790832,0.19444245209747046
0.08649606442505531,-0.08503450323668268,-0.6617053167337132,-0.07180438091485768,0.0773687006500833,-0.2002806695999806,0.1952161391039713
-0.12517223449308007,-0.3146984565440757,-0.2694214808597523,-0.07305610325978848,0.07422171608464255,-0.20101123063257847,0.19595835626481772
-0.2607296662654155,-0.2393470698835126,-0.3680052644746157,-0.07566339992244263,0.07182824538580743,-0.2017678646318029,0.1966766387186758
0.20143831578997484,-0.02218047793722437,0.5360152624011,-0.07364901676454289,0.07160644060643519,-0.20250435479944834,0.19739270312474017
-0.16269290134895859,-0.0622504589366903,-0.49581305573119605,-0.07527594577803247,0.07098393601706829,-0.20325711425722867,0.19810254248491085
0.14880663901268026,0.3626905335589228,0.6201072459579787,-0.07378787938790567,0.07461084135265751,-0.20399499305110771,0.19884865089843742
-0.08569338004278632,0.1899254553198139,0.4614421681583303,-0.07464481318833353,0.07651009590585565,-0.20474144118299106,0.19961375185749597
0.2124955857312276,0.09759740491621273,-1.7136325081764532,-0.07251985733102126,0.07748606995501778,-0.20546663975630128,0.20038861255704615
0.2548597850872969,-0.44664063683857486,-1.9769974333248481,-0.06997125948014829,0.07301966358663203,-0.20616635235110276,0.20111880919291247
-0.2971730117266194,0.5607780341982759,-0.5199510501463935,-0.07294298959741448,0.07862744392861479,-0.2068957822470769,0.2019050836321986
0.07962098796209657,-0.9554638182713969,-0.6207728460111986,-0.07214677971779351,0.06907280574590081,-0.20761725004425483,0.20259581168965762
0.11033758637210653,0.45249377437985816,-0.3405091504836179,-0.07104340385407244,0.0735977434896994,-0.20832768408279556,0.20333178912455463
-0.5412317068849317,0.33616252049719997,0.26199376087672466,-0.07645572092292176,0.0769593686946714,-0.20909224129202478,0.20410138281150134
0.12151171280836197,0.12566645799624632,0.13372931758382747,-0.07524060379483814,0.07821603327463386,-0.20984464732997316,0.20488354314424767
0.11407327489274433,0.059124378740886566,-0.8031672907506513,-0.0740998710459107,0.07880727706204273,-0.21058564604043226,0.2056716159148681
0.08926527899436941,0.5131527306749677,0.7600674343885889,-0.07320721825596702,0.0839388043687924,-0.21131771822299192,0.206511003958556
0.2770857358738995,-0.3897379844299382,-1.0258227237009816,-0.07043636089722802,0.08004142452449302,-0.2120220818319642,0.20731141820380095
-0.3805917673594873,0.014789550792462053,0.13042503422989377,-0.07424227857082288,0.08018932003241763,-0.21276450461767243,0.20811331140412512
-0.04939085789736783,0.20546956138832687,0.42241856008325424,-0.07473618714979656,0.0822440156463009,-0.2135118664891704,0.20893575156058813
-0.18777670709550623,-0.2516419777647974,-0.6637805283061557,-0.07661395422075162,0.07972759586865293,-0.21427800603137792,0.20973302751927467
0.0759288031570306,-0.41718504204495305,-0.08613261695496856,-0.07585466618918131,0.0755557454482034,-0.21503655269326974,0.2104885849737567
0.11872625477830168,-0.4879392027224536,-0.8272966514159442,-0.07466740364139829,0.07067635342097886,-0.21578322672968372,0.21119534850796648
0.16875407297621123,-0.4592768691419242,-1.0436902565673907,-0.07297986291163618,0.06608358472955962,-0.2165130253588001,0.21185618435526207
0.07033678064692148,0.05934367443326469,0.8071755688755035,-0.07227649510516695,0.06667702147389226,-0.21723579030985177,0.212522954570001
-0.2533653252323797,-0.34389824793493556,-0.2324914345150515,-0.07481014835749075,0.0632380389945429,-0.21798389179342667,0.21315533495994643
0.4227387416875868,-0.2587538273718776,-0.57636376865101,-0.07058276094061489,0.060650500720824126,-0.21868971940283283,0.21376183996715467
0.11857166316160829,-0.16723380599703974,-0.1870146002371838,-0.0693970443089988,0.05897816266085373,-0.21938368984592282,0.2143516215937632
-0.15698104114601363,0.016772716087342664,0.12235080802405028,-0.07096685472045894,0.05914588982172715,-0.2200933583931274,0.21494308049198046
0.03987435447464713,-0.015444424347539473,0.14718309613879876,-0.07056811117571246,0.058991445578251755,-0.22079903950488453,0.21553299494776298
0.1878729420995804,0.05523028118690778,0.18167639248426182,-0.06868938175471666,0.05954374839012083,-0.2214859333224317,0.21612843243166419
0.03702596230557719,-0.1859536127201648,-0.7027246226191185,-0.06831912213166089,0.057684212262919185,-0.2221691245437483,0.21670527455429336
-0.05088917299616998,-0.04592392421783778,0.16777823720235108,-0.06882801386162259,0.05722497302074081,-0.2228574046823645,0.21727752428450078
-0.16095897352413216,0.000996077784145895,-0.21388210976339178,-0.0704376035968639,0.05723493379858227,-0.22356178071833316,0.21784987362248662
-0.03277658495008775,-0.13607918624270998,0.27814772826514333,-0.07076536944636479,0.05587414193615517,-0.22426943441279681,0.21840861504184816
-0.10074704018774701,-0.20190253004373238,-0.6489160462187217,-0.07177283984824226,0.05385511663571785,-0.22498716281127923,0.21894716620820534
-0.27435920389874113,0.06894909086112765,0.6857510114695377,-0.07451643188722967,0.054544607544329125,-0.22573232713015154,0.21949261228364864
-0.34360499810336464,0.547285094523293,1.3282386202770453,-0.07795248186826331,0.06001745848956205,-0.22651185194883416,0.22009278686854425
0.28632388774999623,-0.4042881062640726,-1.2554373586410916,-0.07508924299076335,0.05597457742692133,-0.2272627443787418,0.22065253264281345
0.8035858652581979,-0.24065697315962464,-1.510222779243823,-0.06705338433818137,0.05356800769532508,-0.22793327822212361,0.2211882127197667
-0.5910695000397346,0.8737247200058597,1.667515648503184,-0.07296407933857871,0.06230525489538368,-0.2286629190155094,0.22181126526872055
0.0302295406560769,-0.0827225645779507,0.21762019709553812,-0.07266178393201794,0.061478029249604174,-0.22938953685482957,0.2224260455612166
0.21379304561678494,-0.49474856781896703,-0.8690554869694654,-0.07052385347585009,0.0565305435714145,-0.23009477538958809,0.22299135099693074
-0.22108101154351115,0.5338264763070727,-1.302392559593253,-0.0727346635912852,0.06186880833448523,-0.23082212202550093,0.2236100390802756
0.27126027552446785,-0.8539839828002747,-0.08893871607147119,-0.07002206083604053,0.053328968506482485,-0.23152234263386134,0.22414332876534043
0.20839938282285805,-1.2723654075412527,1.0023912997063575,-0.06793806700781195,0.04060531443106996,-0.23220172330393946,0.22454938190965112
-0.08276858690324256,-0.08894851392410161,0.6003596766652348,-0.06876575287684437,0.039715829291828944,-0.2328893808327079,0.2249465402025694
0.2566275337162738,-0.12889179521196306,-1.2216820200159293,-0.06619947753968164,0.03842691133970931,-0.23355137560810474,0.2253308093159665
-0.1386756538201572,-0.07754366167721063,0.3357701060724217,-0.06758623407788321,0.03765147472293721,-0.23422723794888356,0.22570732406319588
-0.3224138411826352,0.312986139436698,0.4276025544679356,-0.07081037248970956,0.04078133611730419,-0.23493534167378066,0.22611513742436892
0.15143638209347676,-0.0809830840927138,-0.7386488867466838,-0.06929600866877479,0.03997150527637705,-0.23562830176046842,0.22651485247713268
0.5899601192598765,0.6187176027219655,0.9718894324781583,-0.06339640747617603,0.0461586813035967,-0.2362622658352302,0.22697643929016864
-0.2193522338216831,0.3262198542699931,-0.4446466903264496,-0.06558992981439286,0.04942087984629663,-0.23691816513337413,0.2274706480886316
-0.3566374384177005,-0.3528488194951705,-0.5077727744524886,-0.06915630419856987,0.04589239165134493,-0.23760972817535983,0.22792957200514505
-0.25396517046927597,-0.49870206262937355,-0.9085546511290751,-0.07169595590326264,0.04090537102505119,-0.23832668773439245,0.22833862571539557
0.12399468333708707,-0.019471691841245118,-0.42664736626449806,-0.07045600906989177,0.040710654106638745,-0.23903124782509136,0.22874573225646194
0.0647360274860151,-0.2914397779143358,-1.212082339283495,-0.06980864879503162,0.037796256327495385,-0.23972933431304166,0.2291236948197369
0.10355482774847027,0.04243477492002747,-0.5353408941808793,-0.06877310051754693,0.03822060407669566,-0.24041706531821713,0.22950590086050388
-0.016909008748058296,0.3318625350115817,2.19663604621433,-0.06894219060502751,0.04153922942681148,-0.24110648722426742,0.229921293154772
-0.0799925127077745,0.1461357044630198,0.6895280300153521,-0.06974211573210526,0.04300058647144168,-0.24180390838158847,0.23035129901948642
0.050322528134523536,0.46178959903538574,1.3328613587099434,-0.06923889045076002,0.047618482461795536,-0.24249629728609606,0.23082748384410437
0.40926103100474553,0.24440983768648816,1.9973782250439636,-0.06514628014071257,0.050062580838660414,-0.2431477600875032,0.23132810965249098
-0.019286881286396582,0.3058688191162586,0.5617886842855895,-0.06533914895357654,0.053121269029823,-0.24380115157703897,0.23185932234278922
-0.05601377550780499,0.060767601946807075,-0.5346189502303185,-0.06589928670865458,0.053728945049291064,-0.2444601444441255,0.23239661179328214
-0.0798984781674525,-0.12902250554384678,-0.25615665306391844,-0.0666982714903291,0.0524387199938526,-0.2451271271590288,0.23292099899322066
0.18118205628894482,-0.0545182916856031,0.7241085431457417,-0.06488645092743965,0.051893537076996565,-0.2457759916683032,0.23343993436399063
-0.10634736626694136,0.05257594741106283,-0.250414638738748,-0.06594992459010907,0.05241929655110719,-0.24643549091420427,0.2339641273295017
0.044132257457785914,-0.25868908022912945,-0.6665365787097558,-0.0655086020155312,0.049832405748815894,-0.2470905769343596,0.23446245138698985
0.009265456023437866,0.1642910114470741,0.006118414585429751,-0.06541594745529682,0.05147531586328664,-0.24774473640891256,0.2349772045456227
-0.07348067701692228,-0.13223350384399174,-0.6774653437116631,-0.06615075422546604,0.05015298082484672,-0.24840624395116723,0.23547873435387118
0.061185297646997795,-0.0737786181676356,0.18398050071345268,-0.06553890124899606,0.04941519464317036,-0.2490616329636572,0.2359728863003029
-0.15926128424054325,0.12319804174233617,-1.148741045452718,-0.06713151409140149,0.05064717506059372,-0.2497329481045712,0.23647935805090883
-0.21692257672852674,-0.2616574530497597,-0.33772220065833297,-0.06930073985868676,0.048030600530096126,-0.25042595550315805,0.2369596640562098
0.10365148100550851,0.23215699077415125,0.2517463766331896,-0.06826422504863168,0.050352170437837636,-0.25110859775364436,0.23746318576058817
-0.033780338230014514,-0.295437423044419,0.15576598503785993,-0.06860202843093183,0.04739779620739345,-0.25179461803795367,0.2379371637226621
-0.04047947377590601,0.0014304958508278242,-0.08672210336680955,-0.06900682316869089,0.04741210116590173,-0.2524846862696406,0.23841128473432113
-0.3926513155337454,0.06980277217340354,0.7545408738148494,-0.07293333632402835,0.048110128887635766,-0.25321401963288087,0.23889238602319748
-0.2673807928023804,0.27510188069251545,0.6255567380217607,-0.07560714425205216,0.05086114769456092,-0.2539700910754014,0.2394009975001431
-0.2764587459693904,-0.5507987525691005,0.7529956491135437,-0.07837173171174606,0.045353160168869915,-0.2547538083925189,0.2398545291018318
-0.3816305150210423,0.9129554256257573,-1.0704825793750492,-0.08218803686195648,0.05448271442512749,-0.25557568876113845,0.24039935624608308
-0.7361138785245136,0.72503314564712,0.622923321081195,-0.08954917564720162,0.06173304588159869,-0.2564711805176105,0.24101668670489906
-0.40866978676285964,-0.2973897355736019,0.9254833987923424,-0.09363587351483021,0.05875914852586267,-0.2574075392527588,0.2416042781901577
0.37333457045694673,0.3391854138274815,0.09236699809042678,-0.08990252781026074,0.062151002664137485,-0.25830656453086137,0.24222578821679908
0.4318337864972305,0.16480513707765318,0.22675352613193228,-0.08558418994528844,0.06379905403491401,-0.25916240643031424,0.2428637787571482
-0.4647617429755704,-0.035200394708415336,0.8915683040918005,-0.09023180737504415,0.06344705008782986,-0.2600647245040647,0.24349824925802652
0.6343395102540017,-0.6208465649563745,-2.7763141171853807,-0.08388841227250413,0.05723858443826611,-0.26090360862678974,0.24407063510240917
0.7150892288959488,-0.30617631792501715,-0.5477884718111518,-0.07673751998354464,0.05417682125901594,-0.2616709838266252,0.24461240331499934
0.5280903121400168,-0.7671488474252842,-2.3858620299892253,-0.07145661686214447,0.0465053327847631,-0.2623855499952466,0.24507745664284697
-0.8823852687495842,0.6934450337679714,1.932108386917772,-0.08028046954964031,0.05343978312244281,-0.26318835469074303,0.24561185447407138
1.0017559284488593,0.23114179002951096,1.6959293206356327,-0.07026291026515172,0.05575120102273792,-0.26389098379339454,0.24616936648429877
-0.47778468341350433,-0.29682868897560083,0.5566278683551713,-0.07504075709928676,0.05278291413298192,-0.2646413913643874,0.24669719562562858
-0.20735636388958573,-0.39131589224713514,-1.19647860148232,-0.07711432073818261,0.04886975521051057,-0.2654125345717692,0.24718589317773368
0.006457355484794381,0.0032734533300373893,0.19054884517671655,-0.07704974718333467,0.048902489743810944,-0.26618303204360255,0.24767491807517178
0.07954594480042726,0.01232438729814606,-0.7487154443540681,-0.0762542877353304,0.049025733616792404,-0.26694557492095583,0.2481651754113397
0.6943871331730526,0.3562660665840239,0.631083204087222,-0.06931041640359988,0.05258839428263264,-0.26763867908499184,0.24869105935416602
-0.4835302818753948,-0.1118627373955291,0.12485511947899695,-0.07414571922235383,0.05146976690867735,-0.26838013627721535,0.2492057570232528
0.11076531409011979,0.1259009761010758,0.6011832253888173,-0.07303806608145264,0.05272877666968811,-0.2691105169380299,0.24973304478994968
-0.2347160414237278,-0.014072573885954053,-0.6013681718920251,-0.07538522649568992,0.05258805093082857,-0.2698643692029868,0.250258925299258
0.09541089391158922,0.4131408653694057,0.3023561265622357,-0.07443111755657403,0.056719459584522625,-0.2706086803785525,0.2508261198951032
