-107.69999999999999 -190.83599999999998 -44.748000000000005
-108.27600000000001 -190.83599999999998 -45.035999999999994
-107.60400000000001 -191.31599999999997 -45.827999999999996
-109.33200000000001 -188.43600000000004 -44.58
-108.564 -188.81999999999996 -44.62799999999999
-105.10799999999999 -190.64399999999998 -47.05199999999999
-95.892 -194.58 -52.06799999999999
-96.18 -197.076 -52.644
-94.45199999999998 -196.98 -56.124
-93.396 -193.71599999999995 -58.74
-89.65199999999999 -194.29200000000003 -60.492
-81.97200000000001 -191.604 -62.508
-68.34 -195.444 -63.803999999999995
-57.20399999999999 -194.484 -64.74
-42.611999999999995 -195.732 -64.71600000000001
-31.668000000000003 -198.70799999999997 -65.196
-14.772 -199.092 -62.82
-5.8439999999999985 -199.38 -59.74799999999999
5.004 -202.548 -57.636
9.515999999999998 -208.21200000000002 -54.97200000000001
14.699999999999998 -206.96399999999997 -52.716
12.012 -208.40399999999997 -49.644
16.043999999999997 -209.65200000000002 -46.836000000000006
16.619999999999997 -211.09199999999998 -44.916
13.644 -211.476 -42.708
9.228 -209.46 -41.74799999999999
-3.9240000000000004 -212.05199999999996 -40.187999999999995
-9.876 -213.20399999999998 -38.7
-16.595999999999997 -211.572 -39.684
-19.955999999999996 -211.09199999999998 -40.14
-22.451999999999998 -215.796 -38.651999999999994
-28.883999999999997 -214.16400000000002 -39.732
-24.66 -215.31599999999997 -43.596
-22.067999999999998 -210.22799999999995 -44.724000000000004
-16.02 -212.148 -43.403999999999996
-12.948 -212.82 -44.147999999999996
-1.0439999999999998 -210.9 -43.596000000000004
5.772 -210.13199999999998 -43.47599999999999
5.772 -209.556 -44.196000000000005
12.876000000000001 -207.636 -48.924
28.524 -202.06800000000004 -54.61200000000001
35.244 -193.524 -61.78799999999999
30.443999999999996 -188.148 -67.14
20.363999999999997 -182.48399999999998 -71.46
3.4679999999999995 -180.372 -73.212
-15.924000000000001 -177.396 -74.796
-34.164 -179.988 -73.90799999999999
-57.78 -186.612 -69.58800000000001
-76.788 -184.01999999999995 -66.53999999999999
-90.42 -184.11599999999999 -64.572
-101.26799999999999 -184.5 -61.21199999999999
-110.38799999999999 -184.98 -57.3
-118.54800000000002 -187.37999999999997 -53.268
-113.94 -186.99599999999998 -50.38799999999999
-106.74 -190.83599999999998 -46.644
-93.108 -196.02 -43.596000000000004
-89.556 -197.65200000000002 -39.15599999999999
-85.14 -195.828 -37.38
-71.988 -197.07600000000002 -34.476000000000006
-66.708 -194.29199999999997 -28.86
-60.755999999999986 -192.084 -29.1
-40.98 -196.884 -29.531999999999996
-19.668 -203.796 -30.372
-1.3319999999999999 -199.284 -32.316
21.035999999999998 -202.26 -34.26
41.292 -205.236 -38.244
52.812 -200.628 -41.652
58.187999999999995 -200.148 -46.14
66.63600000000001 -195.54 -48.588
72.108 -196.30800000000002 -45.56399999999999
81.516 -188.148 -38.604
87.75599999999999 -179.31599999999997 -32.628
82.09199999999998 -178.93200000000002 -28.235999999999994
56.556000000000004 -186.70800000000003 -24.636
34.09199999999999 -184.78799999999998 -21.276
10.572000000000001 -180.75599999999997 -19.163999999999998
-20.82 -184.78799999999998 -18.708
-48.948 -183.73200000000006 -21.035999999999998
-82.83599999999998 -185.748 -25.596000000000004
-105.204 -184.59599999999998 -28.86
-115.764 -183.15600000000003 -35.484
-128.53199999999998 -182.196 -42.54
-138.132 -176.82 -51.324
-142.164 -165.10799999999995 -61.404
-134.868 -152.052 -73.38
-121.13999999999999 -134.004 -81.468
-82.73999999999998 -127.09199999999998 -87.036
-36.467999999999996 -110.48400000000001 -93.348
10.571999999999997 -97.62 -96.46799999999999
42.251999999999995 -84.564 -96.63600000000001
72.684 -78.99600000000001 -94.28400000000002
98.02799999999999 -75.732 -90.63600000000001
126.82799999999999 -73.716 -85.45199999999998
148.81199999999998 -71.892 -79.95599999999999
165.9 -71.892 -74.148
179.24399999999997 -66.612 -67.332
190.668 -67.092 -58.78799999999999
193.26 -59.7 -52.57199999999999
190.38 -62.772000000000006 -44.412
182.796 -68.34 -36.251999999999995
177.70800000000003 -69.492 -32.604
176.556 -68.33999999999999 -31.98
177.89999999999998 -69.492 -32.196
176.46 -71.22 -33.516
187.40400000000002 -62.483999999999995 -40.788
195.27599999999998 -52.49999999999999 -53.98799999999999
184.71599999999998 -39.443999999999996 -72.036
133.64399999999998 -38.676 -89.36400000000002
58.66799999999999 -38.388 -101.98800000000001
-23.987999999999996 -40.692 -106.09200000000001
-102.99599999999998 -46.548 -102.684
-161.364 -52.692 -95.53199999999997
-205.044 -54.89999999999999 -83.436
-227.604 -61.812 -71.17199999999998
-238.83599999999998 -65.36399999999999 -61.90800000000001
-238.26 -70.164 -53.1
-228.468 -81.108 -42.468
-214.356 -86.388 -32.46
-191.89199999999997 -97.14 -25.02
-174.13200000000003 -105.972 -21.107999999999997
-155.796 -103.76399999999998 -16.884
-136.59599999999998 -107.604 -12.851999999999999
-122.09999999999998 -109.62 -11.171999999999999
-96.27599999999998 -115.37999999999998 -8.532
-68.72399999999999 -123.54 -8.315999999999999
-38.676 -134.964 -8.052
-18.612 -142.64399999999998 -8.411999999999999
10.187999999999999 -150.036 -10.859999999999998
31.788 -153.97199999999998 -14.7
55.5 -158.388 -18.227999999999998
83.244 -158.96400000000003 -22.212
104.36399999999999 -151.188 -27.060000000000006
129.708 -139.956 -31.98
144.108 -134.004 -36.108
148.716 -132.27599999999998 -38.172
167.916 -108.852 -44.724
179.628 -88.21199999999999 -52.355999999999995
181.644 -66.708 -65.892
163.21199999999996 -36.56399999999999 -81.804
128.46 -28.116 -92.34
102.34800000000001 -40.404 -95.74799999999999
82.28399999999999 -61.428000000000004 -95.244
63.852 -59.02799999999999 -97.956
11.339999999999998 -53.94 -102.87599999999999
-56.43600000000001 -34.26 -106.09200000000001
-116.34 -4.308 -105.10799999999999
-167.12400000000002 23.147999999999996 -100.09200000000001
-201.972 36.684 -93.37199999999999
-218.77200000000002 31.788 -88.64399999999999
-233.26799999999994 37.163999999999994 -83.244
-243.15599999999998 38.7 -77.21999999999998
-253.716 45.996 -69.852
-258.70799999999997 49.06799999999999 -63.396
-259.86 49.452 -57.89999999999999
-262.452 39.372 -53.65200000000001
-261.972 28.331999999999997 -50.556
-258.036 20.363999999999997 -48.492000000000004
-261.012 18.252 -46.86000000000001
-260.532 19.979999999999997 -46.02
-258.32399999999996 17.868 -45.108000000000004
-257.652 14.412 -44.172
-255.636 6.348000000000001 -42.684
-255.25199999999998 10.283999999999999 -40.955999999999996
-252.75599999999997 13.26 -37.763999999999996
-247.476 18.923999999999996 -34.644
-237.01199999999997 27.947999999999997 -28.212000000000003
-203.796 29.291999999999998 -16.331999999999997
-156.372 36.492 -5.724000000000001
-94.83599999999998 44.268 0.6119999999999999
-33.876 55.5 3.3960000000000004
24.971999999999998 62.22 2.6759999999999997
69.132 69.708 -0.49199999999999994
96.78 74.604 -3.7320000000000007
127.30799999999999 73.932 -9.684
144.108 70.572 -13.283999999999999
163.212 65.868 -16.836
175.692 57.995999999999995 -21.3
189.03599999999997 40.62 -25.932
202.47600000000003 19.212 -32.052
209.19600000000003 14.027999999999999 -42.10799999999999
215.916 27.467999999999996 -55.644
207.94799999999998 51.66 -64.23599999999999
198.34799999999998 75.948 -70.884
183.66 104.07599999999998 -76.62
158.7 132.3 -82.044
126.44399999999997 154.572 -87.852
75.084 171.66 -95.07600000000001
22.668000000000003 189.612 -97.95599999999999
-13.427999999999999 208.332 -95.868
-41.076 223.308 -92.62799999999999
-70.164 224.65199999999996 -89.436
-105.012 217.452 -86.964
-126.42 219.66 -83.916
-140.43599999999998 210.92399999999998 -80.82
-156.468 203.82 -77.62800000000001
-171.25199999999998 196.332 -74.532
-184.692 195.37199999999996 -72.18
-190.548 185.96400000000003 -66.084
-196.78799999999998 182.98799999999994 -59.412
-195.73199999999997 179.34 -57.324
-188.05200000000002 189.9 -64.596
-166.64399999999998 198.34799999999998 -76.02
-134.676 204.396 -85.524
-93.972 201.42 -92.43599999999998
-41.652 204.204 -96.036
7.596 212.076 -93.252
36.779999999999994 227.91600000000003 -86.244
55.11600000000001 237.9 -79.26
58.571999999999996 249.03599999999997 -74.388
52.907999999999994 251.628 -72.42
47.916000000000004 251.724 -75.39599999999999
60.20399999999999 239.724 -76.97999999999999
72.78 234.34799999999998 -76.98
82.18799999999999 233.19600000000003 -75.132
96.204 225.804 -73.98
117.036 212.84400000000002 -72.13199999999999
133.836 198.636 -70.548
150.05999999999997 190.188 -64.524
160.524 181.836 -59.292
171.27599999999998 168.396 -52.596000000000004
177.516 153.612 -45.083999999999996
177.03600000000003 142.38 -38.844
175.5 130.284 -31.5
161.004 116.17199999999998 -23.387999999999998
125.86800000000001 104.36399999999999 -13.043999999999999
71.62799999999999 92.07599999999998 -4.572
18.828000000000003 75.756 0.78
-19.668 55.788000000000004 2.1959999999999997
-53.267999999999994 37.452000000000005 2.364
-90.036 25.451999999999998 0.612
-119.22 9.42 -2.8440000000000003
-143.22000000000003 -7.475999999999999 -5.556
-165.78 -28.403999999999996 -11.027999999999999
-174.32399999999998 -49.62 -15.468
-186.03599999999997 -70.35600000000001 -19.787999999999997
-195.92399999999998 -71.604 -25.043999999999997
-200.34 -83.79599999999999 -28.428
-189.588 -103.18799999999999 -29.651999999999997
-181.332 -117.588 -31.380000000000006
-171.732 -136.692 -35.676
-160.404 -151.86 -38.46
-146.58 -159.25199999999998 -36.132
-140.244 -160.308 -34.356
-136.98 -160.212 -33.972
-131.12399999999997 -161.268 -32.772
-128.05199999999996 -164.148 -33.035999999999994
-131.028 -160.02 -32.82
-135.444 -154.26 -32.412
-128.724 -154.164 -30.179999999999996
-123.63599999999998 -154.548 -29.868
-126.22800000000001 -157.52399999999997 -30.011999999999997
-128.53199999999998 -151.668 -30.444000000000003
-130.93199999999996 -154.06799999999998 -31.596
-134.484 -156.468 -32.58
-152.34 -151.09199999999998 -35.316
-167.412 -138.32399999999998 -38.94
-174.51600000000002 -129.492 -42.34799999999999
-179.988 -125.65199999999999 -47.868
-177.68400000000003 -124.30799999999999 -55.644000000000005
-176.53199999999998 -112.59599999999999 -63.684000000000005
-164.82 -110.96399999999998 -70.74
-142.644 -120.564 -75.252
-120.948 -142.83599999999998 -72.13199999999999
-97.71600000000001 -163.86 -69.324
-68.62799999999999 -175.092 -68.53200000000001
-26.58 -186.70799999999997 -64.98
-7.571999999999998 -192.08399999999997 -62.364
-2.676 -195.73199999999997 -58.86
-1.716 -200.05200000000005 -52.52400000000001
-19.38 -203.412 -47.412
-46.644000000000005 -201.87599999999998 -47.748000000000005
-65.36399999999999 -198.03599999999997 -49.308
-69.10799999999999 -198.22799999999998 -48.444
-65.94 -197.84399999999994 -47.724
-65.748 -198.612 -50.388000000000005
-65.556 -198.42 -51.46800000000001
-71.31599999999999 -197.364 -52.812
-76.98 -195.05999999999997 -53.196
-84.66 -192.94799999999995 -55.47599999999999
-98.00399999999999 -185.07599999999994 -59.675999999999995
-104.91599999999998 -175.284 -66.084
-104.62799999999999 -162.89999999999998 -71.916
-106.35600000000001 -154.06799999999998 -76.692
-113.46 -134.292 -82.956
-130.74 -91.764 -89.77199999999999
-144.276 -45.012 -95.22
-157.524 17.387999999999998 -98.316
-164.82 76.81199999999998 -96.948
-172.02 122.028 -92.00400000000002
-177.01199999999997 148.332 -87.03599999999999
-184.02 170.988 -78.012
-182.48399999999998 188.65200000000002 -72.612
-181.81199999999998 195.08399999999997 -65.82
-179.69999999999996 199.11599999999999 -58.284000000000006
-186.22799999999998 189.804 -48.56399999999999
-191.50800000000004 173.388 -39.996
-184.692 164.076 -33.132000000000005
-183.73199999999997 139.98 -26.772000000000002
-185.84400000000002 126.92399999999998 -23.052000000000003
-188.148 96.97200000000001 -20.555999999999997
-194.196 72.396 -18.756
-195.63600000000002 48.492 -17.483999999999998
-192.084 24.108 -15.611999999999998
-189.68399999999997 -4.8839999999999995 -15.636
-186.996 -53.172 -18.156
-187.092 -90.228 -24.323999999999998
-196.11599999999999 -104.916 -31.836
-208.30799999999996 -96.756 -38.123999999999995
-219.06 -85.524 -41.94
-223.37999999999997 -77.17199999999998 -40.931999999999995
-227.988 -56.628 -38.628
-234.708 -27.636 -35.604
-240.18 2.7 -36.348
-243.05999999999997 25.932 -37.596
-245.268 51.372 -41.123999999999995
-250.26 71.05199999999999 -46.86
-246.9 78.732 -50.24400000000001
-246.80399999999997 82.476 -52.955999999999996
-249.58799999999997 89.19599999999998 -55.06800000000001
-245.65199999999996 84.49199999999999 -57.492000000000004
-246.9 82.28399999999999 -59.84399999999999
-245.556 82.38 -60.852
-242.09999999999997 89.292 -63.324
-242.1 86.892 -65.67599999999999
-237.49200000000002 75.756 -70.25999999999999
-236.81999999999996 52.523999999999994 -73.71600000000001
-233.93999999999997 11.532 -75.036
-233.17199999999997 -5.555999999999999 -73.09199999999998
-232.02 -30.708 -71.82
-234.42 -46.452000000000005 -65.196
-236.34 -53.268 -57.828
-240.94799999999995 -48.948 -50.652
-243.636 -28.404 -44.916
-246.9 -2.3879999999999995 -41.508
-246.22799999999998 15.66 -41.34
-247.092 22.956 -42.827999999999996
-249.68399999999994 20.555999999999997 -44.483999999999995
-246.03599999999997 14.411999999999999 -43.06799999999999
-243.924 7.308 -41.21999999999999
-237.588 -6.228000000000001 -38.81999999999999
-232.692 -30.035999999999998 -37.98
-224.916 -53.17199999999999 -39.348
-220.5 -76.692 -43.02
-218.00400000000002 -86.196 -48.876
-216.94799999999998 -91.18799999999999 -53.868
-219.15599999999998 -88.98 -58.57199999999999
-219.636 -76.59599999999999 -66.68400000000001
-223.092 -43.956 -75.22800000000001
-221.55599999999998 1.068 -82.09199999999998
-217.71599999999998 51.37200000000001 -85.09200000000001
-214.83599999999998 77.77199999999999 -85.02
-213.77999999999997 89.38799999999999 -83.772
-215.988 111.66 -80.7
-222.70800000000003 124.71600000000001 -76.66799999999999
-208.21200000000005 146.60399999999998 -78.564
-198.99599999999998 170.796 -76.044
-192.37199999999996 183.94799999999998 -70.57199999999999
-192.85199999999998 193.93200000000002 -65.868
-185.84399999999997 203.72400000000002 -59.58
-166.548 219.65999999999997 -50.748000000000005
-150.612 219.46799999999996 -43.30799999999999
-139.86 220.428 -38.052
-132.17999999999998 224.172 -38.052
-133.332 233.96400000000003 -47.82
-134.1 239.05199999999996 -63.708
-132.85199999999998 226.09199999999998 -78.036
-123.252 205.452 -89.45999999999998
-124.212 163.78799999999998 -97.13999999999999
-135.732 101.00400000000002 -102.252
-125.84399999999998 54.636 -104.772
-111.44399999999997 31.98 -105.63600000000001
-102.99599999999998 -10.644 -104.124
-84.948 -42.708 -102.084
-62.772 -87.06 -98.604
-59.02799999999999 -108.27600000000001 -94.64399999999999
-59.507999999999996 -118.54799999999999 -91.476
-57.492 -138.03599999999997 -86.652
-56.43600000000001 -158.868 -79.62
-48.75599999999999 -178.452 -71.34
-36.75599999999999 -190.836 -64.74
-34.644 -193.14 -58.907999999999994
-23.124000000000002 -202.06799999999998 -50.628
-4.979999999999999 -201.20399999999998 -44.676
14.316 -198.32399999999998 -40.11599999999999
26.988000000000003 -190.644 -37.164
38.988 -181.524 -32.748000000000005
44.46 -177.012 -28.908
49.644000000000005 -163.57199999999997 -23.195999999999998
55.211999999999996 -137.45999999999998 -15.467999999999996
58.38 -86.58 -6.108
48.20399999999999 -29.844 -0.132
35.916000000000004 39.948 0.708
22.092 104.84400000000001 -2.412
9.324000000000002 165.22799999999998 -11.052
-5.843999999999999 220.428 -23.46
-18.324 251.532 -36.684
-35.507999999999996 268.14 -49.02
-42.996 270.924 -60.396
-45.395999999999994 267.56399999999996 -71.052
-46.355999999999995 253.164 -80.724
-43.47599999999999 235.59600000000003 -88.47600000000003
-37.13999999999999 212.364 -94.30799999999999
-31.38 192.972 -99.17999999999998
-21.491999999999997 168.78 -103.28399999999999
-11.700000000000003 140.364 -106.13999999999999
-2.964 112.04399999999998 -107.82
17.58 90.444 -108.204
38.316 75.85199999999999 -107.48400000000001
54.924 77.484 -105.37200000000001
69.324 52.715999999999994 -104.82
79.30799999999999 35.34 -103.332
99.37199999999999 0.20400000000000007 -99.44400000000002
113.676 -18.9 -95.74799999999999
121.26 -34.355999999999995 -92.196
127.98 -43.38 -89.556
128.93999999999997 -31.667999999999996 -90.13200000000002
118.476 32.46 -96.37200000000001
108.49199999999999 96.396 -97.16400000000002
87.66000000000003 150.06 -95.41199999999999
80.65199999999999 189.22799999999995 -90.37199999999999
75.18 226.76399999999998 -80.41199999999999
80.46 243.46799999999996 -65.988
73.836 250.18799999999996 -60.708
70.28399999999999 248.364 -51.803999999999995
73.54799999999999 238.38 -40.907999999999994
81.708 200.076 -24.804000000000002
96.204 124.62 -10.956
133.26 43.78799999999999 -10.187999999999999
164.172 -11.508 -18.3
185.96399999999997 -41.94 -28.956
194.12400000000002 -48.18 -39.012
198.44400000000002 -43.284000000000006 -47.652
200.46 -38.867999999999995 -53.58
204.68399999999994 -30.132 -57.852
205.164 -15.924 -58.37999999999999
209.868 -10.26 -54.779999999999994
209.004 -14.003999999999998 -49.14
206.7 -23.699999999999996 -49.356
206.89199999999997 -29.171999999999997 -52.092
207.276 -27.732 -53.62799999999999
206.7 -23.028 -54.803999999999995
205.83599999999998 -20.819999999999997 -57.251999999999995
205.548 -20.436 -57.18
202.284 -28.787999999999997 -56.891999999999996
200.17199999999997 -40.019999999999996 -55.715999999999994
193.64399999999998 -54.61200000000001 -56.748000000000005
192.97199999999998 -56.052 -56.53199999999999
186.73199999999997 -68.436 -54.66
177.80399999999997 -85.044 -54.828
169.548 -93.972 -56.676
165.9 -97.62 -61.452
159.276 -90.516 -66.51599999999999
152.94 -84.85199999999999 -72.37199999999999
129.03599999999997 -89.55599999999998 -78.684
117.61200000000001 -85.14 -83.02799999999999
120.49199999999999 -60.56400000000001 -86.05199999999999
141.804 -30.516 -84.63600000000001
158.22 -7.572 -82.404
169.83599999999998 10.86 -78.828
176.84399999999997 22.188 -76.044
189.03599999999997 31.019999999999996 -69.9
191.34 35.628 -68.508
201.80399999999997 28.715999999999994 -60.132
206.796 19.404 -49.11599999999999
201.612 6.444 -39.108
191.43600000000004 -25.427999999999997 -33.827999999999996
171.18 -78.612 -29.58
140.94 -118.93199999999999 -29.868000000000002
116.65199999999999 -157.14 -34.163999999999994
102.44400000000002 -168.468 -41.7
88.81200000000001 -176.43599999999998 -49.308
70.86 -181.428 -56.43599999999999
48.876000000000005 -183.63600000000002 -62.604
21.227999999999998 -180.94800000000004 -68.556
-0.08399999999999984 -176.82 -73.188
-19.572 -160.788 -79.23599999999999
-32.244 -146.29199999999997 -84.27600000000001
-37.812 -135.73199999999997 -86.94
-32.24400000000001 -141.588 -86.21999999999998
-20.148 -155.12400000000002 -81.27600000000001
18.54 -159.54 -76.692
76.428 -132.94799999999998 -77.004
131.244 -79.18799999999999 -80.892
156.876 -19.955999999999996 -82.09200000000001
171.75600000000003 33.132000000000005 -83.29199999999999
175.02000000000004 60.012 -83.00399999999999
176.748 85.64399999999999 -81.42
173.196 99.18 -81.852
181.93200000000002 35.052 -81.18
141.32399999999998 -79.38 -80.652
58.956 -167.988 -72.684
-7.283999999999999 -197.65200000000002 -62.052
-57.108000000000004 -201.49200000000005 -54.10799999999999
-65.844 -199.764 -54.06
-16.115999999999996 -200.916 -56.004
23.82 -195.828 -54.54
84.3 -170.77199999999996 -59.532
102.444 -128.148 -77.67599999999999
82.18799999999999 -114.612 -87.56400000000002
40.332 -88.21199999999999 -98.22
-8.915999999999999 -41.07599999999999 -106.40399999999998
-64.692 -9.588 -108.3
-132.46799999999996 -11.507999999999997 -102.99599999999998
-183.444 -42.132 -92.14800000000001
-172.98 -66.996 -90.3
-172.78799999999998 -69.3 -89.79599999999999
-185.268 -59.98799999999999 -87.80400000000002
-207.05999999999997 -52.98 -81.66
-220.59599999999998 -65.748 -70.524
-206.58 -106.26 -61.236
-156.852 -153.204 -57.708
-104.62799999999999 -181.812 -56.7
-53.17199999999999 -189.588 -61.26
-5.171999999999998 -177.97199999999998 -68.964
36.972 -155.12400000000002 -76.524
66.252 -125.17200000000001 -82.28399999999999
89.38799999999999 -93.10799999999999 -86.34
107.53199999999998 -59.604 -89.772
112.52400000000002 -33.78 -92.82
118.572 -16.02 -93.73199999999999
126.92399999999999 10.668 -93.948
133.26 67.788 -92.98800000000001
114.92399999999999 145.74 -92.22
55.02 215.724 -88.83599999999998
-37.523999999999994 249.22799999999998 -84.10799999999999
-125.65199999999999 245.58 -71.604
-200.14800000000002 193.548 -63.948
-226.26 147.94799999999998 -63.804
-242.676 113.292 -61.931999999999995
-253.33199999999997 65.388 -63.324
-252.852 12.972000000000001 -63.66
-248.916 -19.092 -58.644
-238.93200000000002 -49.907999999999994 -53.65199999999999
-213.58800000000002 -98.48399999999998 -51.588
-166.356 -151.764 -52.01999999999999
-102.516 -186.132 -49.62
-4.98 -196.11599999999999 -54.06
75.94800000000001 -173.076 -58.955999999999996
111.85199999999999 -155.988 -54.42
141.996 -125.07600000000001 -56.099999999999994
165.9 -94.45200000000001 -56.988
182.412 -69.588 -57.708
192.3 -50.38799999999999 -59.123999999999995
192.78 -43.571999999999996 -58.836000000000006
196.332 -45.396 -59.123999999999995
194.31599999999997 -51.635999999999996 -59.675999999999995
191.82 -57.396 -58.74
194.50799999999998 -58.45199999999999 -54.012
192.78 -58.06799999999999 -55.332
199.69199999999998 -24.947999999999997 -60.251999999999995
204.78 51.18 -64.66799999999999
173.868 135.75599999999997 -72.70799999999998
98.41199999999999 213.03600000000003 -80.484
9.42 250.57199999999997 -78.66
-38.388000000000005 265.548 -71.652
-49.812 267.756 -66.92399999999999
-97.71600000000001 258.25199999999995 -59.772000000000006
-115.764 249.42 -63.61200000000001
-127.476 243.37199999999996 -63.97200000000001
-143.988 237.516 -61.692
-160.788 223.59599999999998 -59.02799999999999
-178.06799999999998 208.62 -59.65200000000001
-194.77200000000002 193.164 -58.188
-207.06 172.61999999999998 -57.75599999999999
-218.484 159.75599999999997 -58.98
-231.92399999999998 133.836 -57.348
-249.29999999999995 83.148 -53.7
-251.89199999999997 24.972 -50.652
-240.852 -36.372 -46.668
-223.956 -74.964 -45.56400000000001
-216.56399999999996 -91.476 -48.083999999999996
-209.46 -105.3 -49.284
-209.46 -102.89999999999998 -48.18
-213.3 -99.44400000000002 -49.26
-210.03599999999997 -107.22 -50.483999999999995
-203.796 -115.476 -50.43599999999999
-185.076 -137.076 -51.42
-156.27599999999998 -157.716 -53.916000000000004
-135.156 -173.26800000000003 -52.83599999999999
-109.81199999999998 -187.668 -50.292
-63.828 -198.324 -51.276
-14.388 -201.204 -51.516000000000005
43.692 -194.48399999999998 -52.97999999999999
98.892 -166.83599999999998 -52.236000000000004
139.596 -138.32399999999998 -51.756
168.204 -102.99599999999998 -54.012
185.388 -65.74799999999999 -56.076
199.02 -25.235999999999994 -58.52399999999999
206.22 21.227999999999998 -59.964000000000006
205.64399999999998 75.564 -59.89199999999999
189.708 120.77999999999999 -66.41999999999999
156.39600000000002 171.08399999999997 -70.452
109.64399999999999 221.96399999999997 -70.16399999999999
55.30799999999999 256.716 -67.404
-4.596 270.73199999999997 -65.556
-54.228 269.00399999999996 -63.036
-101.94 257.29200000000003 -62.07599999999999
-122.38799999999999 245.292 -64.95599999999999
-122.29199999999999 246.54 -68.41199999999999
-99.156 249.32399999999998 -73.668
-50.964 253.93199999999996 -77.892
12.396 257.292 -76.332
79.308 238.37999999999997 -72.22800000000001
133.836 208.71599999999998 -65.652
173.388 165.99599999999998 -57.54
196.61999999999998 118.38 -50.724
209.1 61.644000000000005 -47.556000000000004
207.084 -6.995999999999999 -44.46
191.53199999999998 -71.41199999999999 -45.924
162.15599999999998 -113.556 -56.48400000000001
118.57199999999999 -129.87599999999998 -72.15599999999999
72.87599999999999 -115.764 -87.612
45.036 -82.836 -96.972
20.748 -44.628 -102.948
5.867999999999999 -2.4839999999999995 -106.90800000000002
1.6439999999999997 42.732 -109.04399999999998
5.58 95.436 -107.94
8.363999999999999 128.65200000000002 -105.3
16.908 172.14 -98.55599999999998
46.187999999999995 198.82799999999995 -91.71600000000001
80.17199999999998 201.516 -85.86
110.41199999999999 189.51600000000002 -81.636
140.844 162.252 -78.18
174.63600000000002 124.428 -72.58800000000001
197.196 69.9 -63.587999999999994
205.06799999999998 24.011999999999997 -52.42799999999999
200.55599999999998 3.2760000000000002 -42.06
187.884 -11.7 -32.58
169.16400000000002 -17.268 -23.316
148.14 -9.299999999999999 -15.18
118.28399999999999 13.643999999999998 -7.98
69.9 33.324 -2.34
21.516000000000005 45.132 0.42
-20.723999999999997 44.65200000000001 1.284
-41.46 38.028 1.764
-18.804 33.42 1.548
29.772000000000002 45.708 0.132
82.47599999999998 74.21999999999998 -5.412000000000001
128.172 116.46 -17.436
165.03599999999997 144.204 -35.172
177.516 150.444 -55.93199999999999
163.59599999999998 153.996 -72.22800000000001
128.172 142.668 -87.73199999999999
94.09200000000001 119.05199999999999 -98.65199999999999
80.652 81.42 -101.508
97.54800000000002 27.276 -100.06800000000001
121.26 3.2760000000000002 -94.668
149.58 1.2599999999999998 -88.28400000000002
169.164 15.467999999999996 -83.484
179.72400000000002 36.396 -79.66799999999999
189.9 55.403999999999996 -75.92399999999999
189.42 78.252 -72.924
195.08399999999997 77.388 -70.90799999999999
198.53999999999996 60.972 -68.69999999999999
205.548 36.108000000000004 -63.828
208.52399999999997 8.748 -54.18
205.25999999999996 -14.388 -45.56400000000001
200.65200000000002 -16.979999999999997 -38.316
191.628 -5.94 -32.964
192.972 -5.46 -32.94
197.96400000000003 -24.563999999999997 -38.988
202.76399999999998 -34.836 -47.79600000000001
200.74799999999996 -33.108 -60.22800000000001
197.388 -13.331999999999999 -68.844
184.236 1.3559999999999999 -76.788
164.65200000000002 17.676000000000002 -85.98
138.444 35.532 -93.01199999999999
109.54799999999999 55.21200000000001 -99.18
77.29199999999999 83.72399999999999 -102.73199999999999
51.372 109.74 -104.46
43.01999999999999 142.476 -102.22800000000001
40.908 168.396 -98.964
46.092000000000006 189.132 -94.64399999999999
55.692 214.76399999999998 -86.14800000000001
79.59599999999999 232.13999999999996 -69.948
110.31600000000002 226.18800000000002 -59.57999999999999
135.66 204.87600000000003 -55.403999999999996
149.196 190.76399999999998 -57.13199999999999
156.78 183.94799999999998 -61.547999999999995
165.99599999999998 162.92399999999998 -65.41199999999999
166.476 144.588 -73.836
145.64399999999998 111.27600000000001 -86.74799999999999
83.53199999999998 94.09200000000001 -100.09199999999998
19.116 87.564 -107.1
-43.47599999999999 89.964 -107.892
-96.37200000000001 99.852 -105.972
-160.308 122.98799999999997 -96.56399999999998
-211.38 137.484 -79.092
-229.13999999999996 133.932 -71.02799999999999
-232.884 135.18 -63.924
-237.87599999999998 127.88399999999997 -65.532
-222.9 100.23599999999999 -83.07600000000001
-135.34799999999998 41.292 -103.308
-38.292 -3.1559999999999993 -106.956
73.54799999999999 -29.843999999999998 -97.25999999999998
157.164 -15.828 -81.99599999999998
196.14 25.932 -67.14
205.25999999999996 62.98799999999999 -49.523999999999994
202.38 96.012 -44.172
183.27599999999998 137.388 -42.948
163.69199999999998 180.588 -45.443999999999996
136.61999999999998 216.396 -51.61200000000001
124.81199999999998 223.78799999999998 -60.756
120.20400000000001 219.468 -70.40400000000001
125.676 206.89199999999997 -78.66
135.468 171.852 -84.06
146.124 137.964 -86.148
151.884 109.83599999999998 -88.428
156.78 74.892 -89.31599999999999
160.14 42.15599999999999 -89.556
171.852 5.676 -84.396
190.66800000000003 -16.308 -75.204
202.86 -3.1559999999999997 -66.3
210.44400000000002 13.643999999999998 -61.715999999999994
212.364 28.62 -60.516000000000005
209.388 35.724000000000004 -63.30000000000001
210.05999999999997 32.748 -63.54
207.94799999999998 21.419999999999995 -61.644
210.34799999999998 11.628 -58.163999999999994
212.17199999999997 12.684 -52.452
209.676 31.212 -46.21199999999999
202.28400000000002 71.244 -41.148
189.9 106.86 -36.756
159.084 165.61199999999997 -40.428
117.9 225.804 -51.396
75.372 252.87599999999998 -67.90799999999999
52.81199999999999 251.14799999999997 -77.988
46.763999999999996 250.76399999999998 -80.79599999999999
44.459999999999994 245.388 -83.196
33.036 235.49999999999997 -89.868
22.572 214.37999999999997 -97.45199999999998
42.827999999999996 210.53999999999996 -96.036
91.21199999999999 212.55599999999998 -88.404
113.676 225.32399999999998 -78.708
124.14 234.828 -67.068
122.7 242.69999999999996 -56.604
109.54799999999999 244.236 -44.315999999999995
93.132 231.17999999999995 -28.476
70.572 174.25199999999998 -7.524
26.699999999999996 89.09999999999998 6.972
-17.843999999999998 -15.443999999999999 11.364
-43.284000000000006 -126.708 1.4999999999999998
-48.852 -205.04399999999998 -17.412
-50.868 -232.21200000000002 -40.09199999999999
-44.052 -227.79600000000002 -60.587999999999994
-30.996 -192.27599999999998 -78.588
-19.668 -138.9 -94.23599999999999
-22.836000000000002 -79.956 -104.36400000000002
-28.403999999999996 -33.492 -109.71600000000001
-9.107999999999999 4.619999999999999 -110.34
22.092 36.300000000000004 -109.164
48.012 58.47599999999999 -106.61999999999998
76.14 103.78800000000001 -101.124
96.3 138.636 -94.54799999999999
112.13999999999999 160.236 -87.27599999999998
117.324 184.04399999999998 -79.212
122.316 197.58 -71.72399999999999
128.844 197.38800000000003 -68.07600000000001
136.812 194.7 -64.716
137.676 196.524 -64.068
131.628 203.24399999999994 -63.876
133.356 204.97200000000004 -62.028
134.22 207.85199999999998 -56.772
131.916 213.132 -49.571999999999996
117.228 221.1 -44.267999999999994
105.132 232.90799999999996 -43.596
84.87599999999999 242.31599999999997 -42.995999999999995
47.532 268.044 -43.044
8.556 276.20399999999995 -44.004
-24.372 277.548 -41.868
-45.684 267.276 -33.444
-74.004 228.972 -20.22
-104.05199999999999 177.32399999999998 -8.604
-137.46 105.612 -1.5000000000000002
-181.71599999999998 25.548000000000002 -4.38
-217.14 -39.156 -14.315999999999999
-238.74 -101.93999999999998 -34.452
-219.06 -146.292 -54.948
-165.108 -149.94 -79.476
-94.836 -123.82799999999999 -97.30799999999999
-51.73199999999999 -94.45200000000001 -102.85199999999999
-23.316000000000003 -52.11599999999999 -106.93199999999999
-5.94 -1.8120000000000003 -110.436
10.956000000000001 51.94799999999999 -110.244
32.172 87.948 -107.484
51.468 94.38 -105.18
62.98799999999999 55.403999999999996 -105.42
60.87599999999998 -41.364 -99.56400000000002
35.052 -146.1 -82.884
-12.66 -206.48399999999998 -59.29199999999999
-14.772 -212.916 -36.20399999999999
16.236 -188.24399999999997 -20.028000000000002
70.764 -144.756 -13.356
130.284 -98.58 -14.196
184.044 -58.16399999999999 -25.524
205.06799999999998 -43.38 -39.708
205.74 -55.571999999999996 -51.036
187.88400000000001 -80.148 -59.724000000000004
155.148 -120.85199999999999 -63.85199999999999
123.66 -147.828 -66.51599999999999
100.428 -156.85199999999998 -68.268
84.876 -167.988 -68.02799999999999
73.64399999999999 -183.54 -59.628
86.604 -187.092 -44.388000000000005
93.22799999999998 -169.33199999999997 -31.164
82.764 -154.26 -20.747999999999998
52.044 -140.05200000000002 -11.46
17.58 -112.404 -5.844000000000001
17.772 -89.36399999999999 -2.964
53.58 -56.916 -2.028
75.66 -36.275999999999996 -0.8519999999999999
92.17200000000001 -23.603999999999996 -0.276
115.30799999999999 -5.459999999999999 -2.052
137.96399999999997 13.068 -5.484
141.99599999999998 31.308000000000003 -6.8519999999999985
140.748 49.16400000000001 -7.98
141.9 67.884 -9.564
150.252 84.012 -13.788
162.05999999999997 110.22 -20.844
163.78799999999998 141.42 -30.444000000000003
157.74 172.524 -42.324
151.40400000000002 187.116 -52.83599999999999
156.012 178.95600000000002 -58.42799999999999
161.484 170.028 -60.61200000000001
174.92399999999998 160.716 -58.715999999999994
183.18 151.78799999999998 -53.292
187.88400000000001 143.916 -49.764
192.396 132.77999999999997 -40.476
176.26800000000003 122.508 -25.788
139.116 106.764 -11.075999999999999
87.084 86.79599999999999 -0.42
22.475999999999996 41.867999999999995 6.587999999999999
-38.1 -11.892000000000001 7.404
-68.62799999999999 -52.404 4.835999999999999
-97.62 -93.01199999999999 -0.9479999999999998
-122.38799999999999 -113.652 -7.26
-125.26799999999999 -130.548 -10.044
-131.796 -140.34 -14.124
-134.772 -154.06799999999998 -18.06
-146.196 -138.9 -16.907999999999998
-145.14 -138.22799999999998 -17.339999999999996
-152.724 -139.18800000000002 -19.692
-155.22 -150.708 -24.083999999999996
-168.08399999999997 -152.244 -30.947999999999997
-184.884 -144.084 -39.276
-191.12399999999994 -138.99599999999998 -52.428000000000004
-176.43600000000004 -143.12399999999997 -62.364
-147.732 -157.71599999999998 -66.68399999999998
-105.3 -179.988 -66.3
-44.532 -195.82800000000003 -65.36399999999999
-9.588000000000001 -203.31600000000003 -60.228
21.996000000000002 -210.61199999999997 -53.076
28.811999999999998 -205.236 -45.852
6.828 -211.38 -40.044000000000004
-28.98 -213.68400000000003 -38.196
-53.46 -214.356 -38.58
-73.428 -203.89199999999997 -39.756
-89.17200000000001 -197.748 -40.428000000000004
-95.028 -194.196 -41.46
-106.16399999999997 -191.892 -43.403999999999996
-122.38799999999999 -183.828 -49.06799999999999
-156.564 -153.876 -61.691999999999986
-181.236 -104.148 -74.892
-195.732 -53.94 -82.02
-203.50799999999998 0.972 -86.65199999999999
-207.25199999999998 42.924 -87.228
-212.33999999999997 76.524 -84.27600000000001
-216.56399999999996 101.964 -77.988
-223.476 121.836 -72.3
-230.86799999999997 113.676 -71.26799999999999
-239.028 103.30799999999999 -70.59599999999999
-244.69199999999998 100.33200000000001 -66.636
-249.78 103.884 -60.108000000000004
-240.372 112.90799999999999 -49.955999999999996
-235.28400000000002 87.564 -33.444
-214.06799999999998 66.05999999999999 -22.883999999999997
-186.03599999999997 52.236 -13.62
-153.492 34.476000000000006 -5.8199999999999985
-131.02799999999996 6.252000000000001 -2.628
-103.764 -46.74 -1.1639999999999997
-83.124 -120.18 -5.676
-75.54 -152.62800000000001 -10.62
-86.77199999999999 -175.092 -18.516
-99.82800000000002 -186.99599999999998 -26.099999999999994
-102.99600000000001 -194.48399999999998 -28.163999999999998
-116.72399999999998 -181.42799999999997 -23.964000000000002
-149.172 -120.948 -13.859999999999998
-161.268 -43.476000000000006 -6.611999999999999
-165.49200000000002 8.267999999999999 -5.675999999999999
-171.05999999999997 46.09199999999999 -8.7
-186.516 76.71600000000001 -14.388
-189.01199999999997 107.436 -18.852
-195.15600000000003 146.12399999999997 -27.948
-196.01999999999995 177.13199999999998 -39.924
-201.012 190.764 -52.428000000000004
-197.84400000000002 180.204 -71.41199999999999
-186.708 155.24399999999997 -87.804
-164.05200000000002 114.92399999999998 -98.196
-132.27599999999998 59.147999999999996 -104.988
-110.292 28.331999999999997 -107.07599999999998
-83.41199999999999 -4.98 -107.412
-47.21999999999999 -26.1 -106.068
-7.38 -44.33999999999999 -104.41199999999998
21.42 -41.652 -102.99600000000001
41.196 -20.148 -103.88400000000001
55.98 24.396000000000004 -104.484
57.324 67.788 -103.90800000000002
40.428 112.81200000000001 -104.244
13.932 163.21200000000002 -101.1
-19.092 199.59599999999998 -95.43599999999998
-53.46 233.292 -86.26799999999999
-90.804 247.59600000000003 -73.71599999999998
-136.404 247.40400000000002 -62.77199999999999
-160.98 221.00400000000002 -47.628
-170.196 180.10799999999995 -31.86
-158.964 151.116 -19.5
-128.34 139.5 -11.579999999999998
-90.516 142.476 -7.74
-54.41999999999999 167.24399999999997 -9.251999999999999
-25.044 197.1 -16.428
-24.467999999999996 234.54 -27.587999999999997
-20.82 263.82 -49.93199999999999
-41.652 255.084 -78.66
-81.684 162.732 -101.124
-94.25999999999998 51.66000000000001 -107.772
-61.23599999999998 -21.3 -107.00399999999999
-0.7560000000000006 -33.012 -105.13199999999999
57.995999999999995 -9.011999999999999 -102.564
109.16400000000002 21.995999999999995 -97.66799999999999
142.38 60.20399999999999 -90.756
139.98 118.476 -87.32400000000001
119.62799999999997 173.676 -83.89200000000001
68.556 211.884 -85.45200000000001
-6.996 242.50799999999998 -82.66799999999999
-93.01199999999999 241.26 -77.82
-168.084 214.668 -68.05199999999999
-219.05999999999997 163.21200000000002 -57.06
-239.12399999999997 106.38 -43.092
-231.73199999999997 48.587999999999994 -27.971999999999998
-194.58000000000004 -11.7 -15.42
-144.564 -52.01999999999999 -7.284
-88.788 -61.715999999999994 -1.4999999999999998
-47.98799999999999 -31.763999999999996 3.7560000000000002
-19.476000000000003 18.636 4.26
-6.996 74.604 2.292
-2.292 127.49999999999999 -3.8279999999999994
-16.884 190.188 -14.556
-31.188 226.57199999999997 -26.387999999999998
-50.29200000000001 258.53999999999996 -40.74
-69.012 263.724 -54.78
-90.32400000000001 252.588 -74.74799999999999
-91.668 203.82 -94.35600000000001
-75.82799999999999 129.70799999999997 -107.41199999999999
-52.5 65.00399999999999 -111.34800000000001
-36.083999999999996 24.011999999999997 -111.108
-32.81999999999999 20.94 -110.41199999999999
-57.10799999999999 100.13999999999999 -108.75599999999999
-92.81999999999998 195.75599999999997 -95.43599999999998
-116.34 245.29199999999997 -73.86
-132.66 248.65199999999996 -61.188
